2017.02.07 18:00:00.153,1.63687,1.63718,1.00,1.00
2017.02.07 18:00:00.203,1.63685,1.63718,3.00,1.00
2017.02.07 18:00:00.710,1.63686,1.63719,1.00,1.00
2017.02.07 18:00:00.811,1.63686,1.63722,1.00,1.00
2017.02.07 18:00:00.861,1.63688,1.63722,1.00,1.00
2017.02.07 18:00:01.304,1.63689,1.63727,1.37,1.50
2017.02.07 18:00:01.354,1.63689,1.63727,1.37,1.12
2017.02.07 18:00:01.885,1.63696,1.63725,1.00,1.00
2017.02.07 18:00:01.987,1.63695,1.6373,1.37,2.25
2017.02.07 18:00:02.038,1.63698,1.6373,1.00,1.75
2017.02.07 18:00:02.089,1.63696,1.63731,1.00,1.75
2017.02.07 18:00:02.140,1.63695,1.6373,3.00,1.00
2017.02.07 18:00:02.190,1.63697,1.63731,1.00,1.00
2017.02.07 18:00:02.493,1.63699,1.63732,1.00,1.00
2017.02.07 18:00:03.168,1.63701,1.63732,1.00,1.00
2017.02.07 18:00:03.219,1.63699,1.63732,1.00,1.00
2017.02.07 18:00:03.858,1.637,1.63732,1.50,1.00
2017.02.07 18:00:04.011,1.63703,1.63732,1.00,1.00
2017.02.07 18:00:04.163,1.63705,1.6374,1.50,1.12
2017.02.07 18:00:04.315,1.63707,1.63741,1.00,1.50
2017.02.07 18:00:04.668,1.63708,1.63743,1.50,1.12
2017.02.07 18:00:04.994,1.63712,1.63746,1.37,1.75
2017.02.07 18:00:05.281,1.63713,1.63749,2.25,1.00
2017.02.07 18:00:05.432,1.63712,1.63743,2.25,1.00
2017.02.07 18:00:05.534,1.63712,1.63748,1.75,3.00
2017.02.07 18:00:05.635,1.63712,1.63743,1.37,1.00
2017.02.07 18:00:05.685,1.63712,1.63743,1.00,1.00
2017.02.07 18:00:05.736,1.63712,1.63747,1.00,1.50
2017.02.07 18:00:06.254,1.63712,1.63747,1.87,1.00
2017.02.07 18:00:07.543,1.63716,1.63747,1.00,1.00
2017.02.07 18:00:08.595,1.63716,1.63753,1.00,1.87
2017.02.07 18:00:09.924,1.63716,1.63753,1.37,1.87
2017.02.07 18:00:10.026,1.63716,1.6375,1.12,1.00
2017.02.07 18:00:10.333,1.63716,1.63746,1.00,1.37
2017.02.07 18:00:10.434,1.63714,1.63745,1.50,1.00
2017.02.07 18:00:10.485,1.63712,1.63745,1.00,1.00
2017.02.07 18:00:10.587,1.6371,1.63744,1.00,1.12
2017.02.07 18:00:10.988,1.63713,1.63747,1.00,1.12
2017.02.07 18:00:11.341,1.63714,1.6375,1.12,1.87
2017.02.07 18:00:11.980,1.63714,1.6375,1.50,1.87
2017.02.07 18:00:12.081,1.63716,1.6375,1.00,1.37
2017.02.07 18:00:12.238,1.63715,1.63752,1.50,2.25
2017.02.07 18:00:13.014,1.63716,1.63751,1.00,1.37
2017.02.07 18:00:13.316,1.63712,1.63746,1.00,1.87
2017.02.07 18:00:13.518,1.63712,1.63745,1.00,1.00
2017.02.07 18:00:13.845,1.6371,1.63743,1.00,1.00
2017.02.07 18:00:14.047,1.63712,1.63747,1.37,1.00
2017.02.07 18:00:14.098,1.63713,1.63748,1.00,2.25
2017.02.07 18:00:14.412,1.63713,1.63743,1.00,1.00
2017.02.07 18:00:14.513,1.63709,1.63743,1.00,1.00
2017.02.07 18:00:14.715,1.63709,1.63745,2.25,1.00
2017.02.07 18:00:14.766,1.63711,1.63745,1.00,1.00
2017.02.07 18:00:14.929,1.63713,1.63748,1.00,1.50
2017.02.07 18:00:15.131,1.63713,1.63746,1.00,1.00
2017.02.07 18:00:15.786,1.63713,1.63748,1.00,2.21
2017.02.07 18:00:16.193,1.63721,1.63749,1.50,1.50
2017.02.07 18:00:16.294,1.63724,1.63757,1.12,1.50
2017.02.07 18:00:16.345,1.63722,1.63757,2.62,1.00
2017.02.07 18:00:16.547,1.63728,1.63758,1.00,1.00
2017.02.07 18:00:16.951,1.63726,1.63759,1.00,1.50
2017.02.07 18:00:17.402,1.63726,1.63763,1.87,1.50
2017.02.07 18:00:17.503,1.63729,1.63764,1.00,3.00
2017.02.07 18:00:18.127,1.63733,1.63764,1.00,1.00
2017.02.07 18:00:18.228,1.63735,1.63769,1.12,1.00
2017.02.07 18:00:18.331,1.63742,1.63773,1.00,2.62
2017.02.07 18:00:18.482,1.63744,1.63775,1.00,1.50
2017.02.07 18:00:18.634,1.63745,1.63775,1.37,1.00
2017.02.07 18:00:18.785,1.63745,1.63774,1.00,1.00
2017.02.07 18:00:18.836,1.63742,1.63778,1.00,2.25
2017.02.07 18:00:19.240,1.63741,1.63768,1.50,1.00
2017.02.07 18:00:19.341,1.63738,1.63773,1.37,1.00
2017.02.07 18:00:19.392,1.63739,1.63773,1.00,1.00
2017.02.07 18:00:19.493,1.63742,1.63773,1.00,1.00
2017.02.07 18:00:19.595,1.63742,1.63776,1.87,1.00
2017.02.07 18:00:19.696,1.63747,1.63778,1.00,1.12
2017.02.07 18:00:19.848,1.63747,1.63783,1.12,1.87
2017.02.07 18:00:20.276,1.6375,1.63783,1.00,1.12
2017.02.07 18:00:20.378,1.63752,1.63789,1.00,2.62
2017.02.07 18:00:20.782,1.63751,1.63789,2.25,1.75
2017.02.07 18:00:21.087,1.63751,1.63787,1.00,2.25
2017.02.07 18:00:21.941,1.63751,1.63785,1.00,1.12
2017.02.07 18:00:22.043,1.63751,1.63788,1.50,2.62
2017.02.07 18:00:22.112,1.63757,1.63788,1.00,2.25
2017.02.07 18:00:22.315,1.63751,1.63786,1.50,1.50
2017.02.07 18:00:22.366,1.63756,1.63786,1.00,1.50
2017.02.07 18:00:22.587,1.63752,1.63786,1.00,1.00
2017.02.07 18:00:22.638,1.6376,1.63789,1.09,1.00
2017.02.07 18:00:23.027,1.63757,1.63788,1.50,1.00
2017.02.07 18:00:23.330,1.63757,1.63793,1.50,1.37
2017.02.07 18:00:23.696,1.63757,1.63793,1.50,1.50
2017.02.07 18:00:23.748,1.63758,1.63793,1.37,1.50
2017.02.07 18:00:24.033,1.63767,1.638,1.50,1.00
2017.02.07 18:00:24.369,1.63771,1.63802,1.00,1.00
2017.02.07 18:00:24.420,1.6377,1.63805,2.62,1.00
2017.02.07 18:00:24.471,1.6377,1.63806,3.00,1.37
2017.02.07 18:00:24.774,1.63769,1.63802,2.25,1.00
2017.02.07 18:00:24.983,1.63762,1.63798,2.62,1.50
2017.02.07 18:00:25.034,1.63762,1.63798,1.50,1.50
2017.02.07 18:00:25.891,1.63773,1.63802,1.87,1.12
2017.02.07 18:00:26.094,1.63773,1.63806,1.00,1.50
2017.02.07 18:00:26.145,1.63771,1.63798,1.50,1.00
2017.02.07 18:00:26.297,1.63764,1.63796,1.50,1.12
2017.02.07 18:00:26.348,1.63758,1.63794,1.37,1.00
2017.02.07 18:00:26.399,1.63758,1.63794,1.00,1.00
2017.02.07 18:00:30.034,1.63758,1.63793,1.00,1.00
2017.02.07 18:00:30.525,1.63756,1.63791,1.50,1.00
2017.02.07 18:00:30.626,1.63757,1.63793,1.12,1.50
2017.02.07 18:00:31.151,1.63757,1.63791,1.12,1.00
2017.02.07 18:00:31.474,1.63753,1.6378,1.37,1.00
2017.02.07 18:00:31.525,1.63752,1.6378,1.12,1.00
2017.02.07 18:00:31.576,1.63752,1.63787,1.00,1.75
2017.02.07 18:00:31.728,1.63746,1.63784,1.87,1.84
2017.02.07 18:00:31.779,1.63746,1.6378,1.37,1.00
2017.02.07 18:00:31.930,1.63742,1.63778,1.12,1.50
2017.02.07 18:00:32.032,1.63741,1.63774,1.50,1.00
2017.02.07 18:00:32.540,1.63738,1.63774,1.37,3.00
2017.02.07 18:00:32.868,1.63747,1.6378,1.37,1.75
2017.02.07 18:00:32.919,1.63745,1.63779,1.87,1.12
2017.02.07 18:00:33.095,1.63743,1.63778,1.12,1.00
2017.02.07 18:00:33.247,1.63741,1.63775,1.50,1.00
2017.02.07 18:00:33.450,1.63733,1.63768,1.87,1.50
2017.02.07 18:00:33.601,1.63733,1.63768,1.50,1.37
2017.02.07 18:00:33.955,1.63737,1.63769,1.00,1.75
2017.02.07 18:00:34.006,1.63737,1.63769,1.00,1.00
2017.02.07 18:00:34.209,1.63734,1.63769,1.00,1.00
2017.02.07 18:00:34.552,1.63732,1.63769,2.25,1.37
2017.02.07 18:00:34.906,1.63732,1.63764,1.50,1.00
2017.02.07 18:00:35.218,1.63732,1.63761,1.00,1.00
2017.02.07 18:00:35.526,1.63734,1.63769,3.71,1.00
2017.02.07 18:00:35.894,1.63737,1.6377,1.00,1.00
2017.02.07 18:00:35.945,1.63735,1.6377,1.12,1.00
2017.02.07 18:00:36.454,1.63734,1.6377,1.12,1.50
2017.02.07 18:00:36.656,1.63734,1.63768,1.12,1.00
2017.02.07 18:00:36.979,1.63737,1.6377,1.00,1.50
2017.02.07 18:00:37.282,1.63732,1.6377,1.87,1.37
2017.02.07 18:00:37.334,1.63732,1.63763,1.12,1.12
2017.02.07 18:00:37.385,1.63732,1.63754,1.00,1.00
2017.02.07 18:00:37.591,1.63729,1.63757,1.00,1.37
2017.02.07 18:00:37.642,1.63729,1.63757,1.00,1.00
2017.02.07 18:00:37.846,1.63728,1.63761,1.00,1.87
2017.02.07 18:00:38.382,1.63729,1.6376,1.00,1.00
2017.02.07 18:00:38.433,1.6373,1.6376,1.37,1.00
2017.02.07 18:00:38.585,1.63733,1.6377,1.37,3.00
2017.02.07 18:00:39.135,1.63736,1.63769,1.37,1.00
2017.02.07 18:00:39.338,1.63741,1.63775,1.50,1.12
2017.02.07 18:00:39.691,1.63742,1.63774,1.00,1.50
2017.02.07 18:00:40.324,1.63742,1.63775,1.00,1.00
2017.02.07 18:00:40.375,1.63738,1.63774,1.00,1.50
2017.02.07 18:00:40.426,1.63736,1.63767,2.62,1.00
2017.02.07 18:00:40.628,1.63732,1.63768,2.62,1.50
2017.02.07 18:00:41.100,1.63734,1.63767,1.00,1.00
2017.02.07 18:00:41.403,1.63736,1.63767,1.00,1.00
2017.02.07 18:00:42.273,1.63737,1.63767,1.75,1.00
2017.02.07 18:00:42.425,1.63744,1.63776,1.00,1.75
2017.02.07 18:00:42.628,1.63742,1.63776,1.00,2.62
2017.02.07 18:00:43.152,1.63739,1.63774,1.12,1.12
2017.02.07 18:00:43.461,1.63739,1.6377,1.12,1.00
2017.02.07 18:00:43.948,1.63736,1.63772,2.25,1.50
2017.02.07 18:00:44.255,1.63737,1.63772,1.50,1.50
2017.02.07 18:00:44.615,1.63737,1.63772,2.25,1.00
2017.02.07 18:00:45.675,1.63739,1.63777,1.87,3.00
2017.02.07 18:00:45.726,1.63739,1.63777,1.87,2.25
2017.02.07 18:00:47.019,1.63739,1.63775,2.25,1.00
2017.02.07 18:00:47.120,1.63738,1.63775,1.50,1.87
2017.02.07 18:00:47.171,1.63738,1.63774,1.12,3.37
2017.02.07 18:00:47.323,1.63738,1.63772,1.12,1.37
2017.02.07 18:00:47.626,1.63723,1.63756,1.37,1.00
2017.02.07 18:00:47.677,1.63723,1.63756,1.00,1.00
2017.02.07 18:00:47.728,1.63721,1.63754,1.00,1.00
2017.02.07 18:00:47.778,1.63719,1.63753,1.12,1.00
2017.02.07 18:00:48.031,1.63719,1.63753,1.37,1.00
2017.02.07 18:00:49.123,1.63717,1.63753,1.75,1.37
2017.02.07 18:00:51.093,1.63717,1.63752,1.00,1.50
2017.02.07 18:00:51.345,1.63717,1.63748,1.00,1.75
2017.02.07 18:00:51.598,1.63709,1.6374,1.12,1.00
2017.02.07 18:00:51.851,1.63706,1.63734,1.00,1.12
2017.02.07 18:00:52.075,1.63701,1.63733,1.00,1.00
2017.02.07 18:00:52.126,1.63703,1.63736,1.00,1.37
2017.02.07 18:00:53.495,1.63702,1.63736,1.50,1.87
2017.02.07 18:00:56.463,1.63698,1.63736,1.37,1.87
2017.02.07 18:00:56.988,1.63698,1.63735,1.50,1.12
2017.02.07 18:00:58.273,1.63698,1.63733,1.00,1.00
2017.02.07 18:01:00.617,1.63697,1.63732,1.87,1.00
2017.02.07 18:01:02.167,1.63697,1.63731,1.12,1.00
2017.02.07 18:01:02.811,1.63697,1.63732,1.12,1.00
2017.02.07 18:01:06.284,1.63696,1.63731,2.62,1.00
2017.02.07 18:01:09.146,1.63697,1.63731,1.00,1.37
2017.02.07 18:01:12.208,1.63692,1.63726,1.12,1.50
2017.02.07 18:01:12.259,1.6369,1.63726,1.37,1.87
2017.02.07 18:01:12.714,1.63691,1.63727,1.00,1.87
2017.02.07 18:01:13.962,1.63692,1.63728,1.00,1.37
2017.02.07 18:01:14.633,1.63692,1.63728,1.87,1.37
2017.02.07 18:01:14.835,1.63694,1.63729,2.25,1.50
2017.02.07 18:01:14.891,1.63696,1.63732,1.87,1.12
2017.02.07 18:01:16.068,1.63698,1.63733,1.00,1.12
2017.02.07 18:01:16.118,1.63698,1.63735,1.50,2.25
2017.02.07 18:01:16.169,1.63701,1.63734,1.00,1.75
2017.02.07 18:01:16.473,1.637,1.63738,1.87,4.87
2017.02.07 18:01:16.523,1.637,1.63738,1.50,4.50
2017.02.07 18:01:17.340,1.63704,1.63735,1.12,1.00
2017.02.07 18:01:17.565,1.63706,1.6374,1.00,1.12
2017.02.07 18:01:17.666,1.63706,1.63739,1.00,1.37
2017.02.07 18:01:17.768,1.63704,1.63739,1.87,1.87
2017.02.07 18:01:17.818,1.63707,1.63737,1.00,1.00
2017.02.07 18:01:18.020,1.63703,1.63735,2.25,1.00
2017.02.07 18:01:18.122,1.63701,1.63735,1.87,1.00
2017.02.07 18:01:18.223,1.63698,1.63732,1.00,1.00
2017.02.07 18:01:18.596,1.63699,1.63732,1.37,1.00
2017.02.07 18:01:18.697,1.63701,1.63735,1.50,1.37
2017.02.07 18:01:19.613,1.63699,1.63734,1.00,1.00
2017.02.07 18:01:19.664,1.63707,1.63735,1.00,1.50
2017.02.07 18:01:20.220,1.63711,1.63735,1.00,1.50
2017.02.07 18:01:20.321,1.63707,1.63735,1.00,1.50
2017.02.07 18:01:20.743,1.63711,1.63735,1.00,1.00
2017.02.07 18:01:20.794,1.63711,1.63742,1.00,1.00
2017.02.07 18:01:21.299,1.63712,1.63745,1.12,1.75
2017.02.07 18:01:21.350,1.63717,1.63745,1.00,1.75
2017.02.07 18:01:21.401,1.63717,1.63749,1.75,1.00
2017.02.07 18:01:21.502,1.63723,1.6375,1.50,1.12
2017.02.07 18:01:21.604,1.63727,1.63755,1.37,1.00
2017.02.07 18:01:21.705,1.63727,1.63757,1.00,1.00
2017.02.07 18:01:21.907,1.63725,1.63762,1.50,3.00
2017.02.07 18:01:22.008,1.63725,1.63762,2.25,2.25
2017.02.07 18:01:22.764,1.63728,1.63764,2.25,3.00
2017.02.07 18:01:23.175,1.63737,1.63767,1.00,1.75
2017.02.07 18:01:23.231,1.63736,1.63772,1.75,2.25
2017.02.07 18:01:23.433,1.63735,1.63769,1.87,2.25
2017.02.07 18:01:23.484,1.63735,1.63767,1.12,1.37
2017.02.07 18:01:23.737,1.63727,1.63764,1.50,1.87
2017.02.07 18:01:24.362,1.63727,1.63763,1.50,1.00
2017.02.07 18:01:24.995,1.63732,1.6376,1.00,1.00
2017.02.07 18:01:25.503,1.63732,1.63764,1.00,2.25
2017.02.07 18:01:25.604,1.63732,1.63764,1.00,1.87
2017.02.07 18:01:27.844,1.63737,1.63764,1.00,1.87
2017.02.07 18:01:28.151,1.63732,1.63764,1.00,1.87
2017.02.07 18:01:28.303,1.63732,1.63761,1.00,1.00
2017.02.07 18:01:28.984,1.63732,1.63761,1.00,1.50
2017.02.07 18:01:29.162,1.63727,1.63761,1.87,1.50
2017.02.07 18:01:29.314,1.63726,1.63764,2.25,2.25
2017.02.07 18:01:29.584,1.63728,1.63764,1.87,1.00
2017.02.07 18:01:30.713,1.63732,1.63765,1.50,1.00
2017.02.07 18:01:30.915,1.63735,1.6377,2.25,1.00
2017.02.07 18:01:31.442,1.63734,1.63769,1.37,1.50
2017.02.07 18:01:31.763,1.63734,1.63766,1.00,1.00
2017.02.07 18:01:36.263,1.63734,1.63769,1.50,1.00
2017.02.07 18:01:39.031,1.63734,1.63768,1.00,1.00
2017.02.07 18:01:39.132,1.63734,1.63769,1.00,1.87
2017.02.07 18:01:39.183,1.63731,1.63767,2.62,1.37
2017.02.07 18:01:39.234,1.63731,1.63765,1.87,1.37
2017.02.07 18:01:39.335,1.63728,1.63763,1.00,2.25
2017.02.07 18:01:39.865,1.63727,1.63762,1.00,1.50
2017.02.07 18:01:42.295,1.63726,1.63761,1.50,1.12
2017.02.07 18:01:42.447,1.63726,1.63759,1.50,1.00
2017.02.07 18:01:43.339,1.63726,1.63761,1.87,1.00
2017.02.07 18:01:46.028,1.63726,1.63763,1.87,3.00
2017.02.07 18:01:46.550,1.63727,1.63763,1.50,2.25
2017.02.07 18:01:47.327,1.63727,1.63762,1.50,1.00
2017.02.07 18:01:49.972,1.63726,1.63762,1.50,1.00
2017.02.07 18:01:50.023,1.63726,1.63754,1.00,1.00
2017.02.07 18:01:50.175,1.63722,1.63752,1.50,1.00
2017.02.07 18:01:50.427,1.63719,1.63755,1.00,1.75
2017.02.07 18:01:50.982,1.63718,1.63754,1.00,1.50
2017.02.07 18:01:51.133,1.63717,1.63751,1.50,1.00
2017.02.07 18:01:51.437,1.63714,1.6375,1.12,1.87
2017.02.07 18:01:51.740,1.63714,1.63748,1.00,1.50
2017.02.07 18:01:51.790,1.63714,1.63748,1.87,1.12
2017.02.07 18:01:52.144,1.63714,1.63749,1.00,1.50
2017.02.07 18:01:52.245,1.63716,1.63748,1.37,2.25
2017.02.07 18:01:52.830,1.63717,1.63749,1.12,1.50
2017.02.07 18:01:54.361,1.63716,1.63748,1.37,1.12
2017.02.07 18:01:54.558,1.63721,1.63752,1.00,1.12
2017.02.07 18:01:55.741,1.6372,1.63752,1.00,1.00
2017.02.07 18:01:56.668,1.63721,1.63752,1.00,1.00
2017.02.07 18:01:57.545,1.6372,1.63752,1.00,1.00
2017.02.07 18:01:58.043,1.6372,1.63751,1.00,1.37
2017.02.07 18:01:59.463,1.63721,1.63751,1.00,1.37
2017.02.07 18:01:59.564,1.63721,1.63752,1.00,1.50
2017.02.07 18:02:00.077,1.63721,1.63751,1.00,1.00
2017.02.07 18:02:00.178,1.63716,1.63751,2.62,1.50
2017.02.07 18:02:00.229,1.63719,1.63751,1.00,1.50
2017.02.07 18:02:00.579,1.63721,1.63752,1.00,1.75
2017.02.07 18:02:01.066,1.63715,1.63752,1.00,1.75
2017.02.07 18:02:01.471,1.63715,1.63752,1.37,3.75
2017.02.07 18:02:01.522,1.63714,1.63748,1.50,1.00
2017.02.07 18:02:02.035,1.63712,1.63747,2.25,1.00
2017.02.07 18:02:02.187,1.63713,1.63747,1.50,1.00
2017.02.07 18:02:02.288,1.63713,1.63749,1.50,1.00
2017.02.07 18:02:02.832,1.63714,1.63751,2.25,1.50
2017.02.07 18:02:02.934,1.63716,1.63753,1.50,3.00
2017.02.07 18:02:02.985,1.63716,1.63752,1.75,1.12
2017.02.07 18:02:03.289,1.63715,1.63738,1.00,1.00
2017.02.07 18:02:03.340,1.63706,1.63737,1.00,1.00
2017.02.07 18:02:03.542,1.63702,1.63736,1.50,1.00
2017.02.07 18:02:03.594,1.63702,1.63736,1.00,1.12
2017.02.07 18:02:03.796,1.63697,1.6373,2.25,1.00
2017.02.07 18:02:04.140,1.63701,1.63729,1.00,1.12
2017.02.07 18:02:04.191,1.63697,1.63729,1.12,1.12
2017.02.07 18:02:04.343,1.63697,1.63733,1.50,3.75
2017.02.07 18:02:04.394,1.63697,1.63733,1.00,4.12
2017.02.07 18:02:04.638,1.63697,1.63733,1.00,3.37
2017.02.07 18:02:04.790,1.63697,1.63731,1.00,1.00
2017.02.07 18:02:05.864,1.63696,1.63731,1.50,1.00
2017.02.07 18:02:06.518,1.63696,1.63731,1.00,1.75
2017.02.07 18:02:07.076,1.63702,1.6373,1.00,2.25
2017.02.07 18:02:07.380,1.63691,1.63714,1.00,1.00
2017.02.07 18:02:07.482,1.63687,1.63714,1.00,1.00
2017.02.07 18:02:07.634,1.63687,1.63718,1.00,1.12
2017.02.07 18:02:07.685,1.63685,1.63718,1.00,1.12
2017.02.07 18:02:08.865,1.63686,1.63721,1.00,1.75
2017.02.07 18:02:08.916,1.63687,1.63721,1.00,1.00
2017.02.07 18:02:09.706,1.63686,1.63721,1.00,1.00
2017.02.07 18:02:10.698,1.63686,1.63721,1.87,1.87
2017.02.07 18:02:11.001,1.63676,1.63706,1.00,1.75
2017.02.07 18:02:11.103,1.63677,1.63706,1.00,1.00
2017.02.07 18:02:11.154,1.63672,1.63706,1.87,1.00
2017.02.07 18:02:11.305,1.63671,1.63705,2.25,1.00
2017.02.07 18:02:12.431,1.63677,1.63705,1.00,1.50
2017.02.07 18:02:14.072,1.63677,1.63705,1.46,1.00
2017.02.07 18:02:14.174,1.63678,1.63705,1.00,1.00
2017.02.07 18:02:14.275,1.63677,1.63709,1.00,1.87
2017.02.07 18:02:14.427,1.63673,1.63709,1.37,3.00
2017.02.07 18:02:14.528,1.63676,1.63712,1.12,2.25
2017.02.07 18:02:14.629,1.63676,1.63712,1.37,1.50
2017.02.07 18:02:14.934,1.63678,1.63712,1.37,1.00
2017.02.07 18:02:15.399,1.63676,1.63712,3.37,1.87
2017.02.07 18:02:15.829,1.63676,1.63712,1.50,1.50
2017.02.07 18:02:16.654,1.63676,1.63711,1.00,1.50
2017.02.07 18:02:16.705,1.63676,1.63711,1.12,1.87
2017.02.07 18:02:16.941,1.63676,1.63709,1.12,1.37
2017.02.07 18:02:16.992,1.63672,1.63707,1.87,1.00
2017.02.07 18:02:17.093,1.63672,1.63707,2.25,1.00
2017.02.07 18:02:17.144,1.63672,1.63707,2.25,1.00
2017.02.07 18:02:17.195,1.63672,1.63707,2.25,1.00
2017.02.07 18:02:17.347,1.63676,1.6371,1.00,1.00
2017.02.07 18:02:17.601,1.63674,1.63708,1.87,1.00
2017.02.07 18:02:18.446,1.63674,1.63708,1.87,1.12
2017.02.07 18:02:18.623,1.63673,1.63708,1.00,1.12
2017.02.07 18:02:19.163,1.63674,1.63707,1.12,1.00
2017.02.07 18:02:19.674,1.63675,1.63707,1.00,1.00
2017.02.07 18:02:20.302,1.63675,1.63708,1.00,1.12
2017.02.07 18:02:21.187,1.63674,1.63708,1.50,1.12
2017.02.07 18:02:21.288,1.63669,1.63703,3.37,1.00
2017.02.07 18:02:21.642,1.63669,1.63704,3.00,1.50
2017.02.07 18:02:22.153,1.63673,1.63707,1.87,2.25
2017.02.07 18:02:22.543,1.63672,1.637,1.00,1.00
2017.02.07 18:02:22.594,1.6366,1.63694,1.12,1.00
2017.02.07 18:02:22.645,1.6366,1.63694,1.12,1.84
2017.02.07 18:02:22.746,1.63657,1.63692,1.75,1.09
2017.02.07 18:02:22.797,1.63656,1.6369,3.00,1.00
2017.02.07 18:02:23.100,1.63661,1.63694,1.34,2.25
2017.02.07 18:02:23.252,1.63661,1.63694,1.34,1.50
2017.02.07 18:02:23.354,1.63662,1.63694,1.00,1.00
2017.02.07 18:02:23.505,1.63664,1.63698,1.12,1.75
2017.02.07 18:02:23.657,1.63667,1.63702,1.12,1.84
2017.02.07 18:02:25.163,1.63666,1.63698,1.37,1.00
2017.02.07 18:02:25.471,1.63665,1.63693,1.00,1.00
2017.02.07 18:02:25.522,1.63665,1.63699,1.00,1.37
2017.02.07 18:02:25.573,1.63665,1.63699,1.00,1.75
2017.02.07 18:02:25.674,1.63665,1.63698,1.75,1.00
2017.02.07 18:02:25.867,1.63664,1.63698,1.00,1.00
2017.02.07 18:02:26.191,1.63667,1.637,1.00,1.50
2017.02.07 18:02:26.725,1.63668,1.63704,1.00,3.00
2017.02.07 18:02:28.634,1.63672,1.63703,1.34,1.75
2017.02.07 18:02:28.786,1.63673,1.63704,1.00,1.34
2017.02.07 18:02:28.837,1.63673,1.63699,1.00,1.00
2017.02.07 18:02:29.039,1.63666,1.63699,1.12,1.34
2017.02.07 18:02:29.140,1.63672,1.63701,1.00,1.12
2017.02.07 18:02:29.561,1.63667,1.63698,1.84,1.00
2017.02.07 18:02:29.662,1.63672,1.63702,1.00,1.00
2017.02.07 18:02:29.764,1.63669,1.63704,2.36,1.00
2017.02.07 18:02:29.856,1.63672,1.63707,2.21,1.12
2017.02.07 18:02:29.907,1.63676,1.63709,1.00,1.50
2017.02.07 18:02:30.110,1.63677,1.63713,1.00,1.50
2017.02.07 18:02:30.694,1.63676,1.63713,1.12,1.00
2017.02.07 18:02:30.795,1.63675,1.63704,1.50,1.37
2017.02.07 18:02:30.897,1.63669,1.63697,1.00,1.00
2017.02.07 18:02:30.998,1.63667,1.63699,1.00,1.12
2017.02.07 18:02:31.049,1.63665,1.63698,1.00,1.50
2017.02.07 18:02:31.100,1.63663,1.63698,1.50,2.25
2017.02.07 18:02:31.622,1.63664,1.63697,1.00,1.12
2017.02.07 18:02:32.809,1.63663,1.63698,2.25,1.50
2017.02.07 18:02:33.112,1.63666,1.63698,1.37,2.25
2017.02.07 18:02:33.163,1.63666,1.63698,1.12,2.25
2017.02.07 18:02:33.815,1.63664,1.63697,1.37,1.12
2017.02.07 18:02:34.342,1.63667,1.63697,1.12,1.12
2017.02.07 18:02:34.494,1.63667,1.63699,1.12,1.00
2017.02.07 18:02:34.968,1.63667,1.63694,1.00,1.34
2017.02.07 18:02:35.019,1.63661,1.63693,1.75,1.34
2017.02.07 18:02:35.070,1.63661,1.63691,1.12,1.34
2017.02.07 18:02:35.121,1.63664,1.63691,1.00,1.34
2017.02.07 18:02:35.223,1.63661,1.63695,1.00,1.09
2017.02.07 18:02:35.732,1.63662,1.63695,1.00,1.09
2017.02.07 18:02:36.112,1.63663,1.63698,1.84,2.25
2017.02.07 18:02:36.315,1.63667,1.637,1.09,1.00
2017.02.07 18:02:36.416,1.63669,1.63704,1.50,1.50
2017.02.07 18:02:37.512,1.63669,1.63704,1.87,1.00
2017.02.07 18:02:37.712,1.63669,1.63704,1.37,1.50
2017.02.07 18:02:38.099,1.63674,1.63705,1.37,1.00
2017.02.07 18:02:38.150,1.63674,1.63708,1.50,1.00
2017.02.07 18:02:38.251,1.63675,1.6371,1.12,1.12
2017.02.07 18:02:38.772,1.63675,1.63711,1.87,1.12
2017.02.07 18:02:40.332,1.63675,1.63703,1.12,1.00
2017.02.07 18:02:40.472,1.63671,1.63703,2.25,1.00
2017.02.07 18:02:40.573,1.63671,1.63708,3.00,1.57
2017.02.07 18:02:40.930,1.63672,1.63708,1.00,3.00
2017.02.07 18:02:41.104,1.63668,1.63703,1.37,1.57
2017.02.07 18:02:41.256,1.63666,1.63703,1.87,2.02
2017.02.07 18:02:41.307,1.63666,1.63703,2.62,1.57
2017.02.07 18:02:41.845,1.63664,1.63701,1.75,2.25
2017.02.07 18:02:42.226,1.63664,1.63698,2.25,1.00
2017.02.07 18:02:42.821,1.63664,1.63701,2.25,1.37
2017.02.07 18:02:42.872,1.63667,1.63701,1.12,1.00
2017.02.07 18:02:43.327,1.63665,1.63698,1.50,1.00
2017.02.07 18:02:43.680,1.63662,1.63696,2.25,1.00
2017.02.07 18:02:43.782,1.63662,1.63694,1.00,1.00
2017.02.07 18:02:43.833,1.6366,1.63694,1.50,1.00
2017.02.07 18:02:44.848,1.63659,1.63694,1.12,1.00
2017.02.07 18:02:46.165,1.63662,1.63694,1.00,1.00
2017.02.07 18:02:46.860,1.6366,1.63697,2.62,3.00
2017.02.07 18:02:47.395,1.63664,1.63697,1.00,2.25
2017.02.07 18:02:50.134,1.63666,1.63699,1.00,1.75
2017.02.07 18:02:50.439,1.63668,1.63702,1.00,2.25
2017.02.07 18:02:50.490,1.63668,1.63702,1.00,2.25
2017.02.07 18:02:50.642,1.63668,1.63699,1.00,1.00
2017.02.07 18:02:50.693,1.63666,1.63701,1.50,1.12
2017.02.07 18:02:50.744,1.63672,1.63702,1.12,2.25
2017.02.07 18:02:51.047,1.63678,1.63711,1.46,1.12
2017.02.07 18:02:51.193,1.63679,1.63714,1.12,2.25
2017.02.07 18:02:51.244,1.63682,1.63713,1.00,1.75
2017.02.07 18:02:51.295,1.63678,1.6371,1.00,1.00
2017.02.07 18:02:51.823,1.63679,1.6371,1.00,1.00
2017.02.07 18:02:52.357,1.63678,1.6371,1.00,1.00
2017.02.07 18:02:52.990,1.63677,1.6371,1.50,1.00
2017.02.07 18:02:53.954,1.63677,1.63711,1.00,1.12
2017.02.07 18:02:54.519,1.63676,1.63711,3.00,1.12
2017.02.07 18:02:54.822,1.63682,1.63711,1.00,1.12
2017.02.07 18:02:55.330,1.63681,1.63713,1.00,1.75
2017.02.07 18:03:00.354,1.63677,1.63714,1.00,1.75
2017.02.07 18:03:00.561,1.63681,1.63714,1.00,1.75
2017.02.07 18:03:00.916,1.63677,1.63713,1.50,1.75
2017.02.07 18:03:03.312,1.63678,1.63714,1.00,2.25
2017.02.07 18:03:06.449,1.63677,1.63714,1.00,2.25
2017.02.07 18:03:06.550,1.63677,1.6371,1.00,1.37
2017.02.07 18:03:07.087,1.63681,1.63708,1.00,1.00
2017.02.07 18:03:10.721,1.63676,1.63708,3.00,1.00
2017.02.07 18:03:10.874,1.63678,1.63708,1.00,1.00
2017.02.07 18:03:11.379,1.63677,1.63708,1.00,1.00
2017.02.07 18:03:11.746,1.63679,1.63708,1.00,1.00
2017.02.07 18:03:12.608,1.63678,1.63708,1.00,1.00
2017.02.07 18:03:12.918,1.63681,1.63708,1.00,1.00
2017.02.07 18:03:13.335,1.63678,1.63708,1.00,1.00
2017.02.07 18:03:14.686,1.63678,1.63712,1.50,1.87
2017.02.07 18:03:14.838,1.63679,1.63713,1.37,2.62
2017.02.07 18:03:15.341,1.6368,1.63713,1.00,2.62
2017.02.07 18:03:16.929,1.63682,1.63713,1.00,1.37
2017.02.07 18:03:19.417,1.63678,1.63713,1.50,1.37
2017.02.07 18:03:20.528,1.63682,1.63714,1.00,2.25
2017.02.07 18:03:20.831,1.63687,1.63716,1.09,2.25
2017.02.07 18:03:20.881,1.63687,1.63716,1.09,1.50
2017.02.07 18:03:21.054,1.63688,1.63719,1.00,1.50
2017.02.07 18:03:21.583,1.63689,1.63719,1.00,1.50
2017.02.07 18:03:21.836,1.63696,1.63721,1.00,1.37
2017.02.07 18:03:21.988,1.63696,1.63727,1.00,1.12
2017.02.07 18:03:22.190,1.63693,1.63723,3.75,1.00
2017.02.07 18:03:22.367,1.63693,1.63721,1.50,1.00
2017.02.07 18:03:22.469,1.63687,1.63717,1.00,1.00
2017.02.07 18:03:22.993,1.63686,1.63717,1.00,1.50
2017.02.07 18:03:23.542,1.63686,1.63719,1.50,1.00
2017.02.07 18:03:23.593,1.63686,1.63714,1.34,1.00
2017.02.07 18:03:24.164,1.63688,1.63719,1.34,1.00
2017.02.07 18:03:26.163,1.63692,1.63723,1.12,1.84
2017.02.07 18:03:26.365,1.63692,1.63723,2.21,1.50
2017.02.07 18:03:26.416,1.63697,1.63728,1.87,1.00
2017.02.07 18:03:26.517,1.63698,1.63731,1.84,1.12
2017.02.07 18:03:26.619,1.637,1.63733,1.46,1.50
2017.02.07 18:03:26.720,1.63705,1.63733,1.00,1.00
2017.02.07 18:03:26.822,1.63701,1.63733,1.84,1.00
2017.02.07 18:03:27.828,1.63702,1.63738,1.46,3.00
2017.02.07 18:03:28.845,1.63702,1.63738,1.46,2.62
2017.02.07 18:03:29.240,1.63704,1.63738,1.00,1.12
2017.02.07 18:03:33.366,1.63702,1.63737,1.09,1.37
2017.02.07 18:03:33.727,1.63705,1.63738,1.00,1.12
2017.02.07 18:03:33.980,1.6371,1.63744,1.12,1.00
2017.02.07 18:03:34.131,1.63712,1.63744,1.00,1.00
2017.02.07 18:03:34.283,1.63712,1.63746,1.00,1.00
2017.02.07 18:03:34.535,1.63715,1.63744,1.00,1.00
2017.02.07 18:03:34.728,1.63713,1.63744,1.00,1.00
2017.02.07 18:03:35.614,1.63712,1.63744,1.50,1.00
2017.02.07 18:03:36.798,1.63712,1.63748,1.50,1.12
2017.02.07 18:03:36.951,1.63716,1.63749,1.00,1.75
2017.02.07 18:03:42.202,1.63713,1.63748,1.00,1.75
2017.02.07 18:03:42.657,1.63712,1.63743,3.00,1.00
2017.02.07 18:03:42.927,1.63712,1.63747,2.25,1.12
2017.02.07 18:03:42.978,1.63714,1.63749,1.00,1.75
2017.02.07 18:03:43.322,1.63712,1.63749,2.62,1.75
2017.02.07 18:03:43.390,1.63714,1.63749,1.00,1.75
2017.02.07 18:03:44.788,1.63714,1.6375,1.37,3.00
2017.02.07 18:03:44.933,1.63712,1.63744,1.50,1.00
2017.02.07 18:03:45.152,1.63709,1.63744,1.50,1.00
2017.02.07 18:03:45.203,1.6371,1.63744,1.50,1.00
2017.02.07 18:03:45.304,1.6371,1.63745,1.12,1.00
2017.02.07 18:03:45.910,1.63709,1.63743,4.12,1.00
2017.02.07 18:03:46.062,1.6371,1.63746,1.50,1.87
2017.02.07 18:03:46.415,1.63709,1.63743,3.37,1.00
2017.02.07 18:03:48.192,1.63712,1.63746,1.12,1.87
2017.02.07 18:03:48.294,1.63711,1.63746,1.75,1.12
2017.02.07 18:03:48.445,1.63715,1.6375,1.87,1.50
2017.02.07 18:03:48.790,1.63717,1.63753,1.75,2.25
2017.02.07 18:03:49.043,1.63721,1.63754,3.00,1.00
2017.02.07 18:03:49.261,1.63719,1.63751,1.87,1.00
2017.02.07 18:03:49.464,1.63715,1.63748,1.00,1.12
2017.02.07 18:03:50.019,1.63714,1.63748,1.50,1.12
2017.02.07 18:03:50.336,1.63714,1.63744,1.00,1.00
2017.02.07 18:03:50.580,1.63715,1.63748,1.87,1.12
2017.02.07 18:03:50.668,1.63718,1.63748,1.37,1.12
2017.02.07 18:03:50.820,1.63719,1.63754,2.25,1.87
2017.02.07 18:03:50.921,1.6372,1.63753,1.37,1.00
2017.02.07 18:03:52.948,1.63722,1.63756,1.87,2.25
2017.02.07 18:03:54.190,1.63724,1.63756,1.00,1.75
2017.02.07 18:03:54.392,1.63725,1.63758,1.00,1.00
2017.02.07 18:03:54.926,1.63725,1.63759,1.00,1.50
2017.02.07 18:03:55.239,1.63723,1.63759,1.87,1.50
2017.02.07 18:03:57.477,1.63724,1.63759,1.00,1.50
2017.02.07 18:03:57.985,1.63723,1.63759,1.00,1.50
2017.02.07 18:03:58.495,1.63723,1.63758,1.00,1.00
2017.02.07 18:03:59.501,1.63723,1.63754,1.00,1.00
2017.02.07 18:03:59.993,1.63721,1.63752,2.25,1.00
2017.02.07 18:04:00.304,1.63721,1.63746,1.00,1.50
2017.02.07 18:04:00.355,1.63713,1.63743,1.00,1.00
2017.02.07 18:04:00.507,1.6371,1.63743,1.00,1.12
2017.02.07 18:04:01.043,1.63709,1.63743,1.00,1.87
2017.02.07 18:04:02.463,1.63709,1.63742,1.00,1.00
2017.02.07 18:04:03.360,1.63709,1.63741,1.00,1.00
2017.02.07 18:04:03.905,1.63708,1.63742,1.00,1.00
2017.02.07 18:04:04.007,1.63708,1.63742,1.37,1.00
2017.02.07 18:04:04.549,1.63708,1.63743,1.37,2.62
2017.02.07 18:04:08.909,1.63708,1.63742,1.37,1.00
2017.02.07 18:04:11.093,1.63709,1.63743,1.37,2.62
2017.02.07 18:04:11.616,1.63712,1.63743,1.00,1.87
2017.02.07 18:04:12.246,1.63711,1.63743,1.00,1.12
2017.02.07 18:04:13.207,1.63717,1.63744,1.00,2.25
2017.02.07 18:04:13.258,1.63715,1.63744,1.00,2.25
2017.02.07 18:04:13.309,1.63714,1.63747,1.12,1.12
2017.02.07 18:04:13.512,1.63717,1.6375,1.00,2.25
2017.02.07 18:04:14.217,1.63719,1.6375,1.00,1.75
2017.02.07 18:04:14.562,1.63725,1.6376,1.50,3.37
2017.02.07 18:04:14.613,1.63725,1.6376,1.12,1.37
2017.02.07 18:04:14.766,1.63726,1.6376,1.37,1.37
2017.02.07 18:04:14.920,1.63728,1.63762,1.00,1.00
2017.02.07 18:04:15.122,1.63728,1.63759,1.00,1.00
2017.02.07 18:04:15.631,1.63725,1.63756,1.12,1.00
2017.02.07 18:04:15.682,1.63722,1.63757,1.75,1.12
2017.02.07 18:04:15.733,1.63722,1.63754,1.00,1.00
2017.02.07 18:04:15.784,1.6372,1.63754,1.12,1.00
2017.02.07 18:04:15.835,1.6372,1.63751,1.12,1.00
2017.02.07 18:04:15.987,1.63715,1.63747,1.00,1.00
2017.02.07 18:04:16.310,1.63714,1.63747,1.00,1.75
2017.02.07 18:04:17.207,1.63715,1.63747,1.00,1.75
2017.02.07 18:04:18.347,1.63716,1.63747,1.00,1.75
2017.02.07 18:04:18.763,1.63721,1.6375,1.00,1.75
2017.02.07 18:04:18.814,1.63721,1.63752,1.37,1.87
2017.02.07 18:04:18.915,1.63717,1.63754,3.75,2.25
2017.02.07 18:04:19.319,1.63717,1.63752,2.25,1.00
2017.02.07 18:04:19.726,1.63717,1.63751,1.50,1.50
2017.02.07 18:04:25.567,1.63722,1.63751,2.62,1.50
2017.02.07 18:04:25.735,1.63727,1.63757,1.00,1.46
2017.02.07 18:04:25.937,1.63726,1.6376,1.50,1.00
2017.02.07 18:04:25.989,1.63724,1.63761,2.62,3.00
2017.02.07 18:04:27.208,1.63726,1.63759,1.12,1.00
2017.02.07 18:04:27.511,1.63721,1.63753,1.00,1.34
2017.02.07 18:04:27.965,1.63719,1.63753,2.25,1.34
2017.02.07 18:04:28.231,1.63717,1.63748,1.50,1.00
2017.02.07 18:04:28.515,1.63717,1.63751,1.00,1.12
2017.02.07 18:04:29.111,1.63718,1.63752,1.00,1.50
2017.02.07 18:04:29.617,1.63717,1.63752,1.12,1.50
2017.02.07 18:04:29.718,1.63716,1.63749,1.87,1.00
2017.02.07 18:04:30.117,1.63717,1.63751,1.00,1.12
2017.02.07 18:04:30.730,1.63718,1.63753,1.50,1.87
2017.02.07 18:04:30.882,1.63718,1.63754,2.62,3.00
2017.02.07 18:04:30.983,1.63718,1.63748,2.62,1.00
2017.02.07 18:04:31.149,1.63719,1.6375,1.12,1.00
2017.02.07 18:04:31.760,1.63719,1.63751,1.12,1.00
2017.02.07 18:04:32.235,1.63724,1.63751,1.50,1.00
2017.02.07 18:04:32.285,1.63726,1.63758,1.00,1.50
2017.02.07 18:04:32.467,1.63727,1.63761,1.87,1.00
2017.02.07 18:04:32.518,1.63728,1.63761,1.75,1.00
2017.02.07 18:04:32.670,1.63731,1.63763,1.00,1.00
2017.02.07 18:04:32.771,1.63731,1.63765,1.50,1.00
2017.02.07 18:04:33.275,1.63731,1.63764,1.12,1.00
2017.02.07 18:04:33.859,1.63737,1.63768,1.37,2.62
2017.02.07 18:04:33.962,1.6374,1.6377,1.00,1.00
2017.02.07 18:04:34.511,1.63739,1.63769,1.12,1.00
2017.02.07 18:04:34.612,1.63739,1.63773,1.12,1.84
2017.02.07 18:04:34.916,1.63737,1.63768,1.75,1.00
2017.02.07 18:04:36.744,1.63736,1.63769,3.75,1.00
2017.02.07 18:04:36.795,1.63736,1.63773,4.50,1.84
2017.02.07 18:04:37.116,1.63736,1.63769,3.75,1.00
2017.02.07 18:04:37.853,1.63736,1.63768,3.75,1.00
2017.02.07 18:04:38.565,1.63736,1.63769,3.75,1.00
2017.02.07 18:04:40.997,1.63738,1.63768,1.50,1.00
2017.02.07 18:04:41.976,1.6374,1.63768,1.00,1.00
2017.02.07 18:04:42.503,1.63739,1.63768,1.12,1.00
2017.02.07 18:04:42.616,1.63739,1.63773,1.12,1.84
2017.02.07 18:04:44.819,1.63739,1.63775,1.12,1.50
2017.02.07 18:04:45.051,1.6374,1.63773,1.00,1.00
2017.02.07 18:04:45.636,1.6374,1.63777,3.00,1.87
2017.02.07 18:04:46.176,1.63745,1.63778,1.12,1.00
2017.02.07 18:04:47.146,1.63749,1.63781,1.50,3.75
2017.02.07 18:04:47.467,1.63757,1.63779,1.00,1.00
2017.02.07 18:04:47.518,1.63749,1.63779,3.37,1.00
2017.02.07 18:04:47.922,1.63747,1.63779,1.12,1.00
2017.02.07 18:04:49.248,1.63747,1.63778,1.00,1.00
2017.02.07 18:04:49.626,1.63747,1.63782,1.50,1.00
2017.02.07 18:04:49.999,1.63747,1.63778,1.00,1.00
2017.02.07 18:04:50.680,1.63747,1.63779,1.00,1.00
2017.02.07 18:04:53.173,1.63749,1.63784,1.50,2.62
2017.02.07 18:04:53.274,1.63749,1.63784,1.50,1.00
2017.02.07 18:04:55.342,1.63749,1.63778,1.50,1.00
2017.02.07 18:04:55.645,1.63751,1.63787,1.00,1.00
2017.02.07 18:04:55.696,1.63751,1.63787,1.50,1.00
2017.02.07 18:04:55.899,1.63755,1.6379,1.50,1.00
2017.02.07 18:04:55.950,1.63755,1.63788,1.50,1.00
2017.02.07 18:04:56.221,1.63754,1.63791,3.75,1.00
2017.02.07 18:04:56.675,1.63759,1.63791,1.00,1.00
2017.02.07 18:04:56.726,1.63759,1.63793,1.00,1.12
2017.02.07 18:04:56.827,1.63764,1.63795,1.50,1.50
2017.02.07 18:04:57.030,1.6377,1.63803,1.00,1.87
2017.02.07 18:04:57.081,1.63767,1.63803,2.62,1.87
2017.02.07 18:04:57.333,1.63767,1.63799,1.87,1.00
2017.02.07 18:04:57.643,1.63766,1.63793,2.25,1.00
2017.02.07 18:04:57.861,1.63765,1.63799,1.75,1.00
2017.02.07 18:04:58.367,1.63771,1.63799,1.00,1.00
2017.02.07 18:04:58.418,1.63771,1.63803,1.00,1.00
2017.02.07 18:04:58.468,1.63771,1.63803,1.50,1.00
2017.02.07 18:04:58.772,1.63786,1.63809,1.00,1.00
2017.02.07 18:04:58.874,1.63792,1.63818,1.12,1.00
2017.02.07 18:04:58.925,1.63794,1.63821,3.00,1.50
2017.02.07 18:04:58.976,1.6381,1.6383,1.00,1.00
2017.02.07 18:04:59.248,1.63813,1.63842,1.12,1.50
2017.02.07 18:04:59.299,1.63815,1.63841,1.00,2.25
2017.02.07 18:04:59.350,1.63814,1.63838,1.00,1.00
2017.02.07 18:04:59.451,1.63809,1.63833,1.00,1.00
2017.02.07 18:04:59.553,1.63806,1.63833,1.00,1.00
2017.02.07 18:04:59.603,1.63803,1.63833,2.25,1.00
2017.02.07 18:04:59.654,1.63804,1.63838,1.87,1.00
2017.02.07 18:04:59.755,1.63807,1.63841,1.37,1.00
2017.02.07 18:04:59.806,1.63807,1.6384,1.37,2.62
2017.02.07 18:05:00.124,1.63803,1.63828,1.00,1.00
2017.02.07 18:05:00.376,1.63794,1.63829,1.75,1.87
2017.02.07 18:05:00.730,1.63794,1.6383,1.87,1.00
2017.02.07 18:05:00.782,1.63794,1.63832,2.62,1.00
2017.02.07 18:05:01.085,1.63796,1.63829,1.12,1.00
2017.02.07 18:05:01.136,1.63796,1.63833,1.12,1.00
2017.02.07 18:05:01.187,1.63797,1.63831,1.00,1.00
2017.02.07 18:05:01.489,1.63807,1.63831,3.37,1.00
2017.02.07 18:05:01.691,1.63802,1.63833,1.00,1.00
2017.02.07 18:05:01.742,1.63801,1.63834,2.62,1.00
2017.02.07 18:05:01.848,1.63808,1.63843,1.37,1.75
2017.02.07 18:05:01.899,1.63809,1.63843,1.00,1.00
2017.02.07 18:05:02.152,1.63809,1.63838,1.12,1.00
2017.02.07 18:05:02.405,1.63798,1.63834,1.50,1.00
2017.02.07 18:05:02.506,1.63808,1.63834,1.00,1.12
2017.02.07 18:05:02.607,1.63804,1.63834,1.00,1.50
2017.02.07 18:05:02.658,1.63798,1.63835,1.87,2.62
2017.02.07 18:05:03.089,1.63804,1.63835,1.00,1.37
2017.02.07 18:05:03.191,1.63806,1.63837,1.00,1.00
2017.02.07 18:05:03.395,1.63807,1.63838,1.75,1.00
2017.02.07 18:05:04.239,1.63804,1.63834,1.75,1.00
2017.02.07 18:05:04.505,1.638,1.63829,2.25,1.00
2017.02.07 18:05:04.606,1.638,1.63833,1.75,1.00
2017.02.07 18:05:04.808,1.63799,1.63835,1.00,1.00
2017.02.07 18:05:04.907,1.63801,1.63836,1.00,1.50
2017.02.07 18:05:05.211,1.63801,1.63838,2.25,1.12
2017.02.07 18:05:05.557,1.6381,1.63843,1.50,1.37
2017.02.07 18:05:05.658,1.6381,1.63844,1.50,1.12
2017.02.07 18:05:05.716,1.63811,1.63844,1.37,1.37
2017.02.07 18:05:06.804,1.6381,1.63845,2.25,1.00
2017.02.07 18:05:06.855,1.63815,1.63843,1.00,1.00
2017.02.07 18:05:07.007,1.63822,1.63854,1.50,1.37
2017.02.07 18:05:07.177,1.63822,1.63854,1.50,1.00
2017.02.07 18:05:07.431,1.63819,1.63849,1.75,1.37
2017.02.07 18:05:07.482,1.63819,1.63849,1.75,1.75
2017.02.07 18:05:07.583,1.63818,1.63849,1.50,1.00
2017.02.07 18:05:07.634,1.6382,1.63851,1.00,1.00
2017.02.07 18:05:07.736,1.63824,1.63854,1.00,1.00
2017.02.07 18:05:08.039,1.63836,1.6386,1.87,1.12
2017.02.07 18:05:08.315,1.63848,1.63876,1.87,1.00
2017.02.07 18:05:08.368,1.63852,1.63876,1.00,1.00
2017.02.07 18:05:08.419,1.63852,1.63878,1.00,1.00
2017.02.07 18:05:08.520,1.63852,1.63885,1.50,1.37
2017.02.07 18:05:08.621,1.63852,1.63884,2.25,1.75
2017.02.07 18:05:08.723,1.63847,1.63878,1.00,1.00
2017.02.07 18:05:08.925,1.63842,1.63877,2.62,1.00
2017.02.07 18:05:09.391,1.63855,1.63878,1.00,1.00
2017.02.07 18:05:09.442,1.63854,1.63883,2.25,1.50
2017.02.07 18:05:09.493,1.63857,1.63883,1.00,1.00
2017.02.07 18:05:09.595,1.63859,1.63891,1.00,1.50
2017.02.07 18:05:09.647,1.63857,1.63893,1.00,1.50
2017.02.07 18:05:09.698,1.63857,1.63893,1.37,1.50
2017.02.07 18:05:10.005,1.63851,1.63883,1.00,1.00
2017.02.07 18:05:10.157,1.63854,1.63887,1.00,1.12
2017.02.07 18:05:10.309,1.63856,1.63889,1.00,2.25
2017.02.07 18:05:10.461,1.63855,1.63891,1.37,1.00
2017.02.07 18:05:10.663,1.63858,1.63888,1.00,1.00
2017.02.07 18:05:10.714,1.63854,1.63889,1.87,1.00
2017.02.07 18:05:10.866,1.63855,1.63892,1.12,2.62
2017.02.07 18:05:11.068,1.63862,1.63894,1.50,1.00
2017.02.07 18:05:11.169,1.63859,1.63888,1.12,1.00
2017.02.07 18:05:11.322,1.63858,1.63888,1.00,1.00
2017.02.07 18:05:11.524,1.63855,1.63888,1.50,1.00
2017.02.07 18:05:11.625,1.63856,1.63883,1.00,1.00
2017.02.07 18:05:11.949,1.63851,1.63878,1.50,1.00
2017.02.07 18:05:12.252,1.63851,1.63883,1.50,1.50
2017.02.07 18:05:12.454,1.63851,1.63878,1.50,1.00
2017.02.07 18:05:13.000,1.63851,1.63879,1.00,1.00
2017.02.07 18:05:13.433,1.63854,1.63887,1.00,2.25
2017.02.07 18:05:13.484,1.63853,1.63888,1.75,1.37
2017.02.07 18:05:13.788,1.63865,1.63889,1.12,1.00
2017.02.07 18:05:14.358,1.63858,1.63888,3.37,1.37
2017.02.07 18:05:14.409,1.63856,1.63885,1.00,1.37
2017.02.07 18:05:14.543,1.63856,1.63885,1.00,1.00
2017.02.07 18:05:14.781,1.63859,1.63892,1.00,1.75
2017.02.07 18:05:14.886,1.63866,1.63894,1.00,1.00
2017.02.07 18:05:15.038,1.63864,1.63894,1.00,1.12
2017.02.07 18:05:15.088,1.63863,1.63894,1.00,1.75
2017.02.07 18:05:15.190,1.63861,1.63894,1.50,1.37
2017.02.07 18:05:15.709,1.63861,1.63894,1.00,1.12
2017.02.07 18:05:16.234,1.6386,1.63894,1.00,1.00
2017.02.07 18:05:17.112,1.63861,1.63894,1.00,1.00
2017.02.07 18:05:18.394,1.6386,1.63894,1.00,1.50
2017.02.07 18:05:19.002,1.63861,1.63894,1.00,1.00
2017.02.07 18:05:19.552,1.6386,1.63894,1.00,1.00
2017.02.07 18:05:19.992,1.63862,1.63897,1.87,1.00
2017.02.07 18:05:20.296,1.63859,1.63893,2.25,1.00
2017.02.07 18:05:21.752,1.63857,1.63888,1.00,1.00
2017.02.07 18:05:21.927,1.63855,1.63888,1.37,1.37
2017.02.07 18:05:22.028,1.63855,1.63887,1.00,1.12
2017.02.07 18:05:22.130,1.63855,1.6389,1.50,1.00
2017.02.07 18:05:22.181,1.63855,1.63893,1.50,2.62
2017.02.07 18:05:22.333,1.63855,1.63893,1.87,2.25
2017.02.07 18:05:22.884,1.63855,1.63892,1.00,1.87
2017.02.07 18:05:23.188,1.63873,1.63894,1.50,1.00
2017.02.07 18:05:23.239,1.63874,1.63909,1.12,1.12
2017.02.07 18:05:23.392,1.63874,1.63907,1.87,1.00
2017.02.07 18:05:23.695,1.63869,1.63893,1.75,1.00
2017.02.07 18:05:23.865,1.63864,1.63893,1.00,1.00
2017.02.07 18:05:24.069,1.63863,1.63889,1.00,1.00
2017.02.07 18:05:24.120,1.63863,1.63895,1.00,1.75
2017.02.07 18:05:24.171,1.63855,1.63891,2.25,1.00
2017.02.07 18:05:24.272,1.63856,1.63891,1.37,1.12
2017.02.07 18:05:24.374,1.6386,1.63894,1.12,1.00
2017.02.07 18:05:24.728,1.6386,1.63893,1.00,1.50
2017.02.07 18:05:25.158,1.6386,1.63894,1.00,1.00
2017.02.07 18:05:25.563,1.63864,1.63895,1.00,1.00
2017.02.07 18:05:25.868,1.63867,1.63893,1.00,1.00
2017.02.07 18:05:26.256,1.63867,1.63895,1.00,1.00
2017.02.07 18:05:26.941,1.63863,1.63895,1.00,1.00
2017.02.07 18:05:27.089,1.63863,1.63892,1.00,1.00
2017.02.07 18:05:27.141,1.63859,1.63889,1.00,1.00
2017.02.07 18:05:27.243,1.63857,1.63886,1.75,1.00
2017.02.07 18:05:27.345,1.63857,1.63886,1.00,1.00
2017.02.07 18:05:27.447,1.63856,1.63888,2.25,1.00
2017.02.07 18:05:27.548,1.63856,1.63891,1.75,1.00
2017.02.07 18:05:27.751,1.6386,1.63893,1.12,1.00
2017.02.07 18:05:27.852,1.63867,1.63895,1.00,1.00
2017.02.07 18:05:28.004,1.63862,1.63901,4.46,5.62
2017.02.07 18:05:28.256,1.63862,1.63899,3.00,1.50
2017.02.07 18:05:28.934,1.63861,1.63899,2.25,1.50
2017.02.07 18:05:29.340,1.63861,1.63893,1.75,1.00
2017.02.07 18:05:29.848,1.63861,1.63894,2.25,1.00
2017.02.07 18:05:30.069,1.63862,1.63897,1.75,1.00
2017.02.07 18:05:30.176,1.63863,1.63898,2.25,1.00
2017.02.07 18:05:30.480,1.63868,1.63903,1.37,2.62
2017.02.07 18:05:30.531,1.63881,1.639,1.00,1.12
2017.02.07 18:05:30.837,1.63896,1.63918,2.25,1.00
2017.02.07 18:05:31.143,1.63914,1.63942,4.12,1.37
2017.02.07 18:05:31.245,1.63923,1.63943,1.00,1.00
2017.02.07 18:05:31.447,1.63918,1.63943,1.00,1.00
2017.02.07 18:05:31.498,1.6392,1.63948,1.00,1.00
2017.02.07 18:05:31.600,1.63915,1.63949,1.00,1.50
2017.02.07 18:05:31.650,1.63915,1.63946,1.00,1.05
2017.02.07 18:05:31.792,1.63913,1.63946,1.00,1.05
2017.02.07 18:05:31.843,1.63911,1.63947,1.50,1.80
2017.02.07 18:05:31.996,1.63913,1.63947,1.00,1.05
2017.02.07 18:05:32.098,1.63912,1.63948,1.00,1.05
2017.02.07 18:05:32.250,1.63913,1.63949,1.37,1.80
2017.02.07 18:05:32.554,1.63912,1.63951,2.25,2.25
2017.02.07 18:05:32.741,1.63912,1.63949,3.00,1.00
2017.02.07 18:05:33.044,1.63926,1.63952,1.00,1.00
2017.02.07 18:05:33.266,1.63927,1.63959,1.75,1.00
2017.02.07 18:05:33.367,1.63928,1.63961,1.12,1.00
2017.02.07 18:05:33.468,1.63926,1.63959,1.75,1.00
2017.02.07 18:05:33.670,1.63924,1.63957,1.75,1.12
2017.02.07 18:05:33.721,1.63923,1.63953,1.75,1.00
2017.02.07 18:05:33.873,1.63921,1.63953,1.50,1.00
2017.02.07 18:05:33.974,1.63924,1.63954,1.00,1.00
2017.02.07 18:05:34.025,1.63922,1.63954,1.87,1.00
2017.02.07 18:05:34.178,1.63924,1.63954,1.00,1.00
2017.02.07 18:05:34.530,1.63924,1.63958,1.00,1.00
2017.02.07 18:05:34.883,1.63921,1.63959,1.87,3.00
2017.02.07 18:05:34.984,1.63924,1.63958,1.00,1.50
2017.02.07 18:05:35.525,1.63925,1.63958,1.00,2.25
2017.02.07 18:05:35.578,1.63922,1.63958,1.00,2.25
2017.02.07 18:05:36.204,1.63925,1.63958,1.00,1.50
2017.02.07 18:05:36.507,1.63934,1.63961,1.00,1.00
2017.02.07 18:05:37.137,1.63934,1.6396,1.00,1.00
2017.02.07 18:05:37.289,1.63932,1.63966,1.12,1.00
2017.02.07 18:05:37.390,1.63934,1.63965,1.00,1.00
2017.02.07 18:05:37.592,1.63932,1.63966,1.12,1.50
2017.02.07 18:05:37.795,1.63935,1.63965,1.00,1.00
2017.02.07 18:05:38.097,1.63939,1.63964,1.75,1.00
2017.02.07 18:05:38.400,1.63943,1.63972,1.00,2.25
2017.02.07 18:05:38.501,1.63944,1.63974,1.00,1.00
2017.02.07 18:05:38.703,1.63942,1.63974,1.00,1.00
2017.02.07 18:05:39.348,1.63942,1.63973,1.00,1.00
2017.02.07 18:05:39.450,1.63942,1.63968,1.00,1.00
2017.02.07 18:05:39.551,1.63936,1.63968,1.75,1.00
2017.02.07 18:05:39.702,1.63936,1.63969,1.00,1.00
2017.02.07 18:05:40.074,1.63934,1.63965,1.00,1.00
2017.02.07 18:05:40.327,1.63929,1.63963,1.50,1.00
2017.02.07 18:05:40.478,1.63931,1.63966,1.00,1.50
2017.02.07 18:05:40.849,1.63929,1.63963,1.00,1.00
2017.02.07 18:05:41.518,1.63929,1.63959,1.50,1.00
2017.02.07 18:05:41.920,1.63928,1.63954,1.50,1.00
2017.02.07 18:05:42.022,1.63929,1.63958,1.37,1.00
2017.02.07 18:05:42.376,1.63928,1.63963,1.37,1.46
2017.02.07 18:05:42.427,1.63928,1.63963,1.75,1.09
2017.02.07 18:05:43.705,1.63928,1.63963,1.75,1.46
2017.02.07 18:05:44.281,1.63929,1.63963,1.50,1.09
2017.02.07 18:05:44.332,1.63933,1.63965,1.00,1.12
2017.02.07 18:05:44.434,1.63938,1.63971,1.00,1.00
2017.02.07 18:05:44.615,1.63941,1.63974,1.00,1.12
2017.02.07 18:05:44.919,1.63945,1.63974,1.00,1.00
2017.02.07 18:05:45.020,1.63944,1.63976,1.12,1.00
2017.02.07 18:05:45.121,1.6394,1.63972,3.75,1.00
2017.02.07 18:05:45.323,1.6394,1.6397,1.50,1.00
2017.02.07 18:05:45.374,1.63938,1.63968,1.00,1.00
2017.02.07 18:05:45.425,1.63938,1.63971,1.00,1.00
2017.02.07 18:05:45.475,1.63938,1.63969,1.00,1.00
2017.02.07 18:05:45.576,1.63938,1.63971,1.00,1.00
2017.02.07 18:05:45.932,1.63938,1.63973,1.00,1.00
2017.02.07 18:05:45.983,1.63941,1.63973,1.00,1.00
2017.02.07 18:05:46.034,1.63942,1.63977,1.00,1.00
2017.02.07 18:05:46.205,1.63945,1.6398,1.00,1.50
2017.02.07 18:05:46.256,1.63946,1.6398,1.00,1.00
2017.02.07 18:05:46.408,1.63953,1.6398,1.00,1.00
2017.02.07 18:05:46.509,1.63953,1.63982,1.00,1.00
2017.02.07 18:05:46.560,1.63953,1.63986,1.00,1.00
2017.02.07 18:05:46.662,1.63953,1.63982,1.00,1.00
2017.02.07 18:05:46.993,1.63953,1.63983,1.75,1.00
2017.02.07 18:05:47.397,1.6395,1.63975,1.75,1.00
2017.02.07 18:05:47.448,1.63949,1.63979,2.62,1.00
2017.02.07 18:05:47.549,1.63948,1.63978,1.50,1.00
2017.02.07 18:05:47.720,1.63944,1.63978,2.25,1.00
2017.02.07 18:05:47.972,1.63944,1.63976,2.25,1.00
2017.02.07 18:05:48.227,1.63944,1.63978,1.50,1.00
2017.02.07 18:05:48.278,1.63947,1.63979,1.00,1.12
2017.02.07 18:05:48.582,1.63956,1.63988,1.50,1.00
2017.02.07 18:05:48.885,1.63965,1.63993,1.00,1.00
2017.02.07 18:05:49.186,1.6397,1.63994,1.00,1.00
2017.02.07 18:05:49.489,1.63968,1.63994,1.00,1.00
2017.02.07 18:05:49.742,1.63972,1.63993,1.00,1.00
2017.02.07 18:05:50.045,1.63962,1.63989,1.00,1.12
2017.02.07 18:05:50.247,1.63963,1.63991,1.00,1.00
2017.02.07 18:05:50.298,1.63965,1.63989,1.00,1.00
2017.02.07 18:05:50.350,1.63962,1.63989,1.00,1.00
2017.02.07 18:05:50.564,1.63966,1.63991,1.00,1.00
2017.02.07 18:05:50.937,1.63968,1.63994,1.00,1.12
2017.02.07 18:05:50.988,1.63979,1.63997,1.00,1.12
2017.02.07 18:05:51.038,1.63974,1.63997,1.50,1.12
2017.02.07 18:05:51.089,1.63976,1.64003,1.00,1.75
2017.02.07 18:05:51.140,1.63973,1.64003,1.00,1.50
2017.02.07 18:05:51.342,1.63978,1.64004,1.00,1.00
2017.02.07 18:05:51.645,1.63972,1.63998,1.75,1.00
2017.02.07 18:05:51.746,1.63972,1.63998,1.00,1.00
2017.02.07 18:05:52.146,1.63982,1.64004,1.00,1.00
2017.02.07 18:05:52.298,1.63982,1.64014,1.00,1.00
2017.02.07 18:05:52.348,1.6399,1.64014,1.00,1.00
2017.02.07 18:05:52.399,1.63982,1.64014,1.37,1.00
2017.02.07 18:05:52.652,1.63986,1.64013,1.00,1.00
2017.02.07 18:05:53.061,1.63989,1.64013,1.00,1.00
2017.02.07 18:05:53.162,1.63986,1.64011,1.00,1.00
2017.02.07 18:05:53.214,1.63985,1.64004,1.00,1.00
2017.02.07 18:05:53.266,1.63983,1.64003,1.00,1.00
2017.02.07 18:05:53.500,1.63975,1.64003,1.12,1.50
2017.02.07 18:05:53.557,1.63971,1.63999,1.00,1.00
2017.02.07 18:05:53.765,1.63969,1.63999,1.87,1.00
2017.02.07 18:05:53.816,1.63972,1.63999,1.00,1.00
2017.02.07 18:05:53.917,1.6397,1.64003,1.00,1.12
2017.02.07 18:05:54.422,1.63971,1.64003,1.00,1.00
2017.02.07 18:05:55.019,1.6397,1.63998,1.50,1.00
2017.02.07 18:05:55.133,1.63971,1.64004,1.00,1.12
2017.02.07 18:05:55.185,1.63992,1.64008,1.00,1.12
2017.02.07 18:05:55.393,1.63995,1.64021,1.37,1.00
2017.02.07 18:05:55.444,1.63999,1.64023,1.00,1.00
2017.02.07 18:05:55.495,1.63998,1.64029,1.00,1.00
2017.02.07 18:05:55.546,1.63995,1.64029,1.87,1.00
2017.02.07 18:05:55.748,1.64004,1.64039,1.37,1.12
2017.02.07 18:05:55.849,1.64003,1.64039,1.12,1.87
2017.02.07 18:05:55.947,1.64003,1.64028,1.12,1.00
2017.02.07 18:05:56.149,1.63997,1.64023,1.00,1.00
2017.02.07 18:05:56.199,1.63996,1.64019,1.50,1.00
2017.02.07 18:05:56.426,1.63996,1.64024,1.50,1.09
2017.02.07 18:05:56.730,1.63997,1.64026,1.00,1.84
2017.02.07 18:05:57.242,1.63998,1.64028,1.12,1.34
2017.02.07 18:05:57.343,1.64002,1.64028,1.00,1.00
2017.02.07 18:05:57.664,1.64008,1.64038,1.37,1.50
2017.02.07 18:05:57.917,1.64009,1.64039,1.37,1.50
2017.02.07 18:05:58.069,1.64016,1.64046,1.00,1.50
2017.02.07 18:05:58.171,1.64016,1.64048,1.00,1.87
2017.02.07 18:05:58.272,1.64018,1.64048,1.00,1.50
2017.02.07 18:05:58.725,1.64018,1.64049,1.37,1.00
2017.02.07 18:05:58.777,1.64018,1.64055,1.87,1.00
2017.02.07 18:05:58.828,1.64018,1.64053,1.87,1.00
2017.02.07 18:05:59.154,1.64024,1.64055,1.00,1.00
2017.02.07 18:05:59.458,1.6404,1.64071,1.12,1.00
2017.02.07 18:05:59.560,1.64042,1.64074,1.00,1.00
2017.02.07 18:05:59.712,1.64042,1.64078,1.12,1.50
2017.02.07 18:05:59.763,1.64046,1.64078,1.00,1.50
2017.02.07 18:05:59.865,1.64045,1.64081,1.00,1.87
2017.02.07 18:06:00.067,1.64046,1.64079,1.00,1.50
2017.02.07 18:06:00.396,1.64046,1.64076,1.00,1.00
2017.02.07 18:06:00.548,1.64046,1.64078,1.12,1.00
2017.02.07 18:06:00.599,1.64046,1.64078,1.50,1.00
2017.02.07 18:06:01.054,1.64051,1.64083,1.00,1.00
2017.02.07 18:06:01.105,1.64052,1.64081,1.00,1.37
2017.02.07 18:06:01.206,1.64051,1.64082,1.75,1.87
2017.02.07 18:06:01.257,1.64047,1.64078,1.37,1.00
2017.02.07 18:06:01.591,1.64054,1.64088,1.75,2.25
2017.02.07 18:06:01.693,1.64059,1.64088,1.00,1.12
2017.02.07 18:06:01.794,1.64059,1.64092,1.00,1.87
2017.02.07 18:06:02.048,1.64059,1.64087,1.00,1.00
2017.02.07 18:06:02.379,1.64056,1.64088,1.50,1.00
2017.02.07 18:06:02.965,1.64052,1.64083,1.50,1.00
2017.02.07 18:06:03.015,1.64052,1.64084,1.50,1.00
2017.02.07 18:06:03.167,1.64052,1.64087,1.37,1.50
2017.02.07 18:06:03.420,1.64052,1.64089,3.00,1.37
2017.02.07 18:06:03.723,1.6406,1.64094,1.87,1.00
2017.02.07 18:06:03.774,1.64059,1.64088,1.75,1.00
2017.02.07 18:06:03.825,1.6406,1.6409,1.50,1.00
2017.02.07 18:06:04.266,1.64064,1.64096,1.00,1.12
2017.02.07 18:06:04.418,1.64063,1.64094,1.00,1.00
2017.02.07 18:06:04.469,1.64064,1.64096,1.00,1.00
2017.02.07 18:06:04.519,1.64067,1.64096,1.00,1.00
2017.02.07 18:06:04.570,1.64067,1.64098,1.00,1.12
2017.02.07 18:06:04.732,1.64071,1.64103,2.25,1.50
2017.02.07 18:06:04.783,1.64073,1.64103,1.00,1.50
2017.02.07 18:06:04.833,1.64091,1.64103,1.00,1.00
2017.02.07 18:06:05.162,1.64108,1.6412,1.37,1.00
2017.02.07 18:06:05.327,1.64114,1.64133,1.00,1.00
2017.02.07 18:06:05.379,1.64113,1.64139,1.00,1.00
2017.02.07 18:06:05.430,1.64112,1.64143,1.87,1.00
2017.02.07 18:06:05.481,1.64115,1.64144,1.12,1.12
2017.02.07 18:06:05.582,1.64113,1.64144,1.12,1.00
2017.02.07 18:06:05.633,1.64113,1.64144,1.75,1.00
2017.02.07 18:06:05.936,1.6411,1.6412,1.87,1.00
2017.02.07 18:06:05.987,1.64106,1.64113,1.00,1.50
2017.02.07 18:06:06.174,1.64106,1.64111,1.00,1.00
2017.02.07 18:06:06.225,1.641,1.64113,1.00,1.50
2017.02.07 18:06:06.377,1.64066,1.64075,2.25,1.00
2017.02.07 18:06:06.428,1.64058,1.64076,3.37,1.00
2017.02.07 18:06:06.530,1.64053,1.64076,1.00,1.00
2017.02.07 18:06:06.631,1.64051,1.64076,1.50,1.00
2017.02.07 18:06:06.682,1.64051,1.6408,1.00,1.50
2017.02.07 18:06:06.783,1.64047,1.64083,1.00,1.00
2017.02.07 18:06:06.834,1.64045,1.64072,1.12,1.00
2017.02.07 18:06:06.884,1.64045,1.64074,1.12,1.00
2017.02.07 18:06:07.036,1.64042,1.64075,1.00,1.50
2017.02.07 18:06:07.087,1.64042,1.64074,1.50,1.12
2017.02.07 18:06:07.273,1.64041,1.64075,1.12,1.37
2017.02.07 18:06:07.324,1.64037,1.64074,1.00,1.87
2017.02.07 18:06:07.375,1.64036,1.64069,1.37,1.00
2017.02.07 18:06:07.426,1.64037,1.64072,1.00,1.00
2017.02.07 18:06:07.527,1.64037,1.64074,1.75,1.12
2017.02.07 18:06:07.578,1.64037,1.64076,1.12,2.62
2017.02.07 18:06:07.629,1.64041,1.64069,1.00,1.00
2017.02.07 18:06:07.730,1.64038,1.64069,1.00,1.00
2017.02.07 18:06:07.832,1.64034,1.64058,1.00,1.00
2017.02.07 18:06:07.933,1.64031,1.64058,1.00,1.00
2017.02.07 18:06:08.034,1.64027,1.64063,1.50,1.12
2017.02.07 18:06:08.237,1.64028,1.64054,1.12,1.00
2017.02.07 18:06:08.348,1.64026,1.64053,1.00,1.00
2017.02.07 18:06:08.527,1.64024,1.64058,1.00,1.50
2017.02.07 18:06:08.579,1.64033,1.64058,1.00,1.00
2017.02.07 18:06:08.680,1.64028,1.64062,1.75,1.12
2017.02.07 18:06:08.731,1.64028,1.64064,1.87,1.00
2017.02.07 18:06:08.832,1.64028,1.64064,1.00,1.00
2017.02.07 18:06:08.883,1.6403,1.64064,1.00,1.00
2017.02.07 18:06:09.186,1.64038,1.64064,1.12,1.00
2017.02.07 18:06:09.539,1.64039,1.64069,1.00,1.00
2017.02.07 18:06:09.784,1.64041,1.64064,1.00,1.00
2017.02.07 18:06:09.835,1.64039,1.64073,1.00,1.50
2017.02.07 18:06:10.011,1.64036,1.64072,1.00,1.37
2017.02.07 18:06:10.112,1.64034,1.64072,1.12,1.50
2017.02.07 18:06:10.416,1.64029,1.64064,1.12,1.00
2017.02.07 18:06:10.719,1.64026,1.64059,2.25,1.00
2017.02.07 18:06:11.060,1.64026,1.64053,1.50,1.00
2017.02.07 18:06:11.111,1.64026,1.64056,1.00,1.12
2017.02.07 18:06:11.213,1.64018,1.64058,1.37,2.25
2017.02.07 18:06:11.366,1.6402,1.64053,2.25,1.00
2017.02.07 18:06:11.669,1.6402,1.64044,1.00,1.37
2017.02.07 18:06:11.720,1.64011,1.64038,1.75,1.00
2017.02.07 18:06:11.822,1.64006,1.64033,1.00,1.00
2017.02.07 18:06:11.923,1.64,1.64033,1.50,1.00
2017.02.07 18:06:12.125,1.64001,1.64031,1.00,1.00
2017.02.07 18:06:12.597,1.64,1.64033,1.00,1.12
2017.02.07 18:06:12.647,1.64,1.64029,1.00,1.00
2017.02.07 18:06:12.951,1.6399,1.64027,1.12,1.87
2017.02.07 18:06:13.001,1.63992,1.64024,1.00,1.12
2017.02.07 18:06:13.305,1.63999,1.64029,1.75,1.00
2017.02.07 18:06:13.532,1.63994,1.64029,1.87,1.00
2017.02.07 18:06:13.924,1.63999,1.64027,1.00,1.00
2017.02.07 18:06:14.126,1.63994,1.64026,1.75,1.00
2017.02.07 18:06:14.177,1.63994,1.64023,1.75,1.00
2017.02.07 18:06:14.854,1.63994,1.64024,1.75,1.00
2017.02.07 18:06:15.551,1.63991,1.64024,1.87,1.12
2017.02.07 18:06:15.714,1.63991,1.6402,1.12,1.00
2017.02.07 18:06:16.678,1.63989,1.64018,1.75,1.00
2017.02.07 18:06:16.729,1.63988,1.6402,1.75,1.00
2017.02.07 18:06:16.780,1.63989,1.64017,1.75,1.00
2017.02.07 18:06:17.033,1.63985,1.64016,1.87,1.00
2017.02.07 18:06:17.287,1.63979,1.64012,4.12,1.00
2017.02.07 18:06:17.338,1.63979,1.64012,2.25,1.00
2017.02.07 18:06:17.498,1.63979,1.64012,1.75,1.00
2017.02.07 18:06:17.852,1.63984,1.64017,1.50,1.00
2017.02.07 18:06:17.903,1.63985,1.64017,1.12,1.00
2017.02.07 18:06:17.954,1.63984,1.64018,1.75,1.00
2017.02.07 18:06:18.005,1.63983,1.64018,1.87,1.50
2017.02.07 18:06:18.403,1.63984,1.64015,1.37,1.00
2017.02.07 18:06:18.706,1.63983,1.64009,1.37,1.37
2017.02.07 18:06:18.757,1.63981,1.64013,1.87,1.37
2017.02.07 18:06:18.808,1.63977,1.64011,1.00,1.50
2017.02.07 18:06:19.255,1.63978,1.64009,1.00,1.00
2017.02.07 18:06:20.412,1.63979,1.64009,1.00,1.00
2017.02.07 18:06:20.564,1.63979,1.64012,1.00,1.37
2017.02.07 18:06:21.107,1.63978,1.6401,1.00,1.00
2017.02.07 18:06:21.582,1.63978,1.64009,1.37,1.00
2017.02.07 18:06:21.632,1.6398,1.64013,1.00,1.87
2017.02.07 18:06:22.174,1.6398,1.64012,1.00,1.00
2017.02.07 18:06:22.225,1.6398,1.64008,1.00,1.00
2017.02.07 18:06:23.368,1.63981,1.64009,1.00,1.00
2017.02.07 18:06:23.572,1.63982,1.64011,1.00,1.00
2017.02.07 18:06:23.673,1.63981,1.64009,1.00,1.00
2017.02.07 18:06:23.775,1.63981,1.64013,1.00,1.00
2017.02.07 18:06:24.229,1.63984,1.64014,1.00,1.87
2017.02.07 18:06:24.532,1.63986,1.64012,1.00,1.00
2017.02.07 18:06:24.779,1.63986,1.64014,1.00,1.00
2017.02.07 18:06:24.933,1.63981,1.64014,1.00,1.00
2017.02.07 18:06:25.153,1.63981,1.64014,2.62,1.50
2017.02.07 18:06:25.357,1.63977,1.64008,1.50,1.00
2017.02.07 18:06:25.458,1.63976,1.64003,1.75,1.00
2017.02.07 18:06:25.661,1.6397,1.64005,1.00,1.00
2017.02.07 18:06:26.212,1.63971,1.64006,1.00,1.00
2017.02.07 18:06:26.447,1.63971,1.64008,1.37,1.87
2017.02.07 18:06:26.498,1.63975,1.64008,1.00,1.50
2017.02.07 18:06:27.002,1.63975,1.6401,1.00,1.37
2017.02.07 18:06:27.108,1.63975,1.64011,1.50,1.12
2017.02.07 18:06:27.430,1.63979,1.64012,1.00,1.37
2017.02.07 18:06:27.531,1.63975,1.64013,1.50,1.87
2017.02.07 18:06:28.041,1.63975,1.64011,1.50,1.00
2017.02.07 18:06:28.520,1.63975,1.64008,1.00,1.50
2017.02.07 18:06:28.823,1.63972,1.64001,1.00,1.37
2017.02.07 18:06:28.925,1.63962,1.63996,1.00,1.37
2017.02.07 18:06:29.026,1.63963,1.64,1.87,1.37
2017.02.07 18:06:29.077,1.63967,1.64001,1.00,1.37
2017.02.07 18:06:29.228,1.63967,1.64003,2.25,1.00
2017.02.07 18:06:29.362,1.63967,1.64005,3.00,1.50
2017.02.07 18:06:29.414,1.63976,1.64005,1.00,1.00
2017.02.07 18:06:29.717,1.6398,1.6401,1.00,1.00
2017.02.07 18:06:29.768,1.6398,1.64012,1.00,1.00
2017.02.07 18:06:29.869,1.6398,1.64009,1.50,1.00
2017.02.07 18:06:30.213,1.6398,1.64006,1.50,1.00
2017.02.07 18:06:30.314,1.6398,1.64013,1.50,1.00
2017.02.07 18:06:30.416,1.63984,1.64013,1.00,1.00
2017.02.07 18:06:30.668,1.6398,1.64011,1.00,1.00
2017.02.07 18:06:30.821,1.6398,1.64008,1.00,1.00
2017.02.07 18:06:31.017,1.63972,1.64008,1.37,3.37
2017.02.07 18:06:31.168,1.63971,1.64004,2.25,1.00
2017.02.07 18:06:31.219,1.63976,1.64004,1.12,1.00
2017.02.07 18:06:31.270,1.63976,1.64009,1.87,1.12
2017.02.07 18:06:31.321,1.63982,1.64009,1.12,1.12
2017.02.07 18:06:31.625,1.63982,1.64015,2.62,1.00
2017.02.07 18:06:31.878,1.63982,1.64021,3.00,3.37
2017.02.07 18:06:31.929,1.63984,1.6402,1.12,1.50
2017.02.07 18:06:32.131,1.63987,1.64023,1.50,1.87
2017.02.07 18:06:32.335,1.63987,1.64018,1.50,1.00
2017.02.07 18:06:32.850,1.63986,1.64023,1.75,1.00
2017.02.07 18:06:33.805,1.63986,1.6402,1.75,1.00
2017.02.07 18:06:34.109,1.63972,1.64004,1.12,1.00
2017.02.07 18:06:34.354,1.6397,1.64005,1.12,1.37
2017.02.07 18:06:34.455,1.63972,1.64006,1.37,2.25
2017.02.07 18:06:34.607,1.63965,1.64003,1.50,1.87
2017.02.07 18:06:35.991,1.63964,1.64003,2.25,1.12
2017.02.07 18:06:36.180,1.63965,1.63999,1.12,1.50
2017.02.07 18:06:36.701,1.63964,1.63998,1.50,1.00
2017.02.07 18:06:36.752,1.63964,1.64003,2.25,2.62
2017.02.07 18:06:36.803,1.63964,1.64002,2.25,1.00
2017.02.07 18:06:37.407,1.63964,1.64003,2.62,1.12
2017.02.07 18:06:38.434,1.63966,1.63999,1.00,1.00
2017.02.07 18:06:38.839,1.63965,1.64001,1.12,1.00
2017.02.07 18:06:38.940,1.63965,1.63998,1.87,1.00
2017.02.07 18:06:39.318,1.6398,1.64005,1.00,1.87
2017.02.07 18:06:39.419,1.63981,1.64012,1.12,1.00
2017.02.07 18:06:39.470,1.63986,1.64015,1.37,1.00
2017.02.07 18:06:39.521,1.63992,1.64016,1.00,1.00
2017.02.07 18:06:39.622,1.63992,1.64019,1.00,1.00
2017.02.07 18:06:39.673,1.63992,1.64021,1.00,1.00
2017.02.07 18:06:39.724,1.63991,1.64019,1.00,1.00
2017.02.07 18:06:39.826,1.63991,1.64027,1.00,1.00
2017.02.07 18:06:39.954,1.6399,1.64025,1.12,1.00
2017.02.07 18:06:40.157,1.63983,1.6402,2.25,1.00
2017.02.07 18:06:40.308,1.63986,1.64022,1.00,1.87
2017.02.07 18:06:40.612,1.63979,1.64014,1.00,1.12
2017.02.07 18:06:41.132,1.63979,1.64014,1.37,1.12
2017.02.07 18:06:41.658,1.63979,1.64015,1.00,1.12
2017.02.07 18:06:42.175,1.63977,1.64013,1.50,2.62
2017.02.07 18:06:42.503,1.63972,1.64003,2.25,1.00
2017.02.07 18:06:42.655,1.63972,1.64009,1.87,3.75
2017.02.07 18:06:42.807,1.63972,1.64009,1.12,1.50
2017.02.07 18:06:43.513,1.63972,1.64009,1.87,1.37
2017.02.07 18:06:44.079,1.63972,1.64008,2.25,1.00
2017.02.07 18:06:44.383,1.63974,1.64008,2.25,1.12
2017.02.07 18:06:44.760,1.63974,1.64011,1.12,1.75
2017.02.07 18:06:44.811,1.63974,1.6401,1.12,1.12
2017.02.07 18:06:45.007,1.63976,1.64011,1.00,1.37
2017.02.07 18:06:45.310,1.63976,1.64014,1.50,3.37
2017.02.07 18:06:45.648,1.63982,1.64019,1.00,4.12
2017.02.07 18:06:45.851,1.63986,1.64019,1.00,2.25
2017.02.07 18:06:46.379,1.63986,1.64019,1.50,1.00
2017.02.07 18:06:47.027,1.6399,1.64023,1.34,1.50
2017.02.07 18:06:47.128,1.63993,1.64025,1.00,1.12
2017.02.07 18:06:47.280,1.63995,1.64025,1.00,1.00
2017.02.07 18:06:47.583,1.63999,1.64021,1.84,1.00
2017.02.07 18:06:47.735,1.64006,1.64033,1.34,1.00
2017.02.07 18:06:47.786,1.64005,1.64036,2.21,1.37
2017.02.07 18:06:47.836,1.64006,1.64036,2.21,1.00
2017.02.07 18:06:47.938,1.64007,1.64038,1.84,1.50
2017.02.07 18:06:48.391,1.6401,1.64039,1.37,1.00
2017.02.07 18:06:49.025,1.6401,1.64038,1.75,1.00
2017.02.07 18:06:49.127,1.6401,1.64044,1.75,1.37
2017.02.07 18:06:49.228,1.6401,1.64046,1.87,1.50
2017.02.07 18:06:49.279,1.6401,1.64048,1.87,1.50
2017.02.07 18:06:50.090,1.64012,1.64044,3.00,1.00
2017.02.07 18:06:50.393,1.64028,1.64053,1.00,1.00
2017.02.07 18:06:50.698,1.64028,1.64054,1.34,1.00
2017.02.07 18:06:50.748,1.64028,1.64059,1.34,1.00
2017.02.07 18:06:51.185,1.64029,1.64061,1.84,1.12
2017.02.07 18:06:51.287,1.64031,1.64064,1.00,1.87
2017.02.07 18:06:51.338,1.64037,1.64064,1.12,1.50
2017.02.07 18:06:51.389,1.64041,1.64068,1.12,1.75
2017.02.07 18:06:51.631,1.64041,1.64078,1.50,1.87
2017.02.07 18:06:51.772,1.6404,1.64074,1.12,1.00
2017.02.07 18:06:52.308,1.6404,1.64074,1.12,1.12
2017.02.07 18:06:52.643,1.64041,1.64077,3.00,1.12
2017.02.07 18:06:52.744,1.64047,1.64077,1.12,1.00
2017.02.07 18:06:52.794,1.64049,1.64077,1.00,1.00
2017.02.07 18:06:53.126,1.64057,1.64089,1.37,1.12
2017.02.07 18:06:53.530,1.64055,1.64083,2.25,1.00
2017.02.07 18:06:53.581,1.64052,1.64083,1.12,1.00
2017.02.07 18:06:53.682,1.64051,1.64087,1.65,1.00
2017.02.07 18:06:53.935,1.64068,1.641,1.00,1.00
2017.02.07 18:06:53.985,1.64068,1.64098,1.00,1.00
2017.02.07 18:06:54.289,1.64074,1.64103,1.50,1.00
2017.02.07 18:06:54.555,1.64078,1.64108,1.50,1.00
2017.02.07 18:06:54.808,1.64078,1.64108,1.50,1.07
2017.02.07 18:06:55.109,1.64071,1.64098,1.50,1.00
2017.02.07 18:06:55.160,1.64075,1.64104,1.00,1.00
2017.02.07 18:06:55.261,1.64079,1.64108,1.00,1.00
2017.02.07 18:06:55.564,1.64072,1.64098,1.75,1.00
2017.02.07 18:06:55.665,1.64069,1.64093,1.00,1.00
2017.02.07 18:06:55.767,1.64069,1.64089,1.00,1.00
2017.02.07 18:06:55.960,1.64058,1.64088,1.75,1.12
2017.02.07 18:06:56.060,1.64052,1.64084,2.25,1.00
2017.02.07 18:06:56.263,1.64052,1.64078,1.75,1.00
2017.02.07 18:06:56.365,1.64049,1.64073,1.00,1.00
2017.02.07 18:06:56.466,1.64039,1.64073,3.00,1.00
2017.02.07 18:06:56.518,1.64039,1.64068,2.25,1.00
2017.02.07 18:06:56.834,1.64038,1.64059,1.12,1.00
2017.02.07 18:06:57.536,1.64038,1.64068,1.12,3.00
2017.02.07 18:06:57.587,1.6404,1.64067,1.50,1.00
2017.02.07 18:06:57.840,1.64049,1.6408,1.12,1.50
2017.02.07 18:06:58.093,1.6405,1.64078,1.37,1.50
2017.02.07 18:06:58.397,1.64037,1.64063,1.75,1.00
2017.02.07 18:06:58.700,1.64028,1.64058,1.37,1.37
2017.02.07 18:06:58.903,1.64021,1.64053,1.75,1.00
2017.02.07 18:06:59.710,1.64022,1.64053,1.75,1.37
2017.02.07 18:07:00.212,1.64022,1.64053,1.75,1.12
2017.02.07 18:07:02.658,1.64021,1.64048,1.75,1.00
2017.02.07 18:07:02.759,1.64016,1.64044,1.75,1.00
2017.02.07 18:07:02.986,1.64009,1.64039,1.12,1.00
2017.02.07 18:07:03.447,1.64007,1.64044,2.62,1.00
2017.02.07 18:07:03.549,1.64006,1.64039,4.50,1.00
2017.02.07 18:07:03.700,1.6401,1.64044,1.37,1.00
2017.02.07 18:07:03.853,1.6401,1.64038,1.37,1.00
2017.02.07 18:07:03.954,1.64011,1.64043,1.12,1.00
2017.02.07 18:07:04.129,1.64011,1.64044,1.09,1.00
2017.02.07 18:07:04.436,1.64016,1.64044,1.00,1.00
2017.02.07 18:07:04.955,1.64016,1.64043,1.00,1.00
2017.02.07 18:07:05.218,1.64016,1.64045,1.50,1.00
2017.02.07 18:07:05.639,1.64016,1.64043,1.50,1.00
2017.02.07 18:07:06.163,1.64016,1.64044,1.00,1.00
2017.02.07 18:07:06.729,1.64015,1.64044,1.00,1.00
2017.02.07 18:07:06.780,1.6401,1.64044,1.09,1.00
2017.02.07 18:07:06.931,1.6401,1.64038,1.09,1.00
2017.02.07 18:07:07.470,1.6401,1.64039,1.09,1.00
2017.02.07 18:07:08.015,1.64007,1.64038,1.84,1.00
2017.02.07 18:07:08.524,1.64006,1.64034,1.12,1.09
2017.02.07 18:07:08.575,1.64006,1.64029,1.12,1.00
2017.02.07 18:07:08.778,1.63998,1.64028,1.00,1.37
2017.02.07 18:07:08.829,1.63998,1.64024,1.00,1.00
2017.02.07 18:07:08.880,1.63996,1.64024,1.00,1.00
2017.02.07 18:07:09.032,1.63991,1.64028,1.71,1.12
2017.02.07 18:07:09.183,1.63995,1.64027,1.00,1.00
2017.02.07 18:07:09.234,1.63993,1.64027,1.50,1.00
2017.02.07 18:07:09.771,1.63994,1.64031,1.12,1.87
2017.02.07 18:07:09.823,1.63995,1.64032,1.87,1.75
2017.02.07 18:07:09.874,1.63995,1.64033,1.50,2.25
2017.02.07 18:07:09.924,1.63996,1.64033,1.12,2.62
2017.02.07 18:07:10.228,1.6399,1.64013,3.00,1.00
2017.02.07 18:07:10.279,1.6399,1.64013,1.12,1.00
2017.02.07 18:07:10.380,1.63986,1.64008,1.37,1.00
2017.02.07 18:07:10.431,1.63978,1.64013,1.87,1.00
2017.02.07 18:07:10.482,1.63981,1.64014,3.00,1.12
2017.02.07 18:07:10.954,1.63984,1.64014,1.00,1.00
2017.02.07 18:07:11.258,1.63992,1.64019,2.62,1.00
2017.02.07 18:07:11.763,1.63985,1.64013,1.12,1.00
2017.02.07 18:07:11.814,1.63985,1.64013,1.87,1.00
2017.02.07 18:07:12.415,1.63979,1.64013,4.87,1.00
2017.02.07 18:07:12.517,1.6398,1.64019,1.87,1.12
2017.02.07 18:07:12.798,1.63982,1.64019,1.00,1.12
2017.02.07 18:07:13.344,1.63981,1.64019,1.50,1.12
2017.02.07 18:07:13.942,1.63981,1.64018,1.50,1.00
2017.02.07 18:07:15.065,1.63983,1.64018,1.00,1.00
2017.02.07 18:07:15.604,1.63984,1.64019,1.12,1.12
2017.02.07 18:07:16.265,1.63984,1.64018,1.00,1.00
2017.02.07 18:07:16.613,1.63983,1.64013,1.50,1.00
2017.02.07 18:07:18.232,1.63983,1.64014,1.00,1.00
2017.02.07 18:07:18.434,1.63981,1.64013,1.50,1.00
2017.02.07 18:07:19.072,1.63981,1.64014,1.50,1.00
2017.02.07 18:07:19.123,1.63979,1.64007,1.12,1.00
2017.02.07 18:07:19.226,1.63972,1.64007,1.75,1.00
2017.02.07 18:07:19.277,1.63972,1.64007,1.37,1.37
2017.02.07 18:07:19.327,1.63972,1.64004,1.00,1.00
2017.02.07 18:07:19.833,1.63972,1.64004,1.00,1.37
2017.02.07 18:07:20.035,1.63969,1.64003,1.00,1.00
2017.02.07 18:07:20.319,1.6397,1.63998,1.12,1.00
2017.02.07 18:07:20.421,1.6397,1.64004,1.12,1.50
2017.02.07 18:07:20.471,1.63972,1.64004,1.00,1.50
2017.02.07 18:07:20.724,1.63978,1.64014,1.00,1.00
2017.02.07 18:07:21.089,1.63984,1.64014,1.00,1.00
2017.02.07 18:07:21.140,1.63985,1.64017,1.00,1.50
2017.02.07 18:07:21.242,1.63992,1.64024,1.00,4.50
2017.02.07 18:07:21.293,1.63991,1.64024,1.50,1.12
2017.02.07 18:07:21.798,1.63992,1.64024,1.50,1.00
2017.02.07 18:07:22.016,1.63992,1.64029,2.25,1.50
2017.02.07 18:07:22.067,1.63995,1.64029,1.50,1.00
2017.02.07 18:07:22.370,1.64002,1.64034,1.00,1.50
2017.02.07 18:07:22.873,1.64003,1.64034,1.00,1.00
2017.02.07 18:07:23.388,1.64004,1.64034,1.00,1.00
2017.02.07 18:07:23.996,1.64004,1.64033,1.00,1.00
2017.02.07 18:07:24.300,1.63995,1.64023,1.50,1.00
2017.02.07 18:07:24.351,1.63995,1.64028,1.00,1.00
2017.02.07 18:07:24.553,1.63997,1.64031,1.00,1.00
2017.02.07 18:07:24.604,1.64004,1.64031,1.00,1.00
2017.02.07 18:07:24.655,1.64004,1.64034,1.00,1.00
2017.02.07 18:07:24.807,1.64003,1.64041,1.87,1.50
2017.02.07 18:07:24.909,1.64003,1.6404,2.62,1.37
2017.02.07 18:07:25.199,1.64,1.64035,1.00,1.00
2017.02.07 18:07:25.833,1.64,1.64033,1.00,1.00
2017.02.07 18:07:26.719,1.64,1.64035,1.00,1.00
2017.02.07 18:07:27.287,1.64,1.64036,1.00,1.87
2017.02.07 18:07:27.338,1.64,1.64033,1.00,1.00
2017.02.07 18:07:28.187,1.64,1.64037,1.12,1.87
2017.02.07 18:07:28.238,1.64002,1.64029,1.87,1.00
2017.02.07 18:07:28.289,1.64003,1.64033,1.87,1.00
2017.02.07 18:07:28.451,1.64004,1.64039,1.00,1.37
2017.02.07 18:07:28.502,1.64004,1.64034,1.00,1.00
2017.02.07 18:07:28.704,1.64006,1.64038,1.50,1.00
2017.02.07 18:07:28.755,1.64008,1.64041,1.00,1.12
2017.02.07 18:07:28.806,1.64016,1.64041,1.12,1.12
2017.02.07 18:07:28.958,1.64018,1.64047,1.00,1.00
2017.02.07 18:07:29.009,1.64018,1.64054,1.87,1.00
2017.02.07 18:07:29.213,1.64022,1.64054,1.00,1.00
2017.02.07 18:07:29.641,1.64015,1.64038,2.25,1.00
2017.02.07 18:07:29.843,1.64004,1.64039,2.25,1.12
2017.02.07 18:07:29.908,1.64001,1.64034,1.75,1.00
2017.02.07 18:07:30.010,1.64001,1.64034,1.50,1.00
2017.02.07 18:07:30.162,1.64,1.64033,1.75,1.37
2017.02.07 18:07:30.465,1.63997,1.64032,1.00,2.25
2017.02.07 18:07:30.516,1.63997,1.64033,1.00,1.00
2017.02.07 18:07:30.618,1.64,1.64033,1.50,1.00
2017.02.07 18:07:30.668,1.64,1.64035,1.50,1.12
2017.02.07 18:07:30.820,1.64,1.64033,1.84,1.00
2017.02.07 18:07:30.980,1.64,1.64035,1.84,1.00
2017.02.07 18:07:31.910,1.64007,1.64035,1.50,1.00
2017.02.07 18:07:32.112,1.64017,1.64051,1.34,1.00
2017.02.07 18:07:32.163,1.64015,1.64049,1.09,1.12
2017.02.07 18:07:32.315,1.64013,1.64049,1.75,1.00
2017.02.07 18:07:32.416,1.64013,1.64048,1.75,1.37
2017.02.07 18:07:32.636,1.64013,1.64049,1.00,1.87
2017.02.07 18:07:32.787,1.64013,1.64044,1.00,1.00
2017.02.07 18:07:33.303,1.64014,1.64044,1.00,1.00
2017.02.07 18:07:33.505,1.64012,1.64044,1.00,1.00
2017.02.07 18:07:33.556,1.64012,1.64039,1.00,1.00
2017.02.07 18:07:33.960,1.64011,1.64044,1.00,1.00
2017.02.07 18:07:34.260,1.64011,1.64047,1.00,1.00
2017.02.07 18:07:34.872,1.64011,1.64046,1.00,1.00
2017.02.07 18:07:35.401,1.64011,1.64047,1.50,2.62
2017.02.07 18:07:36.150,1.64014,1.64048,1.34,1.00
2017.02.07 18:07:36.459,1.64014,1.6405,1.46,1.00
2017.02.07 18:07:36.662,1.64014,1.64049,1.46,1.37
2017.02.07 18:07:36.965,1.64014,1.64044,1.84,1.00
2017.02.07 18:07:37.016,1.64014,1.64048,1.84,1.00
2017.02.07 18:07:37.218,1.64019,1.64048,1.00,1.00
2017.02.07 18:07:37.532,1.64021,1.64048,1.12,1.00
2017.02.07 18:07:38.120,1.64022,1.64048,1.00,1.00
2017.02.07 18:07:38.524,1.6402,1.64054,1.37,3.37
2017.02.07 18:07:38.625,1.64019,1.64052,1.87,1.37
2017.02.07 18:07:38.878,1.64029,1.64059,1.12,1.00
2017.02.07 18:07:38.979,1.64025,1.64053,1.50,1.37
2017.02.07 18:07:39.030,1.64023,1.64057,1.75,1.00
2017.02.07 18:07:39.131,1.64028,1.64057,1.00,1.00
2017.02.07 18:07:39.468,1.64033,1.64058,1.37,1.00
2017.02.07 18:07:39.722,1.64022,1.64054,1.37,1.00
2017.02.07 18:07:39.773,1.6402,1.64054,1.50,1.37
2017.02.07 18:07:39.925,1.64025,1.64053,1.00,1.00
2017.02.07 18:07:40.027,1.64028,1.64059,1.37,1.00
2017.02.07 18:07:40.229,1.64028,1.64053,1.37,1.00
2017.02.07 18:07:40.330,1.64024,1.64054,1.00,1.12
2017.02.07 18:07:40.494,1.6402,1.64052,1.00,1.00
2017.02.07 18:07:40.546,1.64018,1.64052,1.12,1.00
2017.02.07 18:07:41.225,1.64018,1.64049,1.12,1.00
2017.02.07 18:07:41.528,1.64018,1.64044,1.00,1.00
2017.02.07 18:07:42.079,1.64017,1.64044,1.00,1.00
2017.02.07 18:07:43.245,1.64017,1.64043,1.00,1.00
2017.02.07 18:07:44.321,1.64017,1.64044,1.00,1.00
2017.02.07 18:07:44.573,1.64005,1.64039,3.37,1.00
2017.02.07 18:07:44.674,1.64005,1.64039,2.62,1.12
2017.02.07 18:07:44.725,1.64005,1.64034,2.25,1.00
2017.02.07 18:07:45.224,1.64005,1.64028,1.00,1.00
2017.02.07 18:07:45.426,1.63999,1.64033,2.62,1.75
2017.02.07 18:07:45.478,1.63999,1.64033,2.62,1.50
2017.02.07 18:07:46.519,1.63998,1.64028,1.75,1.00
2017.02.07 18:07:47.421,1.63998,1.64031,1.75,1.00
2017.02.07 18:07:48.207,1.64,1.64033,1.12,2.62
2017.02.07 18:07:48.510,1.64004,1.64034,1.00,1.00
2017.02.07 18:07:49.122,1.64004,1.64034,1.37,1.00
2017.02.07 18:07:50.236,1.64003,1.64036,1.50,1.00
2017.02.07 18:07:50.394,1.64003,1.64033,1.50,1.00
2017.02.07 18:07:50.821,1.64003,1.64029,1.50,1.00
2017.02.07 18:07:51.484,1.64,1.64033,3.00,1.00
2017.02.07 18:07:52.362,1.64,1.64029,1.87,1.00
2017.02.07 18:07:52.464,1.63999,1.64028,1.12,1.12
2017.02.07 18:07:52.514,1.63996,1.64023,2.25,1.00
2017.02.07 18:07:52.666,1.63991,1.64018,1.50,1.00
2017.02.07 18:07:52.849,1.6399,1.64023,2.25,1.00
2017.02.07 18:07:52.951,1.6399,1.64018,1.50,1.00
2017.02.07 18:07:53.488,1.63991,1.64019,1.00,1.00
2017.02.07 18:07:53.539,1.63991,1.64023,1.00,1.37
2017.02.07 18:07:53.819,1.6399,1.64018,1.87,1.00
2017.02.07 18:07:54.244,1.63986,1.64013,2.25,1.00
2017.02.07 18:07:54.295,1.63986,1.64013,1.12,1.00
2017.02.07 18:07:54.346,1.63986,1.64008,1.12,1.00
2017.02.07 18:07:54.447,1.63979,1.64013,1.87,1.12
2017.02.07 18:07:54.498,1.63979,1.64013,1.50,1.12
2017.02.07 18:07:54.549,1.63979,1.64008,1.50,1.00
2017.02.07 18:07:54.751,1.63983,1.64013,1.50,1.00
2017.02.07 18:07:55.586,1.63983,1.64009,1.00,1.00
2017.02.07 18:07:55.636,1.63983,1.64013,1.00,1.00
2017.02.07 18:07:55.738,1.63982,1.64017,1.37,1.00
2017.02.07 18:07:55.839,1.63988,1.64017,1.00,1.00
2017.02.07 18:07:55.991,1.63987,1.64019,1.87,1.00
2017.02.07 18:07:56.198,1.63986,1.64018,1.12,1.75
2017.02.07 18:07:56.300,1.63982,1.64016,1.37,3.00
2017.02.07 18:07:56.452,1.63982,1.64014,1.00,1.00
2017.02.07 18:07:56.503,1.63977,1.64014,1.00,1.50
2017.02.07 18:07:56.706,1.63977,1.64013,1.50,1.75
2017.02.07 18:07:56.808,1.63977,1.64012,1.50,1.37
2017.02.07 18:07:56.928,1.63977,1.64012,1.50,1.00
2017.02.07 18:07:57.029,1.63978,1.64014,1.00,2.62
2017.02.07 18:07:57.332,1.6398,1.64013,1.00,1.00
2017.02.07 18:07:57.535,1.6398,1.64015,1.00,1.00
2017.02.07 18:07:57.843,1.6398,1.64017,1.87,2.25
2017.02.07 18:07:57.894,1.6398,1.64017,2.25,1.87
2017.02.07 18:07:57.944,1.63982,1.64017,1.12,2.25
2017.02.07 18:07:58.248,1.63984,1.64013,1.00,1.37
2017.02.07 18:07:58.571,1.63979,1.64008,2.25,1.00
2017.02.07 18:07:59.167,1.63979,1.64013,1.50,1.00
2017.02.07 18:07:59.318,1.63978,1.64009,1.12,1.50
2017.02.07 18:07:59.484,1.63975,1.64009,2.25,1.12
2017.02.07 18:08:00.465,1.63975,1.64009,1.75,1.37
2017.02.07 18:08:00.818,1.63979,1.64013,1.50,1.12
2017.02.07 18:08:00.970,1.6398,1.64017,1.87,1.87
2017.02.07 18:08:01.057,1.63987,1.64018,1.12,1.12
2017.02.07 18:08:01.563,1.63982,1.64,1.12,1.37
2017.02.07 18:08:01.816,1.63966,1.63988,1.37,1.00
2017.02.07 18:08:01.968,1.63962,1.63997,1.37,1.87
2017.02.07 18:08:02.135,1.63967,1.63997,1.00,1.12
2017.02.07 18:08:02.451,1.63977,1.64008,1.75,1.37
2017.02.07 18:08:02.552,1.63979,1.64011,1.75,1.00
2017.02.07 18:08:02.654,1.63981,1.64009,1.87,1.00
2017.02.07 18:08:02.755,1.63986,1.64012,1.37,1.00
2017.02.07 18:08:02.806,1.63984,1.64012,1.12,1.00
2017.02.07 18:08:03.210,1.63988,1.64013,1.00,1.00
2017.02.07 18:08:05.194,1.63985,1.64013,1.12,1.00
2017.02.07 18:08:05.642,1.63986,1.64013,1.50,1.00
2017.02.07 18:08:07.146,1.63984,1.64009,1.12,1.00
2017.02.07 18:08:07.197,1.6398,1.64009,1.12,1.00
2017.02.07 18:08:07.709,1.6398,1.6401,1.12,1.00
2017.02.07 18:08:07.810,1.63978,1.64006,1.75,1.37
2017.02.07 18:08:08.167,1.63961,1.63983,1.50,1.00
2017.02.07 18:08:08.319,1.63951,1.63981,1.12,1.00
2017.02.07 18:08:08.370,1.63951,1.63979,1.87,1.00
2017.02.07 18:08:08.421,1.6395,1.63979,2.25,1.00
2017.02.07 18:08:08.472,1.63956,1.63977,1.00,1.00
2017.02.07 18:08:08.573,1.63957,1.63983,1.12,1.00
2017.02.07 18:08:08.675,1.63958,1.63985,1.00,1.50
2017.02.07 18:08:08.827,1.63957,1.63986,1.75,1.00
2017.02.07 18:08:08.980,1.6396,1.63989,1.50,1.00
2017.02.07 18:08:09.031,1.63962,1.63991,1.37,1.00
2017.02.07 18:08:09.234,1.63962,1.63991,1.12,1.00
2017.02.07 18:08:09.487,1.6396,1.63991,1.37,1.00
2017.02.07 18:08:09.689,1.63963,1.63991,1.75,1.00
2017.02.07 18:08:09.889,1.63971,1.64002,1.00,1.00
2017.02.07 18:08:10.009,1.6397,1.64003,1.12,1.00
2017.02.07 18:08:10.060,1.63972,1.64003,1.00,1.00
2017.02.07 18:08:10.466,1.63968,1.63997,1.87,1.00
2017.02.07 18:08:10.769,1.63962,1.63983,2.62,1.37
2017.02.07 18:08:10.821,1.63958,1.63979,1.12,1.09
2017.02.07 18:08:10.873,1.63954,1.63974,1.75,1.00
2017.02.07 18:08:11.037,1.6395,1.63973,1.00,1.12
2017.02.07 18:08:11.195,1.63952,1.63972,1.12,1.00
2017.02.07 18:08:11.297,1.63959,1.63984,1.12,2.25
2017.02.07 18:08:11.398,1.63961,1.63994,1.75,1.00
2017.02.07 18:08:11.650,1.63965,1.63999,1.87,1.00
2017.02.07 18:08:11.853,1.63964,1.63993,1.37,1.00
2017.02.07 18:08:12.005,1.63958,1.63993,1.87,1.00
2017.02.07 18:08:12.428,1.63963,1.63993,1.00,1.00
2017.02.07 18:08:12.479,1.63963,1.63997,2.25,1.00
2017.02.07 18:08:12.631,1.63971,1.63997,1.00,1.00
2017.02.07 18:08:12.682,1.63973,1.64002,1.00,1.50
2017.02.07 18:08:12.784,1.63972,1.64003,1.37,1.00
2017.02.07 18:08:12.835,1.63973,1.64006,1.37,1.00
2017.02.07 18:08:12.885,1.63973,1.64006,3.00,1.00
2017.02.07 18:08:12.936,1.63976,1.64009,1.50,1.00
2017.02.07 18:08:13.240,1.63977,1.64004,1.00,1.00
2017.02.07 18:08:13.645,1.63977,1.63987,1.00,1.37
2017.02.07 18:08:13.923,1.6395,1.63979,1.50,1.00
2017.02.07 18:08:13.974,1.6395,1.63982,1.50,1.00
2017.02.07 18:08:14.025,1.63953,1.63982,1.12,1.00
2017.02.07 18:08:14.227,1.63955,1.63986,1.12,1.00
2017.02.07 18:08:14.644,1.63954,1.63984,2.25,1.00
2017.02.07 18:08:14.746,1.63961,1.63992,1.00,1.00
2017.02.07 18:08:14.797,1.63965,1.63992,1.00,1.00
2017.02.07 18:08:14.898,1.63967,1.63997,1.00,1.00
2017.02.07 18:08:15.151,1.63967,1.63999,1.00,1.50
2017.02.07 18:08:15.252,1.63967,1.63996,1.00,1.00
2017.02.07 18:08:15.515,1.63965,1.63995,1.00,1.00
2017.02.07 18:08:15.566,1.63963,1.63994,1.00,1.00
2017.02.07 18:08:15.668,1.63963,1.63989,1.00,1.00
2017.02.07 18:08:15.719,1.63958,1.63989,1.87,1.00
2017.02.07 18:08:15.769,1.6396,1.63989,1.00,1.00
2017.02.07 18:08:16.224,1.63962,1.63989,1.00,1.00
2017.02.07 18:08:16.326,1.6396,1.6399,2.25,1.00
2017.02.07 18:08:16.864,1.6396,1.63991,1.00,1.00
2017.02.07 18:08:17.129,1.63961,1.63991,1.87,1.00
2017.02.07 18:08:17.287,1.63961,1.63994,1.87,1.50
2017.02.07 18:08:17.592,1.63968,1.63994,1.00,1.00
2017.02.07 18:08:17.643,1.63967,1.63997,1.37,1.00
2017.02.07 18:08:17.694,1.63967,1.63997,1.37,1.00
2017.02.07 18:08:17.745,1.63967,1.63999,1.37,1.00
2017.02.07 18:08:17.897,1.63969,1.63999,1.12,1.00
2017.02.07 18:08:18.486,1.63968,1.63999,4.12,1.00
2017.02.07 18:08:18.789,1.63969,1.64001,1.12,1.00
2017.02.07 18:08:18.968,1.63974,1.64006,1.87,1.37
2017.02.07 18:08:19.018,1.63974,1.64006,1.12,1.37
2017.02.07 18:08:19.221,1.63973,1.64003,1.87,1.00
2017.02.07 18:08:19.575,1.63969,1.64001,3.00,1.00
2017.02.07 18:08:19.627,1.63969,1.64001,1.87,1.00
2017.02.07 18:08:19.884,1.6397,1.64,1.37,1.00
2017.02.07 18:08:19.967,1.63972,1.64002,1.12,1.00
2017.02.07 18:08:20.019,1.63971,1.63998,1.00,1.00
2017.02.07 18:08:20.211,1.63971,1.64002,1.00,1.00
2017.02.07 18:08:20.716,1.63973,1.64002,1.12,1.00
2017.02.07 18:08:21.069,1.6397,1.63997,1.75,1.00
2017.02.07 18:08:21.120,1.6397,1.63997,1.00,1.00
2017.02.07 18:08:21.171,1.63968,1.63998,1.87,1.50
2017.02.07 18:08:21.222,1.6397,1.63998,1.00,1.00
2017.02.07 18:08:21.273,1.63969,1.64002,1.12,1.00
2017.02.07 18:08:21.424,1.63974,1.64003,1.00,1.50
2017.02.07 18:08:21.985,1.63974,1.64002,1.50,1.00
2017.02.07 18:08:22.302,1.63974,1.64,1.50,1.00
2017.02.07 18:08:22.862,1.63974,1.63999,1.00,1.00
2017.02.07 18:08:23.385,1.63974,1.64001,1.50,1.00
2017.02.07 18:08:23.914,1.63974,1.64002,1.00,1.00
2017.02.07 18:08:24.466,1.63974,1.64001,1.00,1.00
2017.02.07 18:08:24.605,1.63974,1.63998,1.00,1.00
2017.02.07 18:08:24.757,1.63966,1.63993,1.50,1.00
2017.02.07 18:08:24.859,1.63965,1.63998,1.50,1.00
2017.02.07 18:08:25.148,1.63969,1.63999,1.00,1.00
2017.02.07 18:08:25.264,1.63969,1.64001,1.00,1.00
2017.02.07 18:08:25.365,1.63969,1.64003,1.50,1.00
2017.02.07 18:08:25.567,1.6397,1.63999,1.00,1.00
2017.02.07 18:08:26.335,1.6397,1.64003,1.00,1.00
2017.02.07 18:08:26.437,1.6397,1.64003,1.75,1.00
2017.02.07 18:08:27.356,1.6397,1.64004,1.75,1.37
2017.02.07 18:08:27.558,1.63963,1.63999,1.00,1.87
2017.02.07 18:08:28.641,1.63963,1.63998,1.00,1.00
2017.02.07 18:08:29.145,1.63963,1.63993,1.00,1.00
2017.02.07 18:08:29.268,1.63963,1.63996,1.00,1.00
2017.02.07 18:08:29.319,1.63965,1.63997,1.00,1.00
2017.02.07 18:08:29.648,1.6397,1.63998,1.00,1.00
2017.02.07 18:08:30.153,1.63971,1.63999,1.00,1.00
2017.02.07 18:08:30.670,1.6397,1.63999,1.87,1.00
2017.02.07 18:08:31.216,1.6398,1.64008,2.25,1.50
2017.02.07 18:08:31.409,1.6398,1.64005,1.50,1.00
2017.02.07 18:08:31.717,1.6398,1.64008,1.00,1.00
2017.02.07 18:08:31.818,1.6398,1.64006,1.00,1.00
2017.02.07 18:08:31.919,1.6398,1.64008,1.00,1.50
2017.02.07 18:08:32.422,1.6398,1.64007,1.00,1.00
2017.02.07 18:08:32.876,1.63983,1.64007,1.00,1.00
2017.02.07 18:08:32.927,1.63985,1.64013,1.00,1.00
2017.02.07 18:08:33.331,1.63985,1.64019,1.50,1.50
2017.02.07 18:08:33.432,1.63989,1.64019,1.37,1.00
2017.02.07 18:08:33.738,1.63987,1.64018,2.25,1.00
2017.02.07 18:08:33.901,1.63988,1.64018,1.37,1.50
2017.02.07 18:08:34.154,1.63988,1.64016,1.87,1.00
2017.02.07 18:08:34.700,1.63983,1.64012,1.87,1.00
2017.02.07 18:08:34.751,1.63982,1.64014,1.50,1.00
2017.02.07 18:08:34.802,1.63982,1.64014,1.50,1.00
2017.02.07 18:08:34.906,1.63985,1.64017,1.00,1.00
2017.02.07 18:08:35.547,1.63986,1.64017,1.50,1.00
2017.02.07 18:08:35.873,1.63983,1.64013,1.00,1.00
2017.02.07 18:08:36.126,1.63978,1.64012,1.50,1.00
2017.02.07 18:08:36.227,1.6398,1.64007,1.50,1.00
2017.02.07 18:08:36.328,1.63978,1.64007,1.00,1.00
2017.02.07 18:08:36.379,1.63978,1.64011,1.00,1.00
2017.02.07 18:08:36.480,1.63978,1.64005,1.00,1.00
2017.02.07 18:08:36.531,1.63978,1.6401,1.00,1.00
2017.02.07 18:08:36.682,1.63978,1.6401,1.75,1.00
2017.02.07 18:08:36.871,1.63985,1.64017,1.00,1.00
2017.02.07 18:08:36.925,1.63985,1.64013,1.00,1.00
2017.02.07 18:08:37.033,1.63983,1.64014,1.87,1.00
2017.02.07 18:08:37.191,1.63983,1.64017,1.87,1.00
2017.02.07 18:08:37.292,1.63983,1.64014,1.12,1.50
2017.02.07 18:08:37.797,1.6398,1.64013,1.75,1.00
2017.02.07 18:08:37.898,1.63981,1.64012,1.50,1.00
2017.02.07 18:08:38.000,1.63983,1.64013,1.00,1.00
2017.02.07 18:08:38.317,1.6399,1.6402,1.00,1.12
2017.02.07 18:08:38.867,1.6399,1.6402,1.37,1.00
2017.02.07 18:08:40.229,1.6399,1.64021,1.37,1.00
2017.02.07 18:08:40.532,1.63985,1.64013,3.00,1.00
2017.02.07 18:08:40.584,1.63986,1.64013,1.00,1.00
2017.02.07 18:08:40.736,1.63986,1.64017,1.00,1.00
2017.02.07 18:08:41.293,1.63987,1.64017,1.00,1.00
2017.02.07 18:08:41.345,1.63989,1.64023,2.25,2.25
2017.02.07 18:08:41.649,1.63989,1.64019,1.50,1.00
2017.02.07 18:08:41.750,1.63989,1.64022,1.50,1.00
2017.02.07 18:08:41.852,1.63989,1.64018,1.50,1.00
2017.02.07 18:08:42.469,1.63989,1.64019,1.50,1.00
2017.02.07 18:08:44.194,1.6399,1.64018,1.12,1.00
2017.02.07 18:08:44.714,1.6399,1.64019,1.12,1.00
2017.02.07 18:08:46.058,1.63985,1.64018,1.75,1.00
2017.02.07 18:08:46.157,1.63985,1.64018,1.50,1.00
2017.02.07 18:08:46.209,1.63985,1.64016,1.50,1.00
2017.02.07 18:08:46.560,1.63979,1.64006,1.75,1.00
2017.02.07 18:08:46.715,1.63972,1.64005,1.75,1.00
2017.02.07 18:08:46.818,1.6397,1.64001,3.00,1.00
2017.02.07 18:08:46.921,1.63969,1.64002,1.87,1.00
2017.02.07 18:08:47.022,1.63974,1.64002,1.37,1.00
2017.02.07 18:08:47.174,1.63976,1.64008,1.50,1.00
2017.02.07 18:08:47.326,1.63972,1.64005,3.00,1.00
2017.02.07 18:08:47.478,1.63966,1.63998,1.00,1.00
2017.02.07 18:08:47.529,1.63964,1.63993,2.25,1.00
2017.02.07 18:08:47.908,1.63961,1.63993,2.25,1.00
2017.02.07 18:08:48.262,1.63958,1.63984,1.75,1.00
2017.02.07 18:08:48.364,1.63956,1.63993,1.87,1.50
2017.02.07 18:08:48.717,1.6396,1.63994,1.75,1.50
2017.02.07 18:08:48.768,1.63963,1.63998,1.37,1.37
2017.02.07 18:08:48.819,1.63966,1.63998,1.00,1.37
2017.02.07 18:08:49.021,1.63966,1.64003,1.00,1.12
2017.02.07 18:08:49.122,1.63966,1.63993,1.00,1.00
2017.02.07 18:08:49.224,1.63966,1.63997,1.00,1.00
2017.02.07 18:08:49.768,1.63966,1.63999,1.00,1.50
2017.02.07 18:08:50.366,1.63966,1.64002,1.37,1.87
2017.02.07 18:08:50.416,1.63966,1.64002,1.50,1.50
2017.02.07 18:08:50.770,1.63968,1.64004,1.00,1.50
2017.02.07 18:08:52.100,1.63968,1.64004,1.12,1.87
2017.02.07 18:08:53.462,1.63967,1.64005,1.87,1.50
2017.02.07 18:08:53.973,1.63966,1.64003,3.00,1.00
2017.02.07 18:08:55.039,1.63966,1.64002,2.25,1.50
2017.02.07 18:08:55.292,1.63965,1.64,2.62,1.00
2017.02.07 18:08:55.868,1.63965,1.64001,1.75,1.00
2017.02.07 18:08:56.380,1.63965,1.64002,1.75,2.25
2017.02.07 18:08:56.719,1.63966,1.63999,1.00,1.00
2017.02.07 18:08:56.922,1.63964,1.64,1.00,2.25
2017.02.07 18:08:57.124,1.63963,1.63998,1.50,1.00
2017.02.07 18:08:57.478,1.63962,1.63997,1.50,1.87
2017.02.07 18:08:57.680,1.63959,1.63993,1.50,1.00
2017.02.07 18:08:57.731,1.63958,1.63988,1.50,1.00
2017.02.07 18:08:57.883,1.63959,1.63988,1.87,1.00
2017.02.07 18:08:58.071,1.63957,1.63989,1.87,1.00
2017.02.07 18:08:59.379,1.63958,1.63989,1.00,1.00
2017.02.07 18:08:59.631,1.63957,1.63992,1.87,1.50
2017.02.07 18:09:00.082,1.63962,1.63992,1.00,1.00
2017.02.07 18:09:00.284,1.63968,1.64,1.50,1.00
2017.02.07 18:09:00.386,1.63969,1.64,1.37,1.00
2017.02.07 18:09:00.757,1.6397,1.64004,1.50,1.00
2017.02.07 18:09:00.909,1.63974,1.64004,1.00,1.00
2017.02.07 18:09:00.959,1.63974,1.64009,1.00,1.50
2017.02.07 18:09:01.010,1.63976,1.64009,1.50,1.37
2017.02.07 18:09:01.162,1.63977,1.64011,1.50,1.00
2017.02.07 18:09:01.553,1.63978,1.64011,1.37,1.37
2017.02.07 18:09:01.823,1.63969,1.64002,1.37,1.34
2017.02.07 18:09:01.874,1.63973,1.64002,1.00,1.34
2017.02.07 18:09:01.975,1.6397,1.64004,1.87,1.34
2017.02.07 18:09:02.026,1.6397,1.64006,1.87,1.12
2017.02.07 18:09:02.228,1.6397,1.64006,1.12,1.50
2017.02.07 18:09:02.380,1.63974,1.64009,1.87,1.00
2017.02.07 18:09:02.431,1.63979,1.64011,1.12,1.12
2017.02.07 18:09:02.967,1.63974,1.64011,2.25,1.87
2017.02.07 18:09:03.505,1.63975,1.64011,1.75,1.50
2017.02.07 18:09:05.265,1.63981,1.64011,1.00,1.00
2017.02.07 18:09:05.518,1.63984,1.64018,1.00,1.87
2017.02.07 18:09:05.569,1.63985,1.64018,1.00,2.25
2017.02.07 18:09:05.721,1.63986,1.64013,1.00,1.00
2017.02.07 18:09:06.075,1.63985,1.64018,1.00,1.00
2017.02.07 18:09:06.313,1.63985,1.64018,1.50,1.00
2017.02.07 18:09:06.367,1.63985,1.64023,1.75,1.84
2017.02.07 18:09:06.671,1.63987,1.64018,1.75,1.00
2017.02.07 18:09:07.228,1.63991,1.64021,1.00,1.00
2017.02.07 18:09:07.582,1.63987,1.64021,1.75,1.00
2017.02.07 18:09:07.734,1.63984,1.64013,2.62,1.00
2017.02.07 18:09:07.994,1.63984,1.64013,1.50,1.00
2017.02.07 18:09:08.146,1.63984,1.64008,1.00,1.00
2017.02.07 18:09:08.777,1.63981,1.64008,1.50,1.00
2017.02.07 18:09:09.412,1.63979,1.64008,1.00,1.00
2017.02.07 18:09:09.564,1.6398,1.64014,1.37,1.12
2017.02.07 18:09:09.961,1.63982,1.64013,1.37,1.00
2017.02.07 18:09:10.113,1.63984,1.64017,2.25,1.00
2017.02.07 18:09:10.163,1.63986,1.64018,1.12,1.00
2017.02.07 18:09:10.265,1.63988,1.64021,1.00,1.00
2017.02.07 18:09:10.315,1.6399,1.64021,1.87,1.00
2017.02.07 18:09:10.619,1.63994,1.64027,1.00,1.00
2017.02.07 18:09:10.720,1.63996,1.64018,1.00,1.00
2017.02.07 18:09:10.821,1.63995,1.64028,1.00,1.00
2017.02.07 18:09:10.922,1.63998,1.64023,1.00,1.00
2017.02.07 18:09:11.044,1.63994,1.64023,1.00,1.00
2017.02.07 18:09:11.240,1.63994,1.64023,1.37,1.00
2017.02.07 18:09:11.345,1.63992,1.64028,1.12,1.50
2017.02.07 18:09:11.396,1.63992,1.64028,1.12,1.87
2017.02.07 18:09:11.649,1.63991,1.64018,1.37,1.00
2017.02.07 18:09:11.852,1.63991,1.64023,2.62,1.00
2017.02.07 18:09:11.903,1.63997,1.64023,1.00,1.00
2017.02.07 18:09:12.206,1.63999,1.64024,1.00,1.00
2017.02.07 18:09:13.280,1.63998,1.64023,1.00,1.00
2017.02.07 18:09:13.332,1.63999,1.64029,1.12,1.00
2017.02.07 18:09:13.551,1.63995,1.64029,1.12,1.00
2017.02.07 18:09:13.602,1.63997,1.64029,1.00,1.00
2017.02.07 18:09:13.990,1.63999,1.64033,1.00,3.00
2017.02.07 18:09:14.093,1.64,1.64033,2.25,1.00
2017.02.07 18:09:14.244,1.64002,1.64033,1.00,1.00
2017.02.07 18:09:14.547,1.64004,1.64033,2.25,1.00
2017.02.07 18:09:15.916,1.64005,1.64039,1.37,1.00
2017.02.07 18:09:16.018,1.6401,1.64039,1.00,1.00
2017.02.07 18:09:16.371,1.64008,1.64043,1.87,1.12
2017.02.07 18:09:16.422,1.6401,1.64045,1.12,2.25
2017.02.07 18:09:16.473,1.64012,1.64045,1.00,1.87
2017.02.07 18:09:16.774,1.64014,1.64044,1.00,1.00
2017.02.07 18:09:17.282,1.6401,1.64039,1.50,1.00
2017.02.07 18:09:17.434,1.64009,1.64043,1.00,1.50
2017.02.07 18:09:17.686,1.64013,1.64043,1.00,1.00
2017.02.07 18:09:17.838,1.64018,1.64049,1.00,1.00
2017.02.07 18:09:17.939,1.64019,1.64054,1.00,1.75
2017.02.07 18:09:18.040,1.64021,1.64054,1.00,1.00
2017.02.07 18:09:18.343,1.64018,1.64048,3.00,1.00
2017.02.07 18:09:18.647,1.64014,1.64043,1.00,1.00
2017.02.07 18:09:18.824,1.64009,1.64044,1.00,1.46
2017.02.07 18:09:18.875,1.64011,1.64038,1.00,1.00
2017.02.07 18:09:18.926,1.64015,1.64043,1.00,1.00
2017.02.07 18:09:19.229,1.64014,1.64049,1.50,1.12
2017.02.07 18:09:19.280,1.64015,1.64045,1.00,1.00
2017.02.07 18:09:19.432,1.64015,1.64047,1.00,1.00
2017.02.07 18:09:19.483,1.64015,1.64043,1.50,1.00
2017.02.07 18:09:19.787,1.64013,1.64039,1.37,1.00
2017.02.07 18:09:20.055,1.64007,1.64037,1.00,1.00
2017.02.07 18:09:20.257,1.64006,1.64039,3.37,1.00
2017.02.07 18:09:20.358,1.64006,1.64037,3.00,1.00
2017.02.07 18:09:21.335,1.64003,1.64022,1.50,1.00
2017.02.07 18:09:21.386,1.63995,1.64022,1.87,1.00
2017.02.07 18:09:21.437,1.63994,1.64025,1.75,1.37
2017.02.07 18:09:21.488,1.63991,1.64025,1.87,1.75
2017.02.07 18:09:21.589,1.63991,1.64021,1.00,1.00
2017.02.07 18:09:21.690,1.63989,1.64023,1.12,1.75
2017.02.07 18:09:22.194,1.63989,1.64019,1.12,1.00
2017.02.07 18:09:22.763,1.6399,1.64018,1.00,1.00
2017.02.07 18:09:23.285,1.63989,1.64022,1.00,1.75
2017.02.07 18:09:23.336,1.63991,1.64018,1.50,1.00
2017.02.07 18:09:23.387,1.63991,1.64024,1.50,1.87
2017.02.07 18:09:23.438,1.63988,1.64023,1.00,1.37
2017.02.07 18:09:23.489,1.63988,1.64023,1.12,1.50
2017.02.07 18:09:23.540,1.63988,1.64021,1.00,1.12
2017.02.07 18:09:23.844,1.6399,1.64021,1.12,1.00
2017.02.07 18:09:23.946,1.63991,1.64025,1.12,1.00
2017.02.07 18:09:24.148,1.63989,1.64019,1.12,1.50
2017.02.07 18:09:24.574,1.63988,1.64017,1.87,1.00
2017.02.07 18:09:25.361,1.63986,1.64017,1.00,1.00
2017.02.07 18:09:26.915,1.63985,1.64017,1.00,1.00
2017.02.07 18:09:27.657,1.63986,1.64017,1.00,1.00
2017.02.07 18:09:27.910,1.63985,1.64017,2.62,1.00
2017.02.07 18:09:27.961,1.63985,1.64017,2.25,1.00
2017.02.07 18:09:28.062,1.63988,1.64019,1.00,1.00
2017.02.07 18:09:28.163,1.63988,1.64021,1.00,1.00
2017.02.07 18:09:28.453,1.63988,1.64019,1.00,1.00
2017.02.07 18:09:28.504,1.63985,1.64018,1.87,1.00
2017.02.07 18:09:29.008,1.63987,1.64019,1.00,1.00
2017.02.07 18:09:29.743,1.63986,1.64019,1.50,1.00
2017.02.07 18:09:29.794,1.63989,1.64023,1.00,1.37
2017.02.07 18:09:30.325,1.63988,1.64019,1.00,1.00
2017.02.07 18:09:30.540,1.63986,1.64019,1.12,1.00
2017.02.07 18:09:30.692,1.63988,1.64019,1.00,1.00
2017.02.07 18:09:30.793,1.63986,1.64019,1.12,1.00
2017.02.07 18:09:30.945,1.63988,1.64018,1.00,1.00
2017.02.07 18:09:32.198,1.63987,1.64018,1.00,1.50
2017.02.07 18:09:32.502,1.63979,1.64009,1.00,1.00
2017.02.07 18:09:33.022,1.63979,1.64012,1.00,1.00
2017.02.07 18:09:33.527,1.6398,1.64011,1.00,1.00
2017.02.07 18:09:33.579,1.6398,1.64013,1.00,1.87
2017.02.07 18:09:33.630,1.63976,1.64009,1.87,1.34
2017.02.07 18:09:33.971,1.63973,1.64007,1.00,1.00
2017.02.07 18:09:34.623,1.63973,1.64007,1.50,1.00
2017.02.07 18:09:35.301,1.63973,1.64007,1.00,1.00
2017.02.07 18:09:35.762,1.63979,1.64009,2.25,1.12
2017.02.07 18:09:36.017,1.63977,1.64011,2.25,1.00
2017.02.07 18:09:36.373,1.63977,1.64009,1.50,1.00
2017.02.07 18:09:36.676,1.63977,1.64007,1.50,1.00
2017.02.07 18:09:36.979,1.63973,1.64003,1.00,1.00
2017.02.07 18:09:37.375,1.63971,1.63999,1.00,1.00
2017.02.07 18:09:37.429,1.63968,1.63998,1.00,1.00
2017.02.07 18:09:37.482,1.6397,1.64002,1.00,1.12
2017.02.07 18:09:37.533,1.63972,1.64003,1.00,2.25
2017.02.07 18:09:37.686,1.6397,1.64002,1.00,2.25
2017.02.07 18:09:37.787,1.63973,1.64003,1.75,1.00
2017.02.07 18:09:37.888,1.63978,1.64008,1.00,2.25
2017.02.07 18:09:37.990,1.63978,1.64011,1.00,1.00
2017.02.07 18:09:38.495,1.63978,1.64012,1.00,1.00
2017.02.07 18:09:38.831,1.63976,1.64009,2.25,1.00
2017.02.07 18:09:39.440,1.63977,1.64009,1.00,1.00
2017.02.07 18:09:39.944,1.63976,1.64009,1.00,1.50
2017.02.07 18:09:40.721,1.63976,1.64008,3.00,1.00
2017.02.07 18:09:41.255,1.63978,1.64011,1.00,1.00
2017.02.07 18:09:41.306,1.63976,1.64011,3.00,1.00
2017.02.07 18:09:41.608,1.63978,1.64011,1.00,1.00
2017.02.07 18:09:41.912,1.63983,1.64013,1.37,1.50
2017.02.07 18:09:42.114,1.6398,1.6401,1.00,1.00
2017.02.07 18:09:42.554,1.6398,1.64008,1.00,1.00
2017.02.07 18:09:42.708,1.63977,1.64009,1.00,1.00
2017.02.07 18:09:42.809,1.63975,1.64004,1.50,1.00
2017.02.07 18:09:42.910,1.63978,1.64008,1.00,2.25
2017.02.07 18:09:42.961,1.63976,1.64008,1.00,1.50
2017.02.07 18:09:43.062,1.63975,1.64004,1.12,1.00
2017.02.07 18:09:43.163,1.63975,1.64008,1.50,3.00
2017.02.07 18:09:43.214,1.6398,1.64008,1.00,2.25
2017.02.07 18:09:43.594,1.63979,1.6401,1.00,1.00
2017.02.07 18:09:43.746,1.63977,1.64008,1.37,1.00
2017.02.07 18:09:44.456,1.63978,1.6401,1.37,1.00
2017.02.07 18:09:44.658,1.63976,1.64008,1.87,1.00
2017.02.07 18:09:44.935,1.63981,1.6401,1.37,1.00
2017.02.07 18:09:44.986,1.6398,1.64013,2.62,1.87
2017.02.07 18:09:45.037,1.63989,1.64013,1.00,1.00
2017.02.07 18:09:45.364,1.64006,1.64026,1.00,1.00
2017.02.07 18:09:45.415,1.64006,1.64034,1.00,1.50
2017.02.07 18:09:45.466,1.64003,1.64033,1.12,1.00
2017.02.07 18:09:45.517,1.64003,1.64031,1.00,1.00
2017.02.07 18:09:45.568,1.64003,1.64033,2.25,1.00
2017.02.07 18:09:47.727,1.64007,1.64036,1.37,1.00
2017.02.07 18:09:47.778,1.64006,1.64039,1.37,1.00
2017.02.07 18:09:47.829,1.64011,1.64039,1.00,1.00
2017.02.07 18:09:47.880,1.64011,1.64042,1.00,1.12
2017.02.07 18:09:47.931,1.64011,1.64042,1.75,1.00
2017.02.07 18:09:48.285,1.64013,1.64044,1.12,1.50
2017.02.07 18:09:48.840,1.64016,1.64044,1.87,1.00
2017.02.07 18:09:48.963,1.64016,1.64048,1.87,1.00
2017.02.07 18:09:49.014,1.64024,1.64055,1.50,1.50
2017.02.07 18:09:49.318,1.64028,1.64059,1.00,1.00
2017.02.07 18:09:49.622,1.64024,1.64058,1.00,3.00
2017.02.07 18:09:50.200,1.64023,1.64058,3.37,2.25
2017.02.07 18:09:50.251,1.64024,1.64058,2.25,2.25
2017.02.07 18:09:50.595,1.64036,1.64068,2.25,1.75
2017.02.07 18:09:50.646,1.64038,1.64068,1.00,1.00
2017.02.07 18:09:50.851,1.64038,1.6407,1.00,1.00
2017.02.07 18:09:50.902,1.64043,1.6407,1.87,1.00
2017.02.07 18:09:51.054,1.6405,1.64082,1.00,1.00
2017.02.07 18:09:51.105,1.64048,1.64081,1.00,1.00
2017.02.07 18:09:51.156,1.64048,1.64079,1.00,1.50
2017.02.07 18:09:51.459,1.64047,1.64077,1.12,1.00
2017.02.07 18:09:51.510,1.64048,1.64079,1.50,1.50
2017.02.07 18:09:52.027,1.6405,1.64078,1.00,1.00
2017.02.07 18:09:52.078,1.6405,1.64084,1.00,1.00
2017.02.07 18:09:52.330,1.64052,1.64084,1.00,1.50
2017.02.07 18:09:52.583,1.6405,1.64085,1.00,1.00
2017.02.07 18:09:52.835,1.64049,1.64078,1.00,1.00
2017.02.07 18:09:53.135,1.64045,1.6408,3.37,1.00
2017.02.07 18:09:53.338,1.64049,1.64084,1.37,1.50
2017.02.07 18:09:54.121,1.64051,1.64084,1.00,1.50
2017.02.07 18:09:54.631,1.6405,1.64083,1.12,1.00
2017.02.07 18:09:55.813,1.64049,1.64083,1.50,1.34
2017.02.07 18:09:55.915,1.64048,1.64078,1.75,1.34
2017.02.07 18:09:56.016,1.64042,1.64074,1.50,1.00
2017.02.07 18:09:56.067,1.6404,1.64069,2.25,1.00
2017.02.07 18:09:56.118,1.6404,1.64074,2.25,1.00
2017.02.07 18:09:56.421,1.64039,1.64073,1.00,1.00
2017.02.07 18:09:56.749,1.64038,1.64069,1.12,1.00
2017.02.07 18:09:58.554,1.64037,1.64068,1.37,1.50
2017.02.07 18:09:58.858,1.64025,1.64059,1.12,1.50
2017.02.07 18:09:58.960,1.64024,1.64059,1.50,1.50
2017.02.07 18:09:59.162,1.64024,1.64053,1.00,1.00
2017.02.07 18:10:00.112,1.64023,1.64053,1.12,1.00
2017.02.07 18:10:00.226,1.64023,1.64057,1.12,1.00
2017.02.07 18:10:00.727,1.64023,1.64056,1.12,1.00
2017.02.07 18:10:00.828,1.64023,1.64053,1.12,1.00
2017.02.07 18:10:00.930,1.64022,1.64056,2.25,1.00
2017.02.07 18:10:01.233,1.64021,1.64054,1.50,1.00
2017.02.07 18:10:01.635,1.64019,1.64048,1.75,1.00
2017.02.07 18:10:01.736,1.64014,1.64042,1.00,1.00
2017.02.07 18:10:01.942,1.6401,1.64042,1.50,1.00
2017.02.07 18:10:02.044,1.6401,1.64044,2.25,1.50
2017.02.07 18:10:02.246,1.64012,1.64046,2.62,1.00
2017.02.07 18:10:02.449,1.64012,1.64048,4.12,1.00
2017.02.07 18:10:02.550,1.64013,1.64044,1.50,1.00
2017.02.07 18:10:02.932,1.64011,1.64033,1.00,1.00
2017.02.07 18:10:03.034,1.64005,1.64037,1.37,1.00
2017.02.07 18:10:03.135,1.64005,1.6404,1.12,1.00
2017.02.07 18:10:03.236,1.64007,1.64042,1.12,1.00
2017.02.07 18:10:03.440,1.64007,1.64038,1.12,1.00
2017.02.07 18:10:03.542,1.64007,1.64042,1.12,1.00
2017.02.07 18:10:03.593,1.64004,1.64039,2.62,1.00
2017.02.07 18:10:03.912,1.64006,1.64042,1.87,1.00
2017.02.07 18:10:04.568,1.64006,1.64038,1.37,1.00
2017.02.07 18:10:05.144,1.64004,1.64039,1.75,1.87
2017.02.07 18:10:05.448,1.63999,1.64033,1.12,1.84
2017.02.07 18:10:05.498,1.63999,1.64033,1.37,1.00
2017.02.07 18:10:05.691,1.63997,1.64028,2.25,1.00
2017.02.07 18:10:05.843,1.63993,1.64029,1.37,1.00
2017.02.07 18:10:05.994,1.63994,1.64029,1.12,1.00
2017.02.07 18:10:06.045,1.63996,1.64031,1.50,1.12
2017.02.07 18:10:06.350,1.63998,1.64028,1.12,1.00
2017.02.07 18:10:06.451,1.63996,1.64028,1.00,1.00
2017.02.07 18:10:06.553,1.63994,1.64023,1.87,1.00
2017.02.07 18:10:06.854,1.63993,1.64014,1.50,1.00
2017.02.07 18:10:06.905,1.63988,1.64014,1.00,1.00
2017.02.07 18:10:06.956,1.63988,1.64018,1.00,1.34
2017.02.07 18:10:07.155,1.63984,1.64018,1.50,1.00
2017.02.07 18:10:07.206,1.63988,1.64022,1.12,1.75
2017.02.07 18:10:07.257,1.63988,1.64023,1.75,1.87
2017.02.07 18:10:07.408,1.63993,1.64023,1.37,1.00
2017.02.07 18:10:07.762,1.63992,1.64029,1.50,1.00
2017.02.07 18:10:07.914,1.63994,1.64028,1.37,1.00
2017.02.07 18:10:08.218,1.64006,1.64039,1.50,1.00
2017.02.07 18:10:08.762,1.6401,1.64041,1.75,1.00
2017.02.07 18:10:09.065,1.6401,1.64038,1.00,1.84
2017.02.07 18:10:09.116,1.64005,1.64033,1.37,1.00
2017.02.07 18:10:09.268,1.64006,1.64035,1.00,1.00
2017.02.07 18:10:09.319,1.64001,1.64035,2.25,1.50
2017.02.07 18:10:09.369,1.64005,1.64035,1.00,1.00
2017.02.07 18:10:09.420,1.64001,1.64035,4.50,1.00
2017.02.07 18:10:09.521,1.64006,1.64035,1.00,1.00
2017.02.07 18:10:10.036,1.64002,1.64035,1.00,1.00
2017.02.07 18:10:11.077,1.64001,1.64035,3.00,1.00
2017.02.07 18:10:11.456,1.64005,1.64038,1.12,1.00
2017.02.07 18:10:11.762,1.64009,1.64043,1.00,1.37
2017.02.07 18:10:12.252,1.6401,1.64043,1.37,1.00
2017.02.07 18:10:12.555,1.64003,1.64037,1.50,1.00
2017.02.07 18:10:12.656,1.64001,1.64029,1.00,1.00
2017.02.07 18:10:12.757,1.63998,1.64029,1.00,1.00
2017.02.07 18:10:13.463,1.63996,1.64024,1.00,1.00
2017.02.07 18:10:13.851,1.63984,1.64013,1.00,1.00
2017.02.07 18:10:14.422,1.63984,1.64018,1.00,1.84
2017.02.07 18:10:14.523,1.63984,1.64014,1.00,1.00
2017.02.07 18:10:15.160,1.63983,1.64014,1.00,1.00
2017.02.07 18:10:16.898,1.63983,1.64013,1.00,1.00
2017.02.07 18:10:17.506,1.63982,1.64013,1.50,1.00
2017.02.07 18:10:18.014,1.63981,1.64014,2.62,1.00
2017.02.07 18:10:18.617,1.63981,1.64014,2.25,1.00
2017.02.07 18:10:20.541,1.63984,1.64014,1.00,1.00
2017.02.07 18:10:20.844,1.63995,1.64018,1.00,1.00
2017.02.07 18:10:20.895,1.63993,1.64023,2.21,1.00
2017.02.07 18:10:20.996,1.63995,1.64029,1.12,1.87
2017.02.07 18:10:21.563,1.63995,1.64028,2.25,1.00
2017.02.07 18:10:22.129,1.63995,1.64028,2.25,1.00
2017.02.07 18:10:22.674,1.63995,1.64028,2.25,1.00
2017.02.07 18:10:22.794,1.63995,1.64023,1.50,1.00
2017.02.07 18:10:26.323,1.63995,1.64008,1.00,1.09
2017.02.07 18:10:26.373,1.63992,1.64008,1.50,1.09
2017.02.07 18:10:26.525,1.63979,1.64009,4.87,1.00
2017.02.07 18:10:26.626,1.6398,1.64013,2.62,1.00
2017.02.07 18:10:27.132,1.63981,1.64014,1.87,1.00
2017.02.07 18:10:27.283,1.63981,1.64016,3.37,1.84
2017.02.07 18:10:29.516,1.63982,1.64016,1.00,1.84
2017.02.07 18:10:29.819,1.63982,1.64014,1.00,1.00
2017.02.07 18:10:30.322,1.6398,1.64013,1.00,1.00
2017.02.07 18:10:30.828,1.63981,1.64013,1.00,1.00
2017.02.07 18:10:31.942,1.63982,1.64013,1.00,1.00
2017.02.07 18:10:32.153,1.63982,1.64016,1.00,2.59
2017.02.07 18:10:32.928,1.63983,1.64016,1.00,1.84
2017.02.07 18:10:37.016,1.63983,1.64013,1.00,1.00
2017.02.07 18:10:37.335,1.63989,1.64022,1.37,1.00
2017.02.07 18:10:37.385,1.63988,1.6402,4.12,1.00
2017.02.07 18:10:37.487,1.63988,1.64023,1.87,1.50
2017.02.07 18:10:38.015,1.63989,1.64022,1.50,1.00
2017.02.07 18:10:38.531,1.6399,1.64018,1.00,1.00
2017.02.07 18:10:38.633,1.63983,1.64014,1.87,1.00
2017.02.07 18:10:38.987,1.63984,1.64016,1.87,1.00
2017.02.07 18:10:39.333,1.63983,1.64013,1.37,1.00
2017.02.07 18:10:39.535,1.63973,1.64002,1.00,1.00
2017.02.07 18:10:39.586,1.63972,1.64,1.50,1.00
2017.02.07 18:10:39.790,1.63975,1.64004,1.37,1.00
2017.02.07 18:10:39.936,1.63975,1.64007,2.25,1.00
2017.02.07 18:10:40.037,1.63975,1.64008,1.12,1.00
2017.02.07 18:10:40.395,1.63975,1.64009,2.25,1.00
2017.02.07 18:10:40.659,1.63979,1.64014,1.87,1.50
2017.02.07 18:10:40.967,1.6398,1.64014,1.50,1.50
2017.02.07 18:10:41.018,1.6398,1.64012,1.50,1.50
2017.02.07 18:10:41.902,1.63979,1.64012,1.87,1.00
2017.02.07 18:10:42.247,1.63979,1.64012,2.25,1.00
2017.02.07 18:10:42.449,1.63981,1.64014,1.50,1.00
2017.02.07 18:10:42.736,1.63981,1.64014,1.75,1.00
2017.02.07 18:10:42.787,1.63983,1.64016,1.12,1.50
2017.02.07 18:10:42.838,1.63983,1.64014,2.25,1.00
2017.02.07 18:10:43.149,1.63983,1.64013,4.50,1.00
2017.02.07 18:10:43.250,1.63983,1.64018,3.75,1.00
2017.02.07 18:10:44.999,1.63983,1.64018,1.75,1.34
2017.02.07 18:10:45.050,1.63982,1.64014,2.62,1.00
2017.02.07 18:10:45.152,1.63981,1.64014,1.87,1.50
2017.02.07 18:10:45.416,1.63981,1.64012,1.12,1.00
2017.02.07 18:10:45.722,1.63979,1.64008,1.00,1.00
2017.02.07 18:10:45.924,1.6397,1.64003,1.12,1.00
2017.02.07 18:10:46.076,1.63972,1.64004,2.62,2.62
2017.02.07 18:10:46.547,1.63972,1.64009,1.50,3.00
2017.02.07 18:10:46.648,1.63974,1.64008,1.12,1.50
2017.02.07 18:10:46.749,1.63974,1.64008,1.00,3.75
2017.02.07 18:10:47.055,1.63971,1.64007,1.12,1.75
2017.02.07 18:10:47.226,1.63971,1.64004,1.00,1.37
2017.02.07 18:10:47.879,1.63966,1.63996,1.87,1.00
2017.02.07 18:10:48.096,1.63966,1.63999,1.50,1.00
2017.02.07 18:10:48.197,1.63968,1.63999,1.00,1.00
2017.02.07 18:10:48.715,1.63965,1.63998,1.71,1.00
2017.02.07 18:10:48.828,1.63965,1.63998,1.00,1.50
2017.02.07 18:10:49.030,1.63965,1.63997,1.00,1.87
2017.02.07 18:10:49.334,1.63967,1.63997,1.46,1.87
2017.02.07 18:10:49.461,1.63967,1.63997,1.46,1.50
2017.02.07 18:10:49.716,1.6397,1.63994,1.37,1.00
2017.02.07 18:10:49.767,1.63971,1.64003,1.00,1.75
2017.02.07 18:10:49.818,1.63974,1.64003,1.37,1.37
2017.02.07 18:10:49.922,1.63974,1.64008,2.25,1.12
2017.02.07 18:10:50.801,1.63976,1.64009,1.37,1.37
2017.02.07 18:10:52.120,1.63974,1.64008,3.00,1.87
2017.02.07 18:10:52.236,1.63974,1.64008,2.62,1.87
2017.02.07 18:10:53.007,1.63974,1.64007,1.87,1.00
2017.02.07 18:10:53.439,1.6398,1.64007,2.62,1.00
2017.02.07 18:10:53.641,1.63991,1.64026,1.37,2.25
2017.02.07 18:10:53.995,1.63989,1.64024,2.62,1.50
2017.02.07 18:10:54.046,1.63989,1.64019,1.75,1.00
2017.02.07 18:10:54.147,1.63989,1.64024,1.37,3.00
2017.02.07 18:10:54.198,1.63989,1.6402,1.50,1.00
2017.02.07 18:10:54.299,1.63986,1.64019,1.37,1.00
2017.02.07 18:10:54.350,1.63986,1.64018,1.00,1.37
2017.02.07 18:10:54.829,1.63984,1.64019,1.12,3.00
2017.02.07 18:10:55.993,1.63986,1.64017,1.50,1.12
2017.02.07 18:10:56.322,1.63987,1.64022,1.00,1.12
2017.02.07 18:10:56.932,1.63986,1.64021,1.00,1.00
2017.02.07 18:10:57.084,1.63986,1.64019,1.00,1.00
2017.02.07 18:10:57.387,1.63978,1.64012,2.25,1.00
2017.02.07 18:10:57.690,1.63977,1.6401,1.00,1.00
2017.02.07 18:10:58.475,1.63977,1.64011,1.00,2.25
2017.02.07 18:10:58.980,1.63977,1.64009,1.00,1.00
2017.02.07 18:10:59.513,1.63977,1.64011,1.00,1.50
2017.02.07 18:10:59.734,1.63975,1.64011,1.37,2.25
2017.02.07 18:10:59.886,1.63978,1.64011,1.87,2.25
2017.02.07 18:10:59.936,1.63977,1.64011,1.87,2.25
2017.02.07 18:10:59.987,1.63978,1.64011,1.12,1.50
2017.02.07 18:11:00.456,1.63978,1.64011,1.37,1.00
2017.02.07 18:11:00.766,1.63978,1.64011,2.62,1.00
2017.02.07 18:11:00.817,1.6398,1.64011,1.37,1.00
2017.02.07 18:11:01.019,1.6398,1.64011,1.12,1.00
2017.02.07 18:11:01.714,1.63979,1.64011,1.12,1.00
2017.02.07 18:11:02.221,1.63979,1.64011,2.25,1.00
2017.02.07 18:11:02.918,1.63983,1.64011,1.37,1.00
2017.02.07 18:11:03.069,1.63984,1.64018,2.25,1.12
2017.02.07 18:11:04.700,1.63985,1.64018,3.37,1.00
2017.02.07 18:11:06.264,1.63986,1.64018,1.00,1.00
2017.02.07 18:11:06.766,1.63984,1.64018,1.50,1.37
2017.02.07 18:11:07.069,1.6398,1.64009,1.00,2.21
2017.02.07 18:11:07.171,1.63977,1.64006,1.12,1.00
2017.02.07 18:11:07.222,1.63973,1.64006,1.12,1.00
2017.02.07 18:11:07.546,1.63974,1.6401,1.12,2.62
2017.02.07 18:11:07.840,1.63975,1.6401,1.00,2.62
2017.02.07 18:11:09.169,1.63975,1.6401,1.37,1.87
2017.02.07 18:11:09.270,1.63976,1.64011,1.87,1.00
2017.02.07 18:11:09.321,1.63976,1.64013,4.12,1.50
2017.02.07 18:11:10.175,1.63976,1.64007,2.62,1.00
2017.02.07 18:11:10.501,1.63974,1.64003,1.00,1.00
2017.02.07 18:11:10.837,1.63974,1.63998,1.00,1.00
2017.02.07 18:11:11.276,1.63972,1.63998,1.00,1.00
2017.02.07 18:11:11.327,1.63972,1.64003,1.87,1.50
2017.02.07 18:11:11.437,1.63973,1.64003,1.37,1.00
2017.02.07 18:11:11.810,1.6397,1.64003,1.50,1.00
2017.02.07 18:11:11.862,1.6397,1.64,1.37,1.00
2017.02.07 18:11:11.912,1.63966,1.63998,1.50,1.00
2017.02.07 18:11:12.146,1.63965,1.64,3.75,2.25
2017.02.07 18:11:12.661,1.63965,1.63998,3.00,1.00
2017.02.07 18:11:14.107,1.63964,1.64,3.37,1.50
2017.02.07 18:11:14.158,1.63966,1.64,1.87,1.50
2017.02.07 18:11:14.259,1.63967,1.64003,1.12,1.50
2017.02.07 18:11:14.479,1.63973,1.64006,1.00,1.37
2017.02.07 18:11:14.530,1.63972,1.64006,1.50,1.00
2017.02.07 18:11:15.085,1.63972,1.64008,1.12,2.25
2017.02.07 18:11:15.393,1.63973,1.64008,1.75,1.50
2017.02.07 18:11:15.695,1.63986,1.64014,1.37,1.00
2017.02.07 18:11:15.745,1.63987,1.64016,1.37,1.00
2017.02.07 18:11:15.915,1.63989,1.64021,1.00,1.00
2017.02.07 18:11:16.301,1.63987,1.64023,2.62,2.25
2017.02.07 18:11:16.351,1.63989,1.64023,1.37,2.25
2017.02.07 18:11:16.506,1.63992,1.64023,2.25,1.00
2017.02.07 18:11:16.847,1.63992,1.64019,1.87,1.00
2017.02.07 18:11:16.898,1.63992,1.64023,1.87,1.00
2017.02.07 18:11:17.497,1.63992,1.64023,1.37,1.00
2017.02.07 18:11:17.750,1.63993,1.64028,1.87,1.12
2017.02.07 18:11:17.959,1.63994,1.6403,2.25,2.62
2017.02.07 18:11:18.213,1.63998,1.64031,1.00,1.00
2017.02.07 18:11:18.419,1.63997,1.64028,1.87,1.00
2017.02.07 18:11:18.845,1.64007,1.64033,1.12,1.00
2017.02.07 18:11:18.896,1.64003,1.64034,1.37,1.00
2017.02.07 18:11:19.048,1.64002,1.64029,1.00,1.00
2017.02.07 18:11:19.149,1.64001,1.64037,1.87,2.21
2017.02.07 18:11:19.790,1.64004,1.64038,1.87,1.00
2017.02.07 18:11:21.218,1.64005,1.64039,1.00,1.00
2017.02.07 18:11:21.719,1.64005,1.64038,1.50,1.00
2017.02.07 18:11:21.770,1.64008,1.64038,1.37,1.00
2017.02.07 18:11:22.489,1.64008,1.64039,1.37,1.00
2017.02.07 18:11:23.226,1.64007,1.64039,1.37,1.00
2017.02.07 18:11:23.327,1.64,1.64029,1.12,1.00
2017.02.07 18:11:23.828,1.64,1.64028,1.50,1.00
2017.02.07 18:11:23.947,1.64,1.64028,3.37,1.00
2017.02.07 18:11:24.049,1.64002,1.64034,1.37,1.00
2017.02.07 18:11:24.327,1.64008,1.64036,1.37,1.46
2017.02.07 18:11:24.530,1.64008,1.64038,1.37,1.00
2017.02.07 18:11:25.199,1.64007,1.64041,1.87,1.00
2017.02.07 18:11:25.437,1.64007,1.64041,1.87,1.00
2017.02.07 18:11:26.054,1.64005,1.64039,1.37,1.00
2017.02.07 18:11:26.357,1.64005,1.64033,1.12,1.00
2017.02.07 18:11:26.465,1.64,1.64032,1.12,1.50
2017.02.07 18:11:26.516,1.63999,1.64032,1.37,1.00
2017.02.07 18:11:26.567,1.63996,1.64026,2.25,1.00
2017.02.07 18:11:26.617,1.63994,1.64026,1.00,1.00
2017.02.07 18:11:26.769,1.63991,1.64024,1.12,1.00
2017.02.07 18:11:27.124,1.63991,1.64022,1.12,1.00
2017.02.07 18:11:27.865,1.63991,1.64022,1.12,1.00
2017.02.07 18:11:28.126,1.63992,1.64024,1.50,1.00
2017.02.07 18:11:28.663,1.63994,1.64025,1.12,1.00
2017.02.07 18:11:28.714,1.63994,1.64027,1.12,1.00
2017.02.07 18:11:29.307,1.63995,1.64026,1.00,1.00
2017.02.07 18:11:29.358,1.63995,1.6403,1.37,1.12
2017.02.07 18:11:29.510,1.63998,1.64032,1.50,1.00
2017.02.07 18:11:29.712,1.63998,1.64034,1.50,1.50
2017.02.07 18:11:31.329,1.63999,1.64024,1.00,1.00
2017.02.07 18:11:31.651,1.63987,1.64022,3.37,1.00
2017.02.07 18:11:31.702,1.63988,1.64019,1.12,1.00
2017.02.07 18:11:32.698,1.63986,1.64018,5.62,1.00
2017.02.07 18:11:33.154,1.63987,1.6402,1.75,1.00
2017.02.07 18:11:33.454,1.63987,1.6402,1.50,1.00
2017.02.07 18:11:34.136,1.63987,1.64019,1.50,1.00
2017.02.07 18:11:34.676,1.63987,1.6402,1.00,1.00
2017.02.07 18:11:36.272,1.63987,1.64021,1.00,1.00
2017.02.07 18:11:36.455,1.63988,1.64019,1.37,1.00
2017.02.07 18:11:36.898,1.63989,1.64019,2.25,1.00
2017.02.07 18:11:39.375,1.63991,1.64024,1.75,1.00
2017.02.07 18:11:39.527,1.63991,1.64022,1.12,1.00
2017.02.07 18:11:39.629,1.63988,1.6402,1.00,1.00
2017.02.07 18:11:40.179,1.63988,1.64018,1.00,1.00
2017.02.07 18:11:40.343,1.63984,1.64018,1.87,1.50
2017.02.07 18:11:40.495,1.63983,1.64013,1.00,2.25
2017.02.07 18:11:40.798,1.63975,1.64003,1.75,1.50
2017.02.07 18:11:40.950,1.63972,1.64003,1.50,1.00
2017.02.07 18:11:41.927,1.63977,1.64006,1.75,1.00
2017.02.07 18:11:42.180,1.63986,1.64017,1.12,1.00
2017.02.07 18:11:42.230,1.63992,1.64017,1.00,1.00
2017.02.07 18:11:42.281,1.63992,1.64021,1.00,1.00
2017.02.07 18:11:42.382,1.6399,1.64024,1.12,1.00
2017.02.07 18:11:42.458,1.63992,1.64021,1.37,1.00
2017.02.07 18:11:42.610,1.63993,1.64023,1.37,1.00
2017.02.07 18:11:42.791,1.63996,1.64028,1.00,1.12
2017.02.07 18:11:42.842,1.63998,1.64028,1.50,1.00
2017.02.07 18:11:43.447,1.63997,1.64029,1.75,1.00
2017.02.07 18:11:43.650,1.63998,1.64032,1.50,1.00
2017.02.07 18:11:44.413,1.63998,1.64029,2.25,1.00
2017.02.07 18:11:44.631,1.63999,1.64033,1.12,1.00
2017.02.07 18:11:44.682,1.63999,1.64031,1.12,1.00
2017.02.07 18:11:44.985,1.63997,1.64029,1.12,1.00
2017.02.07 18:11:45.036,1.64,1.64032,1.00,1.37
2017.02.07 18:11:45.087,1.64,1.64032,2.25,1.37
2017.02.07 18:11:45.341,1.64004,1.64037,1.87,1.00
2017.02.07 18:11:46.178,1.64008,1.64037,1.00,1.00
2017.02.07 18:11:46.819,1.64008,1.64038,1.00,1.00
2017.02.07 18:11:46.928,1.64004,1.64038,1.87,1.00
2017.02.07 18:11:47.484,1.64006,1.64038,1.00,1.50
2017.02.07 18:11:47.535,1.64008,1.64038,1.00,1.50
2017.02.07 18:11:48.024,1.6401,1.64044,1.50,1.75
2017.02.07 18:11:48.075,1.64008,1.64039,1.12,1.00
2017.02.07 18:11:48.277,1.64006,1.64039,1.00,1.00
2017.02.07 18:11:48.328,1.64007,1.64042,1.50,1.87
2017.02.07 18:11:49.024,1.64007,1.6404,2.25,1.00
2017.02.07 18:11:49.327,1.64003,1.64035,1.75,1.00
2017.02.07 18:11:49.378,1.64004,1.64035,1.00,1.00
2017.02.07 18:11:49.529,1.64004,1.64032,1.00,1.00
2017.02.07 18:11:50.663,1.64004,1.64033,1.00,1.00
2017.02.07 18:11:51.221,1.64004,1.64029,1.00,1.00
2017.02.07 18:11:51.564,1.64004,1.64033,1.00,1.50
2017.02.07 18:11:52.065,1.64004,1.64034,1.00,1.00
2017.02.07 18:11:52.566,1.64004,1.64033,1.00,1.50
2017.02.07 18:11:53.291,1.64004,1.64028,1.00,1.00
2017.02.07 18:11:53.512,1.64004,1.64033,1.00,1.50
2017.02.07 18:11:54.588,1.64004,1.64029,1.00,1.00
2017.02.07 18:11:56.721,1.64004,1.64033,1.00,1.00
2017.02.07 18:11:58.121,1.64004,1.64034,1.00,1.00
2017.02.07 18:12:00.355,1.64004,1.64033,1.00,1.00
2017.02.07 18:12:01.591,1.64003,1.64033,1.12,1.00
2017.02.07 18:12:01.642,1.64003,1.64035,1.00,1.00
2017.02.07 18:12:01.743,1.64002,1.64033,2.62,1.00
2017.02.07 18:12:01.945,1.64008,1.64043,2.62,1.37
2017.02.07 18:12:02.427,1.64014,1.64047,1.00,1.12
2017.02.07 18:12:02.636,1.64015,1.64044,1.00,1.00
2017.02.07 18:12:02.838,1.64011,1.64044,2.25,1.00
2017.02.07 18:12:02.939,1.64011,1.64043,1.87,1.00
2017.02.07 18:12:03.469,1.64009,1.64042,3.37,1.00
2017.02.07 18:12:04.027,1.64009,1.64043,1.75,1.50
2017.02.07 18:12:07.902,1.64017,1.64043,1.00,1.50
2017.02.07 18:12:08.205,1.64025,1.64044,1.00,1.00
2017.02.07 18:12:08.256,1.64025,1.64047,1.00,1.12
2017.02.07 18:12:08.307,1.64022,1.64046,1.00,1.00
2017.02.07 18:12:08.410,1.64025,1.64046,1.00,1.00
2017.02.07 18:12:08.930,1.64026,1.64049,1.00,1.75
2017.02.07 18:12:09.032,1.64027,1.64049,1.00,1.00
2017.02.07 18:12:09.172,1.64025,1.64049,1.00,1.00
2017.02.07 18:12:09.273,1.64031,1.64053,1.00,1.50
2017.02.07 18:12:09.576,1.64039,1.64063,1.00,1.75
2017.02.07 18:12:09.728,1.64037,1.64059,1.50,1.00
2017.02.07 18:12:09.930,1.64037,1.64048,1.00,1.00
2017.02.07 18:12:09.981,1.64028,1.64048,1.12,1.12
2017.02.07 18:12:10.032,1.64025,1.64044,1.00,1.00
2017.02.07 18:12:10.536,1.64027,1.64043,1.00,1.00
2017.02.07 18:12:10.714,1.64032,1.64055,1.50,1.71
2017.02.07 18:12:10.765,1.64036,1.64057,1.00,1.09
2017.02.07 18:12:10.816,1.64036,1.64058,1.00,1.00
2017.02.07 18:12:11.321,1.64035,1.64058,1.00,1.00
2017.02.07 18:12:11.425,1.64037,1.64058,1.00,1.00
2017.02.07 18:12:11.915,1.64035,1.64058,1.00,1.00
2017.02.07 18:12:12.754,1.64039,1.64063,1.00,1.12
2017.02.07 18:12:12.805,1.64043,1.64063,1.00,1.00
2017.02.07 18:12:12.907,1.64046,1.64077,1.00,1.12
2017.02.07 18:12:12.958,1.64058,1.64077,1.50,1.12
2017.02.07 18:12:13.059,1.64061,1.64087,1.00,1.75
2017.02.07 18:12:13.110,1.6406,1.64088,1.37,1.50
2017.02.07 18:12:13.277,1.64059,1.64075,1.00,1.00
2017.02.07 18:12:13.370,1.64055,1.64089,1.87,1.00
2017.02.07 18:12:13.421,1.64064,1.64091,1.00,1.12
2017.02.07 18:12:13.857,1.64058,1.64084,1.00,1.00
2017.02.07 18:12:13.908,1.64056,1.64084,1.12,1.00
2017.02.07 18:12:14.059,1.64054,1.64084,1.50,1.37
2017.02.07 18:12:14.110,1.64051,1.64084,1.00,1.12
2017.02.07 18:12:14.262,1.64053,1.64084,1.00,1.00
2017.02.07 18:12:14.363,1.64051,1.64083,1.50,1.00
2017.02.07 18:12:14.465,1.64053,1.64084,1.00,1.12
2017.02.07 18:12:14.868,1.6405,1.64084,1.12,1.37
2017.02.07 18:12:15.041,1.6405,1.64078,1.12,1.75
2017.02.07 18:12:15.142,1.64039,1.64073,2.25,1.50
2017.02.07 18:12:15.345,1.64043,1.64076,1.12,1.00
2017.02.07 18:12:15.395,1.64046,1.64077,1.00,1.50
2017.02.07 18:12:15.446,1.64046,1.64079,1.50,1.12
2017.02.07 18:12:15.548,1.64049,1.64079,1.00,1.12
2017.02.07 18:12:15.649,1.64051,1.64084,1.00,1.00
2017.02.07 18:12:15.700,1.64053,1.64084,1.00,1.00
2017.02.07 18:12:15.751,1.64051,1.64084,1.00,1.00
2017.02.07 18:12:15.802,1.64051,1.64084,1.87,1.00
2017.02.07 18:12:16.308,1.6405,1.64084,1.00,1.00
2017.02.07 18:12:16.630,1.64049,1.64082,1.00,1.75
2017.02.07 18:12:16.832,1.64041,1.64076,1.50,1.00
2017.02.07 18:12:16.883,1.6405,1.64077,1.00,1.37
2017.02.07 18:12:17.136,1.64059,1.64088,1.50,1.50
2017.02.07 18:12:17.187,1.64061,1.64088,1.50,1.50
2017.02.07 18:12:17.490,1.64061,1.64088,1.37,1.00
2017.02.07 18:12:17.541,1.64057,1.64088,1.12,1.00
2017.02.07 18:12:18.379,1.64059,1.64088,1.00,1.00
2017.02.07 18:12:18.683,1.64089,1.64104,1.12,1.00
2017.02.07 18:12:18.734,1.64089,1.64111,2.25,1.50
2017.02.07 18:12:18.785,1.64092,1.64111,1.37,1.50
2017.02.07 18:12:18.835,1.64091,1.64119,1.00,1.00
2017.02.07 18:12:18.937,1.64085,1.64114,1.50,1.00
2017.02.07 18:12:19.038,1.64084,1.64119,1.37,1.00
2017.02.07 18:12:19.213,1.64087,1.64114,1.00,1.00
2017.02.07 18:12:19.263,1.64084,1.64114,1.00,1.00
2017.02.07 18:12:19.466,1.64085,1.64116,1.37,1.50
2017.02.07 18:12:19.769,1.64132,1.64144,1.37,1.00
2017.02.07 18:12:19.820,1.6413,1.64161,1.87,1.12
2017.02.07 18:12:19.925,1.64138,1.64163,1.00,1.00
2017.02.07 18:12:20.174,1.6414,1.64169,1.00,1.00
2017.02.07 18:12:20.225,1.6414,1.64165,1.00,1.00
2017.02.07 18:12:20.377,1.64136,1.64168,1.37,1.50
2017.02.07 18:12:20.478,1.64143,1.64168,1.00,1.50
2017.02.07 18:12:20.529,1.64139,1.64169,1.12,1.00
2017.02.07 18:12:20.681,1.64137,1.64163,1.50,1.00
2017.02.07 18:12:20.733,1.64135,1.64163,1.87,1.00
2017.02.07 18:12:20.834,1.64132,1.64154,1.50,1.00
2017.02.07 18:12:20.885,1.64131,1.64154,1.87,1.00
2017.02.07 18:12:20.936,1.64131,1.64156,1.87,1.00
2017.02.07 18:12:21.181,1.64124,1.64149,1.12,1.00
2017.02.07 18:12:21.232,1.64124,1.64147,1.12,1.00
2017.02.07 18:12:21.282,1.64122,1.64147,1.00,1.37
2017.02.07 18:12:21.333,1.64112,1.64138,2.25,1.00
2017.02.07 18:12:21.384,1.64112,1.64138,1.50,1.00
2017.02.07 18:12:21.435,1.64112,1.64138,1.12,1.00
2017.02.07 18:12:21.537,1.64111,1.64134,1.37,1.00
2017.02.07 18:12:21.740,1.64099,1.64128,1.87,1.00
2017.02.07 18:12:21.791,1.641,1.64132,1.37,1.50
2017.02.07 18:12:21.841,1.641,1.6413,1.12,1.00
2017.02.07 18:12:22.044,1.64103,1.64135,1.00,1.50
2017.02.07 18:12:22.190,1.64101,1.64133,1.75,1.00
2017.02.07 18:12:22.567,1.64099,1.64123,1.00,1.00
2017.02.07 18:12:22.618,1.64093,1.64123,1.12,1.00
2017.02.07 18:12:23.143,1.64093,1.64123,2.25,1.00
2017.02.07 18:12:23.194,1.64092,1.64124,1.75,1.75
2017.02.07 18:12:23.295,1.64086,1.64114,1.12,1.00
2017.02.07 18:12:23.677,1.64081,1.64112,1.75,1.00
2017.02.07 18:12:23.778,1.6408,1.64113,1.50,1.00
2017.02.07 18:12:23.930,1.64079,1.64109,1.50,1.00
2017.02.07 18:12:24.234,1.64093,1.64115,1.00,1.00
2017.02.07 18:12:24.285,1.64091,1.64123,1.37,1.37
2017.02.07 18:12:24.336,1.64088,1.64113,1.37,1.00
2017.02.07 18:12:24.386,1.6409,1.64113,1.00,1.00
2017.02.07 18:12:24.488,1.64085,1.64113,1.12,1.00
2017.02.07 18:12:24.539,1.64083,1.64113,1.00,1.50
2017.02.07 18:12:24.640,1.64083,1.64116,1.00,1.00
2017.02.07 18:12:24.742,1.64085,1.64115,1.12,1.00
2017.02.07 18:12:25.254,1.64085,1.64116,1.12,1.50
2017.02.07 18:12:25.645,1.64085,1.64115,2.25,1.00
2017.02.07 18:12:25.696,1.64086,1.64121,1.45,1.75
2017.02.07 18:12:25.747,1.64088,1.64121,1.20,1.00
2017.02.07 18:12:25.798,1.64087,1.64127,1.75,2.25
2017.02.07 18:12:25.900,1.64088,1.64118,1.12,1.00
2017.02.07 18:12:26.001,1.64085,1.64117,1.12,1.00
2017.02.07 18:12:26.203,1.64084,1.64115,1.00,1.00
2017.02.07 18:12:26.581,1.64082,1.64113,2.25,1.00
2017.02.07 18:12:26.804,1.64071,1.64102,1.12,1.00
2017.02.07 18:12:26.956,1.64067,1.64101,1.37,1.50
2017.02.07 18:12:27.263,1.64079,1.64109,1.12,1.00
2017.02.07 18:12:27.465,1.6409,1.64121,1.00,1.12
2017.02.07 18:12:27.516,1.64091,1.64128,1.50,2.62
2017.02.07 18:12:27.567,1.64095,1.64128,1.00,2.62
2017.02.07 18:12:27.669,1.64093,1.64128,1.00,1.00
2017.02.07 18:12:27.848,1.64091,1.64124,1.00,1.12
2017.02.07 18:12:28.151,1.64088,1.64122,1.37,1.12
2017.02.07 18:12:28.664,1.64088,1.64123,1.00,2.25
2017.02.07 18:12:28.816,1.64086,1.64123,1.12,3.00
2017.02.07 18:12:29.019,1.64083,1.64114,1.37,1.37
2017.02.07 18:12:29.070,1.64083,1.64114,1.00,1.75
2017.02.07 18:12:29.221,1.6408,1.64114,1.00,1.75
2017.02.07 18:12:29.424,1.64077,1.64109,1.00,1.00
2017.02.07 18:12:29.746,1.64074,1.64106,1.00,1.12
2017.02.07 18:12:29.847,1.64063,1.64098,1.87,1.12
2017.02.07 18:12:29.898,1.64064,1.64096,1.00,1.00
2017.02.07 18:12:30.202,1.64061,1.64094,1.37,1.00
2017.02.07 18:12:30.505,1.64068,1.641,1.12,1.37
2017.02.07 18:12:30.556,1.64067,1.64101,1.87,1.50
2017.02.07 18:12:31.107,1.64069,1.64101,1.00,1.50
2017.02.07 18:12:32.138,1.64067,1.64101,1.50,1.50
2017.02.07 18:12:32.341,1.64066,1.641,1.12,1.37
2017.02.07 18:12:32.737,1.6407,1.641,1.00,1.37
2017.02.07 18:12:33.041,1.64078,1.64113,1.09,1.37
2017.02.07 18:12:33.092,1.64078,1.64113,1.09,1.00
2017.02.07 18:12:33.650,1.64079,1.64108,1.09,1.00
2017.02.07 18:12:34.164,1.64079,1.64108,1.09,1.50
2017.02.07 18:12:34.815,1.64075,1.64108,1.84,1.50
2017.02.07 18:12:34.911,1.6407,1.64103,1.50,1.00
2017.02.07 18:12:34.962,1.64068,1.64099,1.87,1.00
2017.02.07 18:12:35.063,1.64063,1.64099,1.87,1.00
2017.02.07 18:12:35.165,1.64063,1.64097,1.12,1.00
2017.02.07 18:12:35.467,1.64062,1.64097,2.96,1.50
2017.02.07 18:12:36.455,1.64064,1.64097,1.00,1.50
2017.02.07 18:12:36.708,1.64061,1.64093,1.12,1.50
2017.02.07 18:12:36.759,1.64061,1.64079,1.12,1.00
2017.02.07 18:12:36.961,1.64049,1.64073,1.00,1.00
2017.02.07 18:12:37.012,1.64045,1.64073,1.12,1.00
2017.02.07 18:12:37.638,1.64039,1.64072,1.00,1.50
2017.02.07 18:12:37.840,1.64041,1.64072,1.12,1.00
2017.02.07 18:12:37.891,1.64041,1.64074,1.50,1.00
2017.02.07 18:12:37.994,1.64043,1.64074,1.00,1.00
2017.02.07 18:12:38.297,1.64035,1.64063,1.12,1.00
2017.02.07 18:12:38.399,1.6403,1.64061,1.12,1.34
2017.02.07 18:12:38.450,1.64031,1.64058,1.00,1.12
2017.02.07 18:12:38.501,1.64029,1.64058,1.00,1.50
2017.02.07 18:12:38.552,1.64028,1.64058,1.12,1.00
2017.02.07 18:12:38.711,1.64033,1.64063,1.12,1.00
2017.02.07 18:12:38.812,1.6403,1.64063,1.75,1.00
2017.02.07 18:12:38.933,1.64032,1.64066,1.37,1.37
2017.02.07 18:12:39.236,1.64034,1.64066,1.37,1.37
2017.02.07 18:12:39.388,1.64035,1.6407,1.12,1.00
2017.02.07 18:12:39.590,1.64034,1.64071,1.46,1.12
2017.02.07 18:12:40.448,1.64034,1.64068,1.50,1.00
2017.02.07 18:12:40.841,1.64035,1.64063,1.00,1.00
2017.02.07 18:12:40.993,1.64033,1.64069,1.75,1.00
2017.02.07 18:12:41.044,1.64033,1.64071,1.87,2.25
2017.02.07 18:12:41.196,1.64036,1.64073,1.00,1.50
2017.02.07 18:12:41.500,1.64037,1.64075,3.00,1.87
2017.02.07 18:12:42.647,1.6404,1.64074,1.12,1.00
2017.02.07 18:12:43.164,1.64037,1.64071,1.75,1.12
2017.02.07 18:12:43.215,1.64037,1.64071,1.00,1.50
2017.02.07 18:12:43.814,1.64037,1.64068,1.00,1.00
2017.02.07 18:12:44.016,1.64038,1.64074,1.50,1.37
2017.02.07 18:12:44.522,1.64038,1.64074,4.12,1.00
2017.02.07 18:12:45.219,1.6404,1.64074,1.50,1.00
2017.02.07 18:12:45.613,1.64038,1.64074,3.00,1.37
2017.02.07 18:12:45.714,1.64037,1.64072,1.00,1.37
2017.02.07 18:12:45.765,1.64036,1.64069,1.12,1.00
2017.02.07 18:12:45.867,1.64034,1.64069,1.87,1.00
2017.02.07 18:12:46.019,1.64036,1.64069,1.00,1.00
2017.02.07 18:12:46.069,1.64036,1.64073,1.00,2.62
2017.02.07 18:12:46.121,1.64039,1.64073,1.00,1.50
2017.02.07 18:12:46.273,1.6404,1.64076,1.37,1.50
2017.02.07 18:12:46.686,1.64039,1.64072,1.37,1.00
2017.02.07 18:12:46.737,1.64039,1.64074,1.37,1.00
2017.02.07 18:12:46.788,1.64039,1.64074,1.00,1.37
2017.02.07 18:12:47.091,1.64039,1.64068,1.00,1.00
2017.02.07 18:12:47.394,1.64042,1.64073,1.84,1.12
2017.02.07 18:12:48.216,1.64044,1.64073,1.34,1.00
2017.02.07 18:12:48.267,1.64046,1.64083,1.84,1.87
2017.02.07 18:12:48.318,1.64049,1.64082,1.00,1.00
2017.02.07 18:12:48.621,1.64052,1.64083,1.00,1.00
2017.02.07 18:12:48.946,1.64051,1.64079,1.50,1.00
2017.02.07 18:12:49.101,1.64046,1.64079,1.34,1.00
2017.02.07 18:12:49.578,1.64046,1.64073,1.34,1.00
2017.02.07 18:12:51.609,1.64045,1.64073,1.00,1.00
2017.02.07 18:12:52.368,1.64044,1.64073,1.00,1.00
2017.02.07 18:12:52.950,1.64045,1.64073,1.00,1.00
2017.02.07 18:12:53.811,1.64045,1.64064,1.00,1.00
2017.02.07 18:12:53.862,1.64044,1.64079,1.50,1.37
2017.02.07 18:12:54.014,1.64046,1.64078,1.00,1.00
2017.02.07 18:12:54.519,1.64045,1.64079,2.62,1.00
2017.02.07 18:12:55.217,1.64046,1.64078,1.50,1.00
2017.02.07 18:12:55.319,1.64046,1.64082,1.50,1.00
2017.02.07 18:12:56.051,1.64048,1.64083,1.12,1.00
2017.02.07 18:12:56.459,1.64048,1.64079,1.12,1.00
2017.02.07 18:12:56.763,1.64045,1.64073,2.25,1.00
2017.02.07 18:12:57.005,1.64045,1.64074,1.00,1.12
2017.02.07 18:12:57.056,1.64043,1.64073,1.00,1.00
2017.02.07 18:12:57.107,1.64041,1.64073,1.50,1.00
2017.02.07 18:12:57.651,1.64041,1.64074,1.50,1.12
2017.02.07 18:12:57.906,1.64043,1.64074,1.75,1.00
2017.02.07 18:12:58.159,1.6405,1.64079,1.00,1.00
2017.02.07 18:12:58.361,1.64049,1.64083,1.00,1.12
2017.02.07 18:12:58.924,1.64047,1.64069,1.12,1.00
2017.02.07 18:12:59.025,1.6404,1.64068,1.12,1.00
2017.02.07 18:12:59.126,1.64038,1.64068,1.50,1.00
2017.02.07 18:13:00.004,1.64038,1.64063,1.00,1.00
2017.02.07 18:13:00.166,1.64038,1.64071,1.00,1.50
2017.02.07 18:13:00.217,1.64038,1.64073,1.75,1.00
2017.02.07 18:13:00.319,1.64043,1.64074,1.00,1.00
2017.02.07 18:13:00.369,1.64043,1.64078,1.00,1.00
2017.02.07 18:13:00.420,1.64044,1.64078,1.00,1.12
2017.02.07 18:13:00.724,1.64039,1.64074,4.87,1.37
2017.02.07 18:13:00.825,1.64039,1.64074,2.25,1.37
2017.02.07 18:13:01.105,1.64044,1.64073,1.00,1.00
2017.02.07 18:13:01.156,1.64044,1.64078,1.00,1.12
2017.02.07 18:13:01.207,1.64045,1.64079,1.12,1.12
2017.02.07 18:13:01.257,1.64047,1.64081,1.00,1.00
2017.02.07 18:13:01.561,1.6406,1.64089,1.00,1.00
2017.02.07 18:13:01.902,1.64056,1.64088,1.50,1.12
2017.02.07 18:13:01.952,1.64056,1.64088,1.50,1.12
2017.02.07 18:13:02.129,1.64054,1.64084,2.25,1.12
2017.02.07 18:13:02.332,1.64049,1.64081,1.00,1.37
2017.02.07 18:13:02.484,1.64047,1.6408,2.62,1.50
2017.02.07 18:13:02.535,1.64051,1.64079,1.00,1.00
2017.02.07 18:13:02.838,1.64051,1.64079,1.84,1.00
2017.02.07 18:13:03.163,1.64047,1.64079,3.00,1.00
2017.02.07 18:13:03.214,1.64047,1.64079,2.25,1.00
2017.02.07 18:13:03.718,1.64048,1.64079,1.00,1.00
2017.02.07 18:13:04.036,1.64047,1.64068,1.00,1.00
2017.02.07 18:13:04.138,1.6404,1.64068,1.75,1.00
2017.02.07 18:13:04.239,1.64039,1.64068,1.00,1.00
2017.02.07 18:13:04.606,1.64039,1.64063,1.34,1.00
2017.02.07 18:13:04.762,1.64038,1.64068,1.87,1.00
2017.02.07 18:13:04.813,1.64039,1.64068,2.25,1.00
2017.02.07 18:13:05.030,1.64039,1.64073,2.25,1.00
2017.02.07 18:13:05.132,1.64044,1.64076,1.00,1.00
2017.02.07 18:13:05.240,1.64044,1.64081,1.50,2.25
2017.02.07 18:13:05.341,1.64044,1.64081,1.75,1.00
2017.02.07 18:13:05.644,1.6405,1.64078,1.00,1.00
2017.02.07 18:13:05.846,1.64047,1.64078,1.37,1.00
2017.02.07 18:13:05.947,1.64046,1.64083,3.00,1.00
2017.02.07 18:13:06.200,1.64046,1.64079,3.37,1.00
2017.02.07 18:13:06.536,1.64065,1.64089,1.50,1.00
2017.02.07 18:13:06.739,1.6407,1.64096,1.00,1.87
2017.02.07 18:13:06.840,1.64075,1.64098,1.00,1.75
2017.02.07 18:13:06.941,1.64082,1.64108,1.00,1.37
2017.02.07 18:13:07.043,1.64087,1.64113,1.00,1.12
2017.02.07 18:13:07.094,1.64082,1.64113,1.00,1.12
2017.02.07 18:13:07.144,1.64092,1.64113,1.00,1.00
2017.02.07 18:13:07.296,1.64092,1.64121,1.00,1.12
2017.02.07 18:13:07.347,1.64095,1.64118,1.00,1.00
2017.02.07 18:13:07.650,1.64074,1.64103,1.00,1.00
2017.02.07 18:13:07.884,1.64076,1.64103,1.00,1.12
2017.02.07 18:13:08.187,1.64088,1.64108,1.00,1.87
2017.02.07 18:13:08.238,1.6409,1.64111,1.00,1.75
2017.02.07 18:13:08.289,1.64086,1.64113,1.00,2.25
2017.02.07 18:13:08.441,1.64086,1.64113,1.00,1.50
2017.02.07 18:13:08.492,1.64081,1.64104,1.12,1.00
2017.02.07 18:13:08.644,1.64077,1.64104,1.00,1.12
2017.02.07 18:13:08.695,1.64077,1.64104,1.00,1.37
2017.02.07 18:13:09.052,1.6407,1.64099,1.00,1.00
2017.02.07 18:13:09.657,1.64073,1.64099,1.00,1.00
2017.02.07 18:13:09.758,1.64073,1.64104,1.00,1.50
2017.02.07 18:13:10.036,1.64075,1.64104,1.00,1.00
2017.02.07 18:13:10.187,1.64073,1.64104,1.50,1.00
2017.02.07 18:13:10.525,1.64076,1.64104,1.00,1.00
2017.02.07 18:13:10.828,1.64074,1.64099,1.00,1.00
2017.02.07 18:13:11.232,1.64069,1.64103,1.00,1.87
2017.02.07 18:13:11.384,1.64068,1.64102,1.00,2.62
2017.02.07 18:13:11.687,1.64073,1.64102,1.00,1.87
2017.02.07 18:13:11.738,1.64068,1.64102,1.00,1.87
2017.02.07 18:13:12.042,1.64071,1.64101,1.00,1.12
2017.02.07 18:13:12.345,1.64071,1.64098,1.00,1.37
2017.02.07 18:13:12.447,1.64067,1.64099,1.00,1.00
2017.02.07 18:13:12.548,1.64069,1.64099,1.00,1.00
2017.02.07 18:13:12.952,1.64064,1.64099,3.00,1.00
2017.02.07 18:13:13.104,1.64065,1.64094,2.25,1.00
2017.02.07 18:13:13.452,1.64068,1.64094,1.00,1.00
2017.02.07 18:13:13.808,1.64068,1.64098,1.00,1.00
2017.02.07 18:13:13.859,1.64072,1.64098,1.37,1.00
2017.02.07 18:13:14.213,1.64078,1.64103,1.00,1.00
2017.02.07 18:13:14.264,1.64078,1.64109,1.00,1.50
2017.02.07 18:13:14.315,1.64079,1.64109,1.00,1.12
2017.02.07 18:13:14.416,1.64081,1.64114,1.12,1.87
2017.02.07 18:13:14.467,1.64083,1.64114,1.00,1.00
2017.02.07 18:13:14.518,1.64087,1.64118,1.00,1.12
2017.02.07 18:13:14.670,1.64092,1.64124,1.00,1.00
2017.02.07 18:13:14.923,1.64094,1.64128,1.75,1.75
2017.02.07 18:13:15.256,1.64102,1.64128,1.00,1.75
2017.02.07 18:13:15.357,1.641,1.64128,1.00,1.00
2017.02.07 18:13:15.408,1.64101,1.64134,1.50,1.50
2017.02.07 18:13:15.459,1.64102,1.64135,1.87,1.12
2017.02.07 18:13:15.561,1.64108,1.64139,1.12,1.00
2017.02.07 18:13:15.764,1.64108,1.64139,1.00,2.25
2017.02.07 18:13:15.815,1.64106,1.64139,1.00,1.75
2017.02.07 18:13:16.068,1.64105,1.64134,1.00,1.00
2017.02.07 18:13:16.272,1.64097,1.64128,1.12,1.12
2017.02.07 18:13:16.323,1.64093,1.64124,1.37,1.00
2017.02.07 18:13:16.577,1.64087,1.64118,1.00,1.12
2017.02.07 18:13:16.628,1.64089,1.64119,1.00,1.37
2017.02.07 18:13:16.866,1.64087,1.64119,1.00,1.00
2017.02.07 18:13:17.037,1.64086,1.64114,1.87,1.00
2017.02.07 18:13:17.290,1.64086,1.64118,1.00,1.00
2017.02.07 18:13:17.341,1.64086,1.64113,1.00,1.00
2017.02.07 18:13:17.543,1.64086,1.64119,2.25,1.00
2017.02.07 18:13:17.594,1.64087,1.64119,1.37,1.00
2017.02.07 18:13:17.645,1.64094,1.64121,1.50,1.00
2017.02.07 18:13:17.696,1.64094,1.64123,1.75,1.00
2017.02.07 18:13:17.797,1.64097,1.64123,1.37,1.00
2017.02.07 18:13:17.848,1.64098,1.64129,1.50,1.00
2017.02.07 18:13:17.899,1.641,1.64129,1.00,1.00
2017.02.07 18:13:18.050,1.64104,1.64137,1.12,1.50
2017.02.07 18:13:18.213,1.64112,1.64137,1.00,1.00
2017.02.07 18:13:18.264,1.64116,1.64149,1.00,1.00
2017.02.07 18:13:18.517,1.64112,1.64149,2.25,1.87
2017.02.07 18:13:18.567,1.64112,1.64143,1.50,1.00
2017.02.07 18:13:18.871,1.64132,1.64155,1.50,1.00
2017.02.07 18:13:18.922,1.64136,1.64164,1.00,1.87
2017.02.07 18:13:18.973,1.64134,1.64164,1.87,1.50
2017.02.07 18:13:19.023,1.64134,1.64154,1.87,1.00
2017.02.07 18:13:19.175,1.64125,1.64154,2.25,1.00
2017.02.07 18:13:19.529,1.64128,1.64158,1.00,1.00
2017.02.07 18:13:19.631,1.6413,1.64158,1.00,1.00
2017.02.07 18:13:19.943,1.64132,1.64158,1.00,1.00
2017.02.07 18:13:20.095,1.64129,1.64158,3.75,1.00
2017.02.07 18:13:20.146,1.64129,1.64154,1.50,1.00
2017.02.07 18:13:20.450,1.64124,1.64149,2.25,1.00
2017.02.07 18:13:20.502,1.64124,1.64154,2.25,1.00
2017.02.07 18:13:20.705,1.64124,1.64158,1.50,1.50
2017.02.07 18:13:20.807,1.64123,1.64158,1.75,1.37
2017.02.07 18:13:21.112,1.64115,1.64144,1.37,1.00
2017.02.07 18:13:21.264,1.64126,1.6415,1.12,1.00
2017.02.07 18:13:21.316,1.64126,1.64155,1.50,1.00
2017.02.07 18:13:21.413,1.64132,1.64162,1.12,1.50
2017.02.07 18:13:21.465,1.64135,1.64162,1.12,1.00
2017.02.07 18:13:21.515,1.64134,1.64167,1.87,1.50
2017.02.07 18:13:21.617,1.64137,1.64171,1.00,1.12
2017.02.07 18:13:21.739,1.64134,1.64172,3.37,1.37
2017.02.07 18:13:21.891,1.64135,1.64169,1.12,1.00
2017.02.07 18:13:22.199,1.64133,1.64163,1.00,1.00
2017.02.07 18:13:22.250,1.64128,1.64163,1.50,1.00
2017.02.07 18:13:22.518,1.64128,1.64167,1.50,1.75
2017.02.07 18:13:22.819,1.64138,1.64167,1.00,1.75
2017.02.07 18:13:22.870,1.64139,1.64174,1.00,2.25
2017.02.07 18:13:23.072,1.6414,1.64178,2.25,1.00
2017.02.07 18:13:23.123,1.64139,1.64169,1.87,1.00
2017.02.07 18:13:23.426,1.64128,1.64148,1.12,1.00
2017.02.07 18:13:23.690,1.64118,1.64148,1.37,1.00
2017.02.07 18:13:23.741,1.64117,1.64148,1.00,1.00
2017.02.07 18:13:24.320,1.64116,1.64148,1.50,1.00
2017.02.07 18:13:24.471,1.64118,1.64148,1.00,1.00
2017.02.07 18:13:24.522,1.64116,1.64148,2.62,1.00
2017.02.07 18:13:25.112,1.64117,1.64149,1.50,1.00
2017.02.07 18:13:25.560,1.64115,1.64149,3.37,1.00
2017.02.07 18:13:26.013,1.64115,1.64144,1.37,1.34
2017.02.07 18:13:26.160,1.64108,1.64139,1.37,1.00
2017.02.07 18:13:26.261,1.64103,1.64134,1.50,1.00
2017.02.07 18:13:26.362,1.64103,1.64138,1.50,1.00
2017.02.07 18:13:26.931,1.64102,1.64138,1.50,1.00
2017.02.07 18:13:27.920,1.641,1.64132,1.50,1.00
2017.02.07 18:13:27.971,1.64098,1.64134,1.75,1.12
2017.02.07 18:13:28.123,1.64098,1.64133,1.75,1.37
2017.02.07 18:13:28.174,1.64097,1.64131,1.00,2.25
2017.02.07 18:13:28.225,1.64097,1.64128,1.00,1.00
2017.02.07 18:13:28.377,1.6409,1.64127,1.09,1.12
2017.02.07 18:13:28.428,1.64089,1.64124,2.59,1.00
2017.02.07 18:13:28.975,1.6409,1.64123,1.50,1.00
2017.02.07 18:13:29.194,1.64092,1.64127,1.00,1.12
2017.02.07 18:13:29.244,1.6409,1.64124,1.00,1.00
2017.02.07 18:13:29.749,1.64089,1.64123,1.00,1.00
2017.02.07 18:13:30.204,1.64094,1.64127,1.00,1.87
2017.02.07 18:13:30.507,1.64102,1.64131,1.34,1.12
2017.02.07 18:13:30.692,1.64102,1.64138,3.34,1.00
2017.02.07 18:13:30.945,1.64102,1.64134,1.71,1.00
2017.02.07 18:13:31.248,1.64096,1.64134,3.00,1.50
2017.02.07 18:13:31.299,1.64096,1.64133,1.75,1.50
2017.02.07 18:13:31.602,1.64086,1.64119,3.37,1.00
2017.02.07 18:13:31.703,1.64087,1.64114,1.00,1.00
2017.02.07 18:13:31.754,1.64081,1.64114,1.87,1.00
2017.02.07 18:13:31.908,1.64079,1.64114,2.25,1.00
2017.02.07 18:13:31.959,1.64083,1.64117,1.00,1.12
2017.02.07 18:13:32.275,1.64084,1.64119,1.50,1.37
2017.02.07 18:13:32.326,1.64086,1.64121,1.00,1.00
2017.02.07 18:13:32.529,1.6409,1.64123,1.12,1.00
2017.02.07 18:13:32.884,1.64086,1.64121,2.62,1.00
2017.02.07 18:13:33.087,1.64086,1.64119,1.50,1.00
2017.02.07 18:13:33.390,1.64084,1.64113,1.00,1.00
2017.02.07 18:13:33.441,1.64081,1.64113,1.87,1.00
2017.02.07 18:13:33.491,1.64083,1.64113,1.00,1.00
2017.02.07 18:13:33.616,1.64081,1.64113,2.62,1.00
2017.02.07 18:13:35.326,1.64081,1.64118,3.34,1.12
2017.02.07 18:13:35.478,1.64086,1.64118,1.00,1.00
2017.02.07 18:13:35.921,1.64083,1.64119,1.50,1.50
2017.02.07 18:13:36.054,1.64081,1.64114,4.12,1.00
2017.02.07 18:13:36.105,1.64081,1.64114,2.62,1.00
2017.02.07 18:13:36.156,1.64085,1.64114,1.00,1.00
2017.02.07 18:13:36.257,1.64083,1.64118,1.00,1.87
2017.02.07 18:13:36.661,1.64083,1.64118,3.37,1.50
2017.02.07 18:13:37.005,1.6409,1.64123,1.00,1.12
2017.02.07 18:13:37.055,1.64087,1.64124,1.50,1.37
2017.02.07 18:13:37.106,1.64087,1.64118,2.25,1.00
2017.02.07 18:13:37.445,1.64087,1.64113,1.00,1.37
2017.02.07 18:13:37.546,1.64087,1.64118,1.00,1.75
2017.02.07 18:13:37.597,1.64082,1.64118,1.84,2.62
2017.02.07 18:13:37.698,1.64082,1.64116,1.00,1.00
2017.02.07 18:13:37.850,1.64081,1.64114,1.12,1.00
2017.02.07 18:13:38.153,1.64083,1.64113,1.12,1.00
2017.02.07 18:13:38.305,1.64081,1.64113,1.12,1.00
2017.02.07 18:13:38.478,1.6408,1.64117,2.25,1.12
2017.02.07 18:13:38.529,1.64084,1.64109,1.00,1.00
2017.02.07 18:13:38.630,1.64084,1.64118,1.75,1.00
2017.02.07 18:13:38.731,1.64084,1.64121,1.75,1.87
2017.02.07 18:13:38.833,1.64084,1.64116,1.75,1.00
2017.02.07 18:13:39.600,1.64083,1.64113,1.50,1.00
2017.02.07 18:13:39.752,1.64083,1.64113,1.75,1.00
2017.02.07 18:13:39.803,1.64083,1.64116,1.75,1.00
2017.02.07 18:13:39.914,1.64086,1.64118,1.00,1.00
2017.02.07 18:13:39.965,1.64088,1.64118,1.50,1.00
2017.02.07 18:13:40.659,1.64084,1.64118,1.12,1.00
2017.02.07 18:13:40.710,1.64083,1.64115,1.87,1.00
2017.02.07 18:13:41.219,1.64083,1.64115,1.12,1.00
2017.02.07 18:13:41.553,1.64084,1.64113,1.00,1.00
2017.02.07 18:13:41.811,1.64081,1.64111,1.00,1.50
2017.02.07 18:13:41.912,1.64076,1.64111,1.87,2.25
2017.02.07 18:13:41.963,1.64076,1.64111,2.25,2.25
2017.02.07 18:13:42.165,1.6408,1.64114,1.12,1.87
2017.02.07 18:13:42.216,1.6408,1.64112,1.50,1.00
2017.02.07 18:13:42.448,1.64078,1.64111,1.37,1.00
2017.02.07 18:13:42.551,1.64079,1.64111,1.00,2.25
2017.02.07 18:13:42.602,1.64075,1.64109,1.87,1.37
2017.02.07 18:13:42.703,1.64074,1.64107,3.00,1.37
2017.02.07 18:13:43.007,1.64074,1.64103,2.25,1.00
2017.02.07 18:13:43.549,1.64074,1.64104,1.75,1.00
2017.02.07 18:13:44.051,1.64074,1.64106,1.75,1.00
2017.02.07 18:13:44.663,1.64074,1.64108,1.75,1.87
2017.02.07 18:13:46.693,1.64077,1.64108,1.00,1.00
2017.02.07 18:13:47.216,1.64078,1.64108,1.00,1.37
2017.02.07 18:13:48.197,1.64078,1.64108,1.00,1.00
2017.02.07 18:13:48.248,1.6408,1.64113,1.12,1.87
2017.02.07 18:13:48.299,1.64081,1.64113,1.37,1.50
2017.02.07 18:13:48.919,1.64088,1.64114,1.00,1.00
2017.02.07 18:13:49.248,1.64088,1.64118,1.50,1.00
2017.02.07 18:13:50.241,1.64087,1.64114,1.75,1.00
2017.02.07 18:13:50.746,1.64081,1.64114,1.50,1.00
2017.02.07 18:13:51.263,1.64082,1.64113,1.00,1.00
2017.02.07 18:13:51.768,1.64081,1.64113,1.50,1.00
2017.02.07 18:13:52.201,1.64081,1.64109,2.25,1.00
2017.02.07 18:13:52.751,1.64081,1.64108,2.25,1.00
2017.02.07 18:13:53.462,1.64081,1.64103,1.50,1.00
2017.02.07 18:13:53.768,1.64078,1.64103,1.00,1.00
2017.02.07 18:13:53.870,1.64076,1.64099,1.50,1.00
2017.02.07 18:13:54.072,1.64075,1.64103,2.59,1.00
2017.02.07 18:13:54.123,1.64077,1.64109,1.12,2.25
2017.02.07 18:13:54.224,1.64073,1.64098,2.21,1.00
2017.02.07 18:13:54.275,1.64073,1.64098,1.84,1.00
2017.02.07 18:13:54.326,1.64073,1.64103,1.00,1.00
2017.02.07 18:13:54.731,1.64073,1.64107,1.00,1.00
2017.02.07 18:13:55.264,1.64073,1.64108,1.00,1.00
2017.02.07 18:13:55.619,1.64073,1.64098,1.00,1.00
2017.02.07 18:13:55.771,1.64066,1.64098,1.50,1.00
2017.02.07 18:13:55.923,1.64063,1.64093,1.37,1.00
2017.02.07 18:13:55.974,1.64063,1.64093,1.00,1.00
2017.02.07 18:13:56.277,1.64063,1.64098,1.00,1.50
2017.02.07 18:13:57.013,1.64063,1.64098,3.37,1.12
2017.02.07 18:13:57.114,1.64063,1.64098,2.96,1.12
2017.02.07 18:13:57.417,1.64074,1.64108,1.71,2.25
2017.02.07 18:13:57.569,1.64077,1.64112,1.50,1.75
2017.02.07 18:13:57.771,1.64079,1.64113,1.00,1.00
2017.02.07 18:13:57.822,1.64078,1.64108,1.12,1.00
2017.02.07 18:13:58.442,1.64079,1.64108,1.00,1.00
2017.02.07 18:13:58.544,1.64076,1.64108,2.59,1.00
2017.02.07 18:13:58.796,1.64076,1.64104,1.84,1.00
2017.02.07 18:13:59.050,1.64077,1.64108,1.00,1.00
2017.02.07 18:13:59.303,1.64079,1.64108,1.00,1.00
2017.02.07 18:13:59.354,1.64079,1.64114,1.00,3.00
2017.02.07 18:13:59.455,1.64078,1.64113,1.87,1.00
2017.02.07 18:13:59.557,1.64081,1.64113,1.00,1.00
2017.02.07 18:13:59.608,1.64079,1.64113,1.12,1.37
2017.02.07 18:13:59.659,1.64079,1.64108,1.12,1.00
2017.02.07 18:13:59.963,1.64069,1.64104,1.00,2.25
2017.02.07 18:14:00.142,1.6407,1.64099,1.00,1.00
2017.02.07 18:14:00.489,1.64069,1.64104,1.50,1.50
2017.02.07 18:14:00.995,1.64068,1.64104,1.50,1.00
2017.02.07 18:14:01.147,1.6407,1.64104,1.00,1.00
2017.02.07 18:14:01.430,1.64068,1.64104,1.50,1.00
2017.02.07 18:14:01.532,1.64068,1.64098,1.00,1.00
2017.02.07 18:14:01.866,1.64068,1.64094,1.00,1.00
2017.02.07 18:14:02.008,1.64066,1.64094,1.00,1.00
2017.02.07 18:14:02.059,1.64064,1.64089,1.00,1.00
2017.02.07 18:14:02.161,1.64064,1.64093,1.00,1.00
2017.02.07 18:14:02.363,1.64064,1.64089,1.00,1.00
2017.02.07 18:14:02.464,1.64065,1.64099,2.21,1.50
2017.02.07 18:14:02.515,1.64068,1.64099,1.71,1.50
2017.02.07 18:14:02.919,1.6407,1.64093,1.00,1.00
2017.02.07 18:14:03.071,1.64063,1.64093,1.46,1.00
2017.02.07 18:14:03.122,1.64062,1.64088,1.46,1.00
2017.02.07 18:14:03.324,1.64062,1.64093,1.46,1.00
2017.02.07 18:14:03.780,1.64061,1.64089,1.71,1.00
2017.02.07 18:14:03.830,1.64063,1.64094,1.41,1.00
2017.02.07 18:14:04.335,1.6407,1.64094,1.00,1.00
2017.02.07 18:14:04.638,1.64077,1.64101,1.00,1.00
2017.02.07 18:14:04.689,1.64079,1.64104,1.00,1.00
2017.02.07 18:14:04.941,1.64083,1.64104,1.00,1.00
2017.02.07 18:14:05.143,1.64086,1.64109,1.00,1.00
2017.02.07 18:14:07.223,1.64087,1.64112,1.00,1.00
2017.02.07 18:14:07.274,1.64092,1.64112,1.00,1.00
2017.02.07 18:14:07.375,1.64092,1.64122,1.34,1.00
2017.02.07 18:14:07.426,1.64098,1.64123,1.00,1.12
2017.02.07 18:14:07.562,1.64095,1.64123,1.00,1.12
2017.02.07 18:14:07.613,1.64099,1.64124,1.00,1.37
2017.02.07 18:14:07.664,1.64099,1.64128,1.00,1.00
2017.02.07 18:14:07.765,1.64102,1.64128,1.00,1.12
2017.02.07 18:14:08.068,1.64104,1.64129,1.00,1.00
2017.02.07 18:14:08.371,1.64108,1.64129,1.00,1.00
2017.02.07 18:14:08.526,1.64105,1.64129,1.00,1.00
2017.02.07 18:14:08.577,1.64107,1.64129,1.00,1.00
2017.02.07 18:14:08.647,1.64105,1.64129,1.00,1.00
2017.02.07 18:14:08.760,1.64108,1.64129,1.50,1.00
2017.02.07 18:14:09.063,1.64113,1.64138,1.00,1.75
2017.02.07 18:14:09.164,1.6412,1.64143,1.00,1.00
2017.02.07 18:14:09.467,1.64118,1.64143,1.00,1.00
2017.02.07 18:14:09.518,1.6412,1.64143,1.00,1.00
2017.02.07 18:14:09.821,1.6412,1.64139,1.00,1.00
2017.02.07 18:14:10.332,1.6412,1.64138,1.00,1.00
2017.02.07 18:14:12.325,1.6412,1.64143,1.00,1.12
2017.02.07 18:14:12.376,1.64114,1.64143,1.00,1.87
2017.02.07 18:14:12.477,1.64112,1.64143,1.00,1.50
2017.02.07 18:14:12.781,1.64123,1.64149,1.00,1.00
2017.02.07 18:14:12.831,1.64119,1.64149,1.00,1.00
2017.02.07 18:14:12.983,1.64122,1.64149,1.00,1.00
2017.02.07 18:14:13.034,1.64119,1.64149,1.12,1.00
2017.02.07 18:14:13.417,1.64122,1.64149,1.00,1.00
2017.02.07 18:14:13.582,1.64117,1.64149,1.50,1.00
2017.02.07 18:14:14.168,1.64117,1.64143,1.50,1.00
2017.02.07 18:14:14.527,1.64119,1.64144,1.00,1.00
2017.02.07 18:14:14.628,1.64119,1.64148,1.00,1.00
2017.02.07 18:14:14.812,1.64123,1.64149,1.00,1.00
2017.02.07 18:14:15.028,1.64117,1.64144,2.25,1.00
2017.02.07 18:14:15.079,1.64121,1.64144,1.00,1.00
2017.02.07 18:14:15.230,1.64121,1.64153,1.84,1.12
2017.02.07 18:14:15.535,1.64125,1.64159,2.21,1.00
2017.02.07 18:14:15.687,1.64126,1.64157,1.09,1.00
2017.02.07 18:14:15.990,1.64127,1.64154,1.00,1.00
2017.02.07 18:14:16.330,1.64133,1.64154,1.00,1.00
2017.02.07 18:14:16.603,1.64126,1.64154,1.00,1.09
2017.02.07 18:14:16.654,1.64124,1.64154,1.00,1.09
2017.02.07 18:14:16.705,1.64123,1.64154,1.00,1.46
2017.02.07 18:14:17.024,1.64119,1.64143,1.00,1.00
2017.02.07 18:14:17.116,1.64119,1.64148,1.00,1.12
2017.02.07 18:14:17.218,1.64117,1.64148,1.00,1.12
2017.02.07 18:14:17.599,1.64121,1.64149,1.34,1.00
2017.02.07 18:14:17.932,1.6413,1.64154,1.00,1.00
2017.02.07 18:14:18.034,1.64128,1.64154,1.00,1.00
2017.02.07 18:14:18.085,1.6413,1.64154,1.00,1.00
2017.02.07 18:14:18.136,1.64125,1.64154,1.00,1.00
2017.02.07 18:14:18.662,1.64124,1.64154,1.00,1.00
2017.02.07 18:14:18.763,1.64127,1.64154,1.00,1.00
2017.02.07 18:14:19.016,1.64136,1.64164,1.00,1.00
2017.02.07 18:14:19.067,1.64138,1.64164,1.00,1.00
2017.02.07 18:14:19.118,1.64135,1.64164,1.00,1.00
2017.02.07 18:14:19.320,1.64138,1.64159,1.00,1.00
2017.02.07 18:14:19.528,1.64131,1.64159,1.50,1.00
2017.02.07 18:14:19.985,1.64137,1.64159,1.00,1.00
2017.02.07 18:14:20.035,1.64135,1.64159,1.00,1.00
2017.02.07 18:14:20.086,1.64133,1.64159,1.00,1.00
2017.02.07 18:14:20.239,1.64132,1.64163,1.00,1.00
2017.02.07 18:14:20.493,1.64134,1.64163,1.00,1.00
2017.02.07 18:14:20.755,1.64132,1.64163,1.00,1.00
2017.02.07 18:14:21.009,1.64131,1.64159,1.00,1.12
2017.02.07 18:14:21.338,1.64124,1.64149,2.25,1.00
2017.02.07 18:14:21.389,1.64127,1.64153,1.00,1.00
2017.02.07 18:14:21.440,1.6413,1.64153,1.00,1.00
2017.02.07 18:14:21.541,1.64128,1.64154,1.00,1.00
2017.02.07 18:14:21.592,1.6413,1.64154,1.00,1.00
2017.02.07 18:14:21.643,1.64124,1.64154,1.50,1.00
2017.02.07 18:14:21.795,1.64126,1.64154,1.75,1.00
2017.02.07 18:14:22.098,1.64122,1.64153,1.87,1.00
2017.02.07 18:14:22.199,1.6412,1.64153,1.00,1.00
2017.02.07 18:14:22.250,1.6412,1.64153,1.87,1.00
2017.02.07 18:14:22.301,1.64121,1.64148,1.12,1.00
2017.02.07 18:14:22.402,1.64121,1.64149,2.59,1.00
2017.02.07 18:14:23.148,1.6412,1.64148,2.25,1.00
2017.02.07 18:14:23.332,1.64116,1.64143,2.25,1.00
2017.02.07 18:14:23.635,1.64116,1.64149,2.25,1.00
2017.02.07 18:14:23.986,1.64123,1.64149,1.00,1.00
2017.02.07 18:14:24.491,1.64122,1.64148,1.75,1.00
2017.02.07 18:14:25.216,1.64122,1.64153,1.75,1.00
2017.02.07 18:14:25.317,1.64127,1.64153,1.00,1.00
2017.02.07 18:14:25.368,1.64127,1.64159,1.50,1.37
2017.02.07 18:14:25.520,1.64127,1.64159,1.50,1.00
2017.02.07 18:14:25.823,1.64126,1.64153,1.75,1.00
2017.02.07 18:14:26.127,1.64126,1.64153,1.00,1.00
2017.02.07 18:14:26.228,1.64122,1.64153,2.25,1.00
2017.02.07 18:14:26.330,1.64122,1.64153,1.12,1.00
2017.02.07 18:14:26.381,1.6412,1.64153,1.00,1.00
2017.02.07 18:14:26.887,1.64119,1.64153,1.12,1.00
2017.02.07 18:14:27.251,1.64119,1.64148,1.87,1.00
2017.02.07 18:14:27.942,1.64119,1.64149,1.12,1.00
2017.02.07 18:14:28.447,1.64118,1.64148,2.62,1.00
2017.02.07 18:14:29.074,1.64116,1.64144,1.75,1.00
2017.02.07 18:14:29.356,1.64114,1.64144,2.25,1.00
2017.02.07 18:14:29.515,1.64116,1.64143,1.37,1.00
2017.02.07 18:14:29.566,1.64119,1.64148,1.12,1.00
2017.02.07 18:14:29.617,1.64119,1.64148,1.50,1.00
2017.02.07 18:14:29.920,1.64123,1.64143,1.50,1.00
2017.02.07 18:14:30.021,1.64118,1.64143,2.25,1.00
2017.02.07 18:14:30.123,1.64117,1.64148,2.25,1.00
2017.02.07 18:14:30.173,1.64117,1.64143,1.00,1.00
2017.02.07 18:14:30.494,1.64117,1.64139,1.00,1.00
2017.02.07 18:14:31.025,1.64111,1.64139,1.00,1.00
2017.02.07 18:14:31.356,1.64111,1.64133,1.00,1.00
2017.02.07 18:14:31.966,1.64111,1.64138,1.00,1.00
2017.02.07 18:14:32.067,1.64115,1.64144,1.37,1.00
2017.02.07 18:14:32.117,1.6412,1.64143,1.00,1.00
2017.02.07 18:14:32.168,1.6412,1.64149,1.12,1.50
2017.02.07 18:14:32.421,1.64122,1.64149,1.00,1.00
2017.02.07 18:14:32.751,1.64119,1.64151,1.00,1.50
2017.02.07 18:14:32.803,1.64124,1.64153,1.00,1.75
2017.02.07 18:14:32.955,1.64124,1.64154,1.00,1.00
2017.02.07 18:14:33.460,1.64123,1.64153,1.50,1.00
2017.02.07 18:14:33.771,1.64121,1.64149,1.87,1.00
2017.02.07 18:14:33.821,1.64121,1.64159,1.87,1.37
2017.02.07 18:14:33.872,1.64126,1.64159,1.00,1.00
2017.02.07 18:14:34.176,1.64126,1.64153,1.00,1.37
2017.02.07 18:14:34.226,1.64123,1.64149,1.12,1.00
2017.02.07 18:14:34.429,1.64122,1.64154,1.50,1.00
2017.02.07 18:14:34.631,1.64122,1.64148,2.25,1.00
2017.02.07 18:14:34.972,1.64119,1.64153,1.50,1.00
2017.02.07 18:14:35.023,1.64124,1.64156,1.00,1.00
2017.02.07 18:14:35.334,1.64127,1.64159,1.87,1.00
2017.02.07 18:14:36.722,1.64127,1.64164,1.12,3.00
2017.02.07 18:14:36.823,1.64133,1.64163,1.00,1.12
2017.02.07 18:14:36.974,1.64131,1.64163,4.50,1.12
2017.02.07 18:14:37.076,1.64131,1.64169,3.00,1.75
2017.02.07 18:14:37.382,1.64128,1.64159,1.00,1.00
2017.02.07 18:14:37.433,1.6413,1.64164,1.00,1.75
2017.02.07 18:14:37.484,1.64132,1.64164,1.00,1.37
2017.02.07 18:14:37.586,1.64134,1.64166,1.00,1.00
2017.02.07 18:14:37.636,1.6414,1.64166,1.12,1.00
2017.02.07 18:14:37.687,1.64144,1.64171,1.00,1.00
2017.02.07 18:14:37.738,1.64144,1.64174,1.00,1.12
2017.02.07 18:14:37.839,1.64144,1.64174,3.00,1.00
2017.02.07 18:14:38.300,1.64141,1.64169,1.12,1.00
2017.02.07 18:14:38.351,1.64137,1.64169,1.75,1.00
2017.02.07 18:14:38.452,1.64137,1.64169,1.00,1.00
2017.02.07 18:14:38.604,1.64134,1.64164,1.50,1.00
2017.02.07 18:14:38.907,1.64132,1.64154,1.87,1.00
2017.02.07 18:14:38.958,1.64128,1.64154,1.12,1.00
2017.02.07 18:14:39.463,1.64127,1.64154,1.00,1.00
2017.02.07 18:14:39.815,1.64125,1.64154,1.50,1.00
2017.02.07 18:14:39.917,1.64128,1.64154,1.00,1.00
2017.02.07 18:14:40.251,1.64134,1.64157,1.00,1.00
2017.02.07 18:14:40.302,1.64136,1.64161,1.50,1.00
2017.02.07 18:14:40.403,1.6414,1.64164,1.00,1.00
2017.02.07 18:14:40.454,1.64138,1.64168,1.00,1.00
2017.02.07 18:14:40.555,1.64136,1.64169,1.12,1.12
2017.02.07 18:14:40.605,1.64138,1.64169,1.75,1.00
2017.02.07 18:14:41.376,1.64141,1.64168,1.00,1.00
2017.02.07 18:14:41.477,1.64139,1.64169,1.00,1.00
2017.02.07 18:14:41.528,1.64143,1.64169,1.00,1.00
2017.02.07 18:14:41.680,1.64147,1.64179,1.37,1.50
2017.02.07 18:14:41.900,1.64147,1.64184,2.62,1.50
2017.02.07 18:14:41.951,1.64147,1.64178,1.87,1.00
2017.02.07 18:14:42.768,1.64145,1.64174,1.00,1.00
2017.02.07 18:14:43.300,1.64144,1.64174,1.12,1.00
2017.02.07 18:14:43.662,1.64144,1.64179,2.25,1.00
2017.02.07 18:14:44.522,1.64146,1.64179,1.00,1.00
2017.02.07 18:14:45.031,1.64145,1.64179,1.00,1.00
2017.02.07 18:14:45.553,1.64146,1.64179,1.00,1.00
2017.02.07 18:14:45.878,1.64154,1.64178,1.50,1.00
2017.02.07 18:14:45.929,1.64155,1.64184,1.00,1.00
2017.02.07 18:14:46.182,1.64153,1.64184,1.00,1.00
2017.02.07 18:14:46.334,1.64157,1.64183,1.00,1.00
2017.02.07 18:14:46.788,1.64158,1.64189,1.50,1.00
2017.02.07 18:14:46.895,1.64184,1.64191,1.00,1.00
2017.02.07 18:14:46.946,1.64159,1.64189,1.00,1.00
2017.02.07 18:14:48.264,1.6416,1.64189,1.00,1.00
2017.02.07 18:14:48.416,1.64158,1.64189,3.00,1.00
2017.02.07 18:14:48.951,1.64159,1.64188,1.00,1.00
2017.02.07 18:14:49.002,1.64165,1.64188,1.00,1.00
2017.02.07 18:14:49.154,1.64171,1.64199,1.50,1.00
2017.02.07 18:14:49.205,1.64172,1.64203,1.37,3.00
2017.02.07 18:14:49.457,1.64182,1.64209,1.00,1.00
2017.02.07 18:14:49.508,1.64184,1.64209,1.00,1.00
2017.02.07 18:14:49.811,1.64181,1.64204,1.00,1.00
2017.02.07 18:14:49.861,1.64179,1.64204,1.09,1.00
2017.02.07 18:14:50.217,1.6418,1.64209,1.00,1.00
2017.02.07 18:14:50.564,1.64181,1.64204,1.00,1.00
2017.02.07 18:14:51.131,1.64181,1.64203,1.00,1.00
2017.02.07 18:14:51.232,1.64182,1.64208,1.12,1.00
2017.02.07 18:14:51.283,1.64186,1.64208,1.00,1.00
2017.02.07 18:14:51.334,1.64184,1.64208,1.00,1.00
2017.02.07 18:14:51.839,1.64185,1.64213,1.00,1.00
2017.02.07 18:14:52.382,1.64184,1.64213,1.00,1.00
2017.02.07 18:14:53.236,1.64183,1.64204,1.12,1.00
2017.02.07 18:14:53.539,1.64178,1.64191,1.37,1.00
2017.02.07 18:14:53.590,1.64173,1.64189,2.25,1.00
2017.02.07 18:14:53.641,1.64173,1.64193,2.25,1.00
2017.02.07 18:14:53.692,1.64173,1.64189,1.75,1.00
2017.02.07 18:14:53.793,1.64167,1.64188,1.75,1.00
2017.02.07 18:14:53.894,1.64168,1.64189,1.00,1.00
2017.02.07 18:14:53.945,1.64182,1.64203,1.84,1.00
2017.02.07 18:14:54.211,1.64194,1.64214,1.12,1.00
2017.02.07 18:14:54.262,1.64191,1.64214,1.34,1.00
2017.02.07 18:14:54.413,1.64194,1.64214,1.09,1.00
2017.02.07 18:14:54.616,1.64206,1.64229,1.09,1.50
2017.02.07 18:14:54.717,1.64221,1.64226,1.00,1.00
2017.02.07 18:14:54.767,1.64205,1.64224,1.84,1.00
2017.02.07 18:14:55.020,1.64203,1.64228,1.75,1.00
2017.02.07 18:14:55.172,1.64199,1.64228,1.00,1.00
2017.02.07 18:14:55.523,1.64199,1.64213,1.00,1.00
2017.02.07 18:14:55.710,1.64189,1.64213,3.00,1.00
2017.02.07 18:14:55.862,1.64195,1.64218,1.71,1.00
2017.02.07 18:14:55.963,1.64193,1.64218,1.50,1.00
2017.02.07 18:14:56.064,1.64192,1.64229,2.59,1.12
2017.02.07 18:14:56.267,1.64193,1.64229,3.75,1.12
2017.02.07 18:14:56.580,1.64195,1.64224,1.00,1.00
2017.02.07 18:14:57.466,1.64193,1.64214,1.87,1.00
2017.02.07 18:14:57.719,1.64178,1.64203,1.37,1.00
2017.02.07 18:14:57.820,1.64173,1.64209,1.50,1.87
2017.02.07 18:14:57.921,1.64173,1.64204,1.12,1.00
2017.02.07 18:14:58.023,1.64173,1.64208,1.87,1.00
2017.02.07 18:14:58.124,1.64175,1.64203,1.37,1.00
2017.02.07 18:14:58.225,1.64174,1.64208,2.25,1.00
2017.02.07 18:14:58.427,1.64173,1.64209,2.25,1.12
2017.02.07 18:14:58.478,1.64173,1.64209,1.12,2.25
2017.02.07 18:14:58.529,1.64173,1.64193,1.12,1.00
2017.02.07 18:14:58.682,1.64165,1.64193,4.87,1.00
2017.02.07 18:14:58.733,1.64167,1.64193,1.75,1.00
2017.02.07 18:14:59.053,1.64158,1.64179,2.62,1.00
2017.02.07 18:14:59.154,1.64158,1.64184,2.25,1.00
2017.02.07 18:14:59.205,1.64168,1.64184,1.00,1.00
2017.02.07 18:14:59.256,1.64166,1.64184,1.09,1.00
2017.02.07 18:14:59.307,1.64166,1.64188,1.09,1.00
2017.02.07 18:14:59.408,1.64166,1.64193,1.00,1.00
2017.02.07 18:14:59.459,1.64164,1.64189,1.12,1.00
2017.02.07 18:14:59.763,1.64161,1.64183,1.75,1.00
2017.02.07 18:14:59.864,1.64162,1.64189,1.12,1.00
2017.02.07 18:14:59.931,1.64162,1.64193,1.75,1.00
2017.02.07 18:14:59.982,1.64161,1.64193,1.87,1.00
2017.02.07 18:15:00.144,1.64164,1.64193,1.46,1.00
2017.02.07 18:15:00.600,1.64161,1.64189,2.25,1.00
2017.02.07 18:15:00.803,1.64156,1.64183,1.09,1.00
2017.02.07 18:15:00.904,1.64154,1.64178,1.50,1.00
2017.02.07 18:15:01.208,1.64179,1.64186,1.00,1.00
2017.02.07 18:15:01.730,1.64173,1.64183,1.00,1.00
2017.02.07 18:15:01.781,1.6416,1.64183,1.00,1.00
2017.02.07 18:15:01.832,1.64157,1.64173,1.00,1.00
2017.02.07 18:15:02.024,1.64146,1.64169,1.84,1.00
2017.02.07 18:15:02.126,1.64147,1.64178,1.84,1.00
2017.02.07 18:15:02.328,1.64148,1.64184,2.21,1.00
2017.02.07 18:15:02.430,1.64148,1.64184,3.34,1.50
2017.02.07 18:15:02.780,1.64149,1.64184,1.84,1.50
2017.02.07 18:15:02.938,1.64149,1.64183,1.84,1.00
2017.02.07 18:15:03.039,1.64148,1.64174,1.37,1.00
2017.02.07 18:15:03.292,1.64144,1.64173,1.37,1.00
2017.02.07 18:15:03.797,1.64143,1.64174,1.50,1.00
2017.02.07 18:15:03.848,1.64142,1.64164,1.37,1.00
2017.02.07 18:15:04.051,1.64138,1.64168,1.84,1.00
2017.02.07 18:15:04.101,1.64139,1.64174,2.59,1.75
2017.02.07 18:15:04.445,1.64148,1.64179,1.46,1.00
2017.02.07 18:15:04.748,1.64137,1.64163,1.71,1.00
2017.02.07 18:15:04.799,1.64138,1.64169,1.09,1.00
2017.02.07 18:15:05.045,1.64141,1.64154,1.37,1.00
2017.02.07 18:15:05.096,1.6414,1.64154,1.00,1.00
2017.02.07 18:15:05.147,1.6414,1.64163,1.00,1.34
2017.02.07 18:15:05.198,1.64135,1.64163,1.12,1.34
2017.02.07 18:15:05.300,1.64133,1.64158,1.12,1.34
2017.02.07 18:15:05.351,1.64134,1.64163,1.00,1.34
2017.02.07 18:15:05.553,1.64134,1.64158,1.12,1.00
2017.02.07 18:15:06.111,1.6413,1.64163,1.87,1.00
2017.02.07 18:15:06.285,1.64137,1.64163,1.00,1.00
2017.02.07 18:15:06.437,1.64137,1.64169,1.12,1.50
2017.02.07 18:15:06.488,1.64136,1.64163,1.12,1.00
2017.02.07 18:15:06.791,1.64126,1.64154,1.37,1.00
2017.02.07 18:15:07.022,1.64128,1.64158,1.50,1.00
2017.02.07 18:15:07.225,1.64128,1.64148,1.12,1.00
2017.02.07 18:15:07.427,1.64124,1.64148,1.75,1.00
2017.02.07 18:15:07.629,1.64122,1.64148,1.00,1.00
2017.02.07 18:15:07.882,1.64123,1.64148,1.50,1.00
2017.02.07 18:15:08.134,1.6412,1.64148,1.12,1.00
2017.02.07 18:15:08.311,1.64123,1.64154,1.12,1.00
2017.02.07 18:15:08.362,1.64123,1.64149,1.00,1.00
2017.02.07 18:15:08.665,1.64121,1.64144,1.75,1.00
2017.02.07 18:15:08.969,1.64111,1.64133,1.50,1.00
2017.02.07 18:15:09.070,1.64111,1.64139,1.50,1.00
2017.02.07 18:15:09.322,1.6411,1.64133,1.75,1.00
2017.02.07 18:15:09.595,1.64107,1.64133,2.62,1.00
2017.02.07 18:15:09.781,1.6411,1.64139,2.25,1.00
2017.02.07 18:15:09.932,1.64118,1.64149,2.25,1.12
2017.02.07 18:15:09.983,1.64123,1.64149,1.00,1.12
2017.02.07 18:15:10.034,1.64127,1.64158,1.09,1.87
2017.02.07 18:15:10.085,1.64128,1.64158,1.46,1.00
2017.02.07 18:15:10.288,1.6413,1.64158,1.00,1.00
2017.02.07 18:15:10.339,1.6413,1.64153,1.00,1.00
2017.02.07 18:15:10.540,1.64126,1.64154,1.12,1.00
2017.02.07 18:15:11.069,1.64123,1.64148,1.87,1.00
2017.02.07 18:15:11.224,1.64121,1.64148,3.34,1.00
2017.02.07 18:15:11.454,1.64119,1.64148,1.00,1.00
2017.02.07 18:15:11.556,1.64119,1.64139,1.00,1.00
2017.02.07 18:15:11.657,1.6411,1.64139,2.25,1.00
2017.02.07 18:15:11.863,1.64115,1.64138,1.12,1.00
2017.02.07 18:15:11.943,1.64119,1.64148,1.09,1.00
2017.02.07 18:15:11.995,1.64123,1.64148,1.00,1.00
2017.02.07 18:15:12.299,1.64131,1.64153,1.12,1.00
2017.02.07 18:15:12.849,1.64136,1.64154,1.09,1.00
2017.02.07 18:15:12.951,1.6414,1.64163,1.46,1.00
2017.02.07 18:15:13.013,1.64143,1.64163,1.09,1.00
2017.02.07 18:15:13.263,1.64143,1.64168,1.84,1.00
2017.02.07 18:15:13.723,1.64143,1.64174,1.34,1.00
2017.02.07 18:15:13.925,1.64143,1.64169,1.71,1.00
2017.02.07 18:15:14.103,1.64143,1.64174,1.37,1.00
2017.02.07 18:15:14.434,1.64143,1.64169,1.37,1.00
2017.02.07 18:15:14.943,1.64143,1.64169,1.00,1.00
2017.02.07 18:15:15.961,1.64143,1.64168,1.12,1.00
2017.02.07 18:15:16.428,1.64143,1.64168,1.75,1.00
2017.02.07 18:15:16.479,1.64143,1.64173,1.75,1.00
2017.02.07 18:15:17.042,1.64143,1.64172,1.37,1.00
2017.02.07 18:15:17.143,1.64143,1.64168,1.12,1.00
2017.02.07 18:15:17.244,1.64139,1.64171,1.37,1.50
2017.02.07 18:15:17.396,1.64138,1.64171,1.50,1.50
2017.02.07 18:15:17.531,1.64139,1.64173,1.75,1.12
2017.02.07 18:15:17.684,1.64145,1.64174,1.09,1.00
2017.02.07 18:15:17.861,1.64145,1.64169,1.09,1.00
2017.02.07 18:15:17.912,1.64145,1.64178,1.09,1.50
2017.02.07 18:15:18.064,1.64144,1.64168,1.37,1.00
2017.02.07 18:15:18.115,1.64144,1.64168,1.12,1.00
2017.02.07 18:15:18.964,1.64139,1.64169,4.12,1.00
2017.02.07 18:15:19.071,1.64138,1.64163,2.25,1.00
2017.02.07 18:15:19.151,1.64134,1.64159,1.75,1.00
2017.02.07 18:15:19.365,1.64133,1.64158,1.50,1.00
2017.02.07 18:15:19.416,1.64129,1.64158,1.50,1.00
2017.02.07 18:15:19.920,1.64129,1.64159,1.00,1.00
2017.02.07 18:15:20.021,1.64129,1.64153,1.00,1.00
2017.02.07 18:15:20.072,1.64128,1.64158,1.00,1.00
2017.02.07 18:15:20.224,1.64126,1.64153,1.50,1.00
2017.02.07 18:15:20.730,1.64128,1.64159,2.25,1.00
2017.02.07 18:15:21.254,1.64129,1.64153,1.12,1.00
2017.02.07 18:15:22.178,1.64129,1.64153,1.37,1.00
2017.02.07 18:15:22.575,1.64128,1.64154,1.00,1.00
2017.02.07 18:15:23.116,1.64128,1.64158,1.00,1.00
2017.02.07 18:15:23.268,1.64128,1.64154,1.00,1.00
2017.02.07 18:15:23.574,1.64133,1.64159,1.75,1.00
2017.02.07 18:15:23.776,1.64139,1.64163,1.00,1.00
2017.02.07 18:15:23.827,1.64141,1.64163,1.00,1.00
2017.02.07 18:15:23.878,1.64136,1.64163,2.62,1.00
2017.02.07 18:15:24.030,1.64132,1.64158,1.87,1.00
2017.02.07 18:15:24.283,1.64128,1.64159,1.00,1.00
2017.02.07 18:15:25.030,1.64129,1.64159,1.00,1.00
2017.02.07 18:15:25.510,1.64129,1.64158,2.25,1.00
2017.02.07 18:15:25.612,1.6413,1.64158,1.50,1.00
2017.02.07 18:15:26.066,1.64132,1.64159,1.00,1.00
2017.02.07 18:15:26.425,1.6413,1.64159,1.12,1.00
2017.02.07 18:15:26.756,1.6413,1.64154,1.50,1.00
2017.02.07 18:15:27.384,1.6413,1.64153,1.00,1.00
2017.02.07 18:15:27.636,1.64127,1.64153,1.87,1.00
2017.02.07 18:15:27.939,1.64128,1.64149,1.00,1.00
2017.02.07 18:15:28.242,1.64123,1.64149,1.00,1.00
2017.02.07 18:15:29.104,1.64122,1.64149,1.50,1.00
2017.02.07 18:15:29.208,1.64122,1.64144,1.50,1.00
2017.02.07 18:15:29.311,1.6412,1.64144,1.00,1.00
2017.02.07 18:15:29.361,1.64119,1.64138,1.00,1.00
2017.02.07 18:15:29.463,1.64116,1.64138,1.37,1.00
2017.02.07 18:15:29.716,1.64116,1.64138,2.21,1.00
2017.02.07 18:15:29.767,1.64117,1.64148,1.09,1.00
2017.02.07 18:15:29.818,1.64118,1.64148,1.87,1.00
2017.02.07 18:15:30.334,1.64121,1.64149,1.75,1.00
2017.02.07 18:15:30.636,1.64138,1.64153,1.00,1.00
2017.02.07 18:15:30.738,1.64136,1.64158,1.50,1.00
2017.02.07 18:15:30.789,1.64144,1.64158,1.00,1.00
2017.02.07 18:15:30.840,1.64139,1.64158,1.50,1.00
2017.02.07 18:15:30.891,1.64141,1.64158,1.00,1.00
2017.02.07 18:15:31.043,1.64139,1.64158,1.00,1.00
2017.02.07 18:15:31.094,1.64141,1.64158,1.00,1.00
2017.02.07 18:15:31.434,1.64144,1.64158,1.00,1.00
2017.02.07 18:15:31.519,1.64142,1.64158,1.00,1.00
2017.02.07 18:15:31.620,1.6414,1.64158,1.00,1.00
2017.02.07 18:15:32.847,1.6414,1.64164,1.00,1.00
2017.02.07 18:15:32.948,1.64141,1.64168,1.00,1.00
2017.02.07 18:15:32.999,1.64142,1.64163,1.00,1.00
2017.02.07 18:15:33.101,1.64145,1.64168,1.12,1.00
2017.02.07 18:15:33.368,1.64151,1.64169,1.50,1.00
2017.02.07 18:15:33.419,1.64153,1.64174,1.00,1.00
2017.02.07 18:15:33.470,1.64151,1.64174,1.00,1.00
2017.02.07 18:15:33.673,1.64153,1.64174,1.00,1.00
2017.02.07 18:15:33.976,1.64155,1.64173,1.00,1.00
2017.02.07 18:15:34.181,1.64159,1.64179,1.00,1.00
2017.02.07 18:15:34.232,1.6416,1.64183,1.00,1.00
2017.02.07 18:15:34.742,1.6416,1.64183,1.37,1.00
2017.02.07 18:15:35.356,1.64159,1.64179,2.25,1.00
2017.02.07 18:15:35.658,1.64159,1.64184,2.25,1.00
2017.02.07 18:15:35.809,1.64163,1.64184,1.00,1.00
2017.02.07 18:15:36.112,1.64163,1.64189,1.37,1.00
2017.02.07 18:15:36.170,1.64168,1.64193,1.00,1.00
2017.02.07 18:15:36.322,1.64171,1.64199,1.00,1.00
2017.02.07 18:15:36.423,1.64173,1.64199,1.00,1.00
2017.02.07 18:15:36.754,1.64178,1.64204,1.00,1.00
2017.02.07 18:15:37.076,1.64173,1.64204,1.12,1.00
2017.02.07 18:15:37.127,1.64177,1.64204,1.00,1.00
2017.02.07 18:15:37.462,1.64177,1.64199,1.00,1.00
2017.02.07 18:15:37.563,1.64173,1.64198,1.00,1.00
2017.02.07 18:15:37.638,1.64174,1.64201,1.00,1.00
2017.02.07 18:15:37.689,1.64173,1.64204,1.37,1.12
2017.02.07 18:15:37.740,1.64178,1.64203,1.00,1.00
2017.02.07 18:15:37.993,1.64178,1.64209,1.00,1.00
2017.02.07 18:15:38.044,1.64179,1.64203,1.00,1.00
2017.02.07 18:15:38.259,1.6417,1.64199,1.50,1.00
2017.02.07 18:15:38.310,1.64172,1.64199,1.00,1.00
2017.02.07 18:15:38.361,1.64172,1.64204,1.50,1.12
2017.02.07 18:15:38.411,1.6418,1.64204,1.37,1.12
2017.02.07 18:15:38.563,1.6418,1.64208,1.12,1.00
2017.02.07 18:15:39.089,1.64179,1.64209,1.00,1.00
2017.02.07 18:15:39.425,1.64182,1.64209,1.00,1.00
2017.02.07 18:15:39.526,1.64177,1.64209,3.37,1.00
2017.02.07 18:15:39.628,1.64177,1.64204,1.00,1.50
2017.02.07 18:15:39.679,1.64175,1.64204,1.12,1.50
2017.02.07 18:15:39.730,1.64172,1.64204,1.50,2.25
2017.02.07 18:15:39.899,1.64168,1.64204,1.37,2.25
2017.02.07 18:15:39.967,1.64168,1.64199,1.37,1.00
2017.02.07 18:15:40.344,1.64168,1.64194,1.37,1.00
2017.02.07 18:15:40.395,1.64169,1.64198,1.75,1.00
2017.02.07 18:15:40.911,1.6417,1.64199,1.37,1.00
2017.02.07 18:15:41.604,1.64168,1.64199,1.37,1.00
2017.02.07 18:15:41.806,1.64165,1.64199,2.25,1.00
2017.02.07 18:15:42.333,1.64165,1.64194,1.75,1.00
2017.02.07 18:15:42.434,1.64165,1.64194,1.00,1.00
2017.02.07 18:15:42.697,1.64162,1.64194,1.87,1.00
2017.02.07 18:15:42.748,1.64162,1.64189,1.00,1.00
2017.02.07 18:15:43.053,1.6417,1.64194,1.00,1.00
2017.02.07 18:15:43.372,1.64173,1.64194,1.00,1.00
2017.02.07 18:15:45.255,1.64173,1.64189,1.00,1.00
2017.02.07 18:15:47.882,1.64168,1.64189,1.50,1.00
2017.02.07 18:15:48.227,1.64171,1.64194,1.00,1.00
2017.02.07 18:15:48.278,1.64173,1.64194,1.00,1.00
2017.02.07 18:15:48.665,1.64171,1.64194,1.00,1.00
2017.02.07 18:15:48.716,1.64173,1.64194,1.00,1.00
2017.02.07 18:15:49.221,1.64169,1.64193,1.00,1.00
2017.02.07 18:15:49.272,1.64171,1.64193,1.00,1.00
2017.02.07 18:15:49.525,1.64168,1.64193,1.00,1.34
2017.02.07 18:15:49.576,1.64171,1.64193,1.00,1.00
2017.02.07 18:15:49.728,1.64161,1.64184,1.00,1.00
2017.02.07 18:15:49.829,1.6416,1.64188,1.00,1.37
2017.02.07 18:15:50.044,1.6416,1.64183,1.00,1.00
2017.02.07 18:15:50.095,1.64158,1.64183,1.00,1.00
2017.02.07 18:15:50.146,1.64156,1.64183,1.00,1.00
2017.02.07 18:15:50.658,1.64157,1.64183,1.00,1.00
2017.02.07 18:15:51.077,1.64159,1.64183,1.00,1.00
2017.02.07 18:15:51.380,1.64161,1.64183,1.00,1.00
2017.02.07 18:15:51.431,1.64159,1.64183,1.00,1.00
2017.02.07 18:15:51.691,1.64164,1.64183,1.50,1.00
2017.02.07 18:15:52.025,1.64167,1.64184,1.00,1.00
2017.02.07 18:15:52.075,1.64162,1.64184,1.00,1.00
2017.02.07 18:15:52.157,1.64162,1.64188,1.87,1.00
2017.02.07 18:15:52.208,1.64166,1.64188,1.00,1.00
2017.02.07 18:15:52.259,1.64164,1.64188,1.50,1.00
2017.02.07 18:15:52.410,1.64162,1.64188,1.00,1.00
2017.02.07 18:15:52.512,1.64164,1.64189,1.00,1.00
2017.02.07 18:15:52.563,1.64162,1.64189,1.50,1.00
2017.02.07 18:15:52.664,1.64162,1.64184,1.00,1.00
2017.02.07 18:15:52.765,1.64159,1.64184,1.00,1.00
2017.02.07 18:15:52.817,1.64157,1.64184,1.00,1.00
2017.02.07 18:15:52.919,1.6415,1.64178,1.12,1.00
2017.02.07 18:15:52.970,1.64153,1.64178,1.00,1.00
2017.02.07 18:15:53.164,1.64149,1.64178,1.00,1.00
2017.02.07 18:15:53.215,1.64153,1.64178,1.00,1.00
2017.02.07 18:15:53.720,1.64153,1.64179,1.00,1.00
2017.02.07 18:15:54.362,1.64153,1.64178,1.37,1.00
2017.02.07 18:15:54.666,1.64152,1.64184,2.25,1.75
2017.02.07 18:15:54.976,1.64155,1.64184,1.37,1.00
2017.02.07 18:15:55.301,1.64155,1.64183,1.75,1.00
2017.02.07 18:15:55.807,1.64158,1.64184,1.37,1.00
2017.02.07 18:15:56.563,1.64158,1.64183,1.37,1.00
2017.02.07 18:15:56.900,1.64162,1.64183,1.00,1.00
2017.02.07 18:15:57.075,1.64158,1.64183,1.37,1.00
2017.02.07 18:15:57.300,1.64161,1.64183,1.12,1.00
2017.02.07 18:15:58.267,1.64158,1.64183,1.50,1.00
2017.02.07 18:15:58.500,1.64156,1.64183,2.25,1.00
2017.02.07 18:15:58.563,1.64161,1.64183,1.00,1.00
2017.02.07 18:15:59.084,1.6416,1.64183,1.00,1.00
2017.02.07 18:15:59.742,1.6416,1.64188,1.00,1.75
2017.02.07 18:15:59.793,1.6416,1.64183,1.00,1.00
2017.02.07 18:15:59.894,1.64157,1.64183,1.00,1.00
2017.02.07 18:15:59.945,1.64159,1.64183,1.00,1.00
2017.02.07 18:15:59.996,1.64156,1.64183,1.00,1.00
2017.02.07 18:16:00.576,1.64156,1.64184,1.00,1.00
2017.02.07 18:16:00.677,1.64155,1.64179,1.00,1.00
2017.02.07 18:16:00.728,1.64153,1.64179,1.50,1.00
2017.02.07 18:16:00.996,1.64153,1.64184,1.50,1.00
2017.02.07 18:16:01.253,1.64153,1.64178,2.25,1.00
2017.02.07 18:16:01.482,1.64153,1.64179,1.00,1.00
2017.02.07 18:16:01.533,1.64153,1.64173,1.00,1.00
2017.02.07 18:16:01.680,1.64148,1.64173,1.00,1.00
2017.02.07 18:16:02.312,1.64147,1.64173,1.50,1.00
2017.02.07 18:16:02.985,1.64148,1.64173,1.09,1.00
2017.02.07 18:16:03.794,1.64148,1.64173,1.46,1.00
2017.02.07 18:16:03.845,1.64149,1.64179,1.75,1.50
2017.02.07 18:16:04.766,1.64152,1.64178,1.50,1.00
2017.02.07 18:16:04.817,1.64152,1.64174,1.12,1.00
2017.02.07 18:16:05.027,1.64149,1.64174,1.00,1.00
2017.02.07 18:16:05.541,1.64148,1.64174,1.50,1.00
2017.02.07 18:16:05.926,1.64146,1.64173,1.50,1.00
2017.02.07 18:16:06.128,1.64146,1.64169,1.00,1.00
2017.02.07 18:16:06.381,1.64133,1.64159,1.50,1.00
2017.02.07 18:16:06.786,1.6413,1.64159,1.12,1.00
2017.02.07 18:16:06.988,1.64132,1.64159,1.00,1.00
2017.02.07 18:16:07.467,1.64132,1.64158,1.37,1.00
2017.02.07 18:16:07.568,1.64133,1.64159,1.12,1.00
2017.02.07 18:16:07.620,1.64134,1.64163,1.12,1.00
2017.02.07 18:16:07.924,1.64134,1.64159,1.87,1.00
2017.02.07 18:16:08.333,1.64132,1.64159,1.00,1.00
2017.02.07 18:16:08.574,1.6413,1.64159,1.50,1.00
2017.02.07 18:16:08.628,1.64121,1.64149,1.00,1.00
2017.02.07 18:16:08.711,1.64121,1.64153,1.00,1.00
2017.02.07 18:16:08.762,1.64123,1.64153,1.00,1.00
2017.02.07 18:16:09.066,1.64129,1.64158,1.12,1.00
2017.02.07 18:16:09.718,1.64129,1.64158,3.00,1.00
2017.02.07 18:16:09.875,1.64129,1.64163,3.00,1.00
2017.02.07 18:16:10.467,1.6413,1.64163,1.00,1.00
2017.02.07 18:16:10.619,1.64128,1.64158,3.00,1.00
2017.02.07 18:16:10.953,1.64128,1.64159,1.12,1.00
2017.02.07 18:16:11.104,1.6413,1.64158,1.12,1.12
2017.02.07 18:16:11.205,1.6413,1.64164,1.50,1.37
2017.02.07 18:16:12.027,1.64131,1.64158,1.12,1.00
2017.02.07 18:16:12.564,1.64132,1.64159,1.00,1.00
2017.02.07 18:16:12.817,1.64132,1.64164,1.00,1.00
2017.02.07 18:16:12.918,1.64131,1.64167,2.25,1.12
2017.02.07 18:16:13.020,1.64132,1.64167,1.75,1.12
2017.02.07 18:16:13.455,1.64133,1.64168,1.37,1.50
2017.02.07 18:16:13.988,1.64133,1.64169,1.00,3.00
2017.02.07 18:16:15.560,1.64133,1.64158,1.12,1.00
2017.02.07 18:16:15.866,1.64131,1.64159,1.12,1.00
2017.02.07 18:16:15.967,1.64128,1.64156,1.12,1.00
2017.02.07 18:16:16.018,1.64127,1.64157,1.00,1.00
2017.02.07 18:16:16.069,1.64126,1.64153,1.12,1.00
2017.02.07 18:16:16.372,1.64123,1.64139,1.12,1.00
2017.02.07 18:16:16.524,1.64115,1.64139,1.87,1.00
2017.02.07 18:16:16.625,1.64114,1.64144,1.37,1.00
2017.02.07 18:16:17.165,1.64115,1.64143,1.50,1.00
2017.02.07 18:16:17.216,1.64115,1.64138,1.00,1.00
2017.02.07 18:16:17.519,1.64116,1.64133,1.00,1.00
2017.02.07 18:16:17.862,1.64114,1.64133,1.00,1.00
2017.02.07 18:16:18.317,1.6411,1.64132,1.00,1.00
2017.02.07 18:16:18.368,1.64109,1.64124,2.25,1.00
2017.02.07 18:16:18.418,1.641,1.64124,1.12,1.00
2017.02.07 18:16:18.520,1.64103,1.64124,1.00,1.00
2017.02.07 18:16:18.852,1.64108,1.64128,1.00,1.00
2017.02.07 18:16:18.953,1.64108,1.64134,1.00,1.50
2017.02.07 18:16:19.105,1.64106,1.64134,1.12,1.00
2017.02.07 18:16:19.156,1.64106,1.64128,1.12,1.00
2017.02.07 18:16:19.462,1.64104,1.64128,1.12,1.50
2017.02.07 18:16:19.512,1.64104,1.64123,1.00,1.00
2017.02.07 18:16:19.563,1.64101,1.64121,1.00,1.00
2017.02.07 18:16:19.614,1.64099,1.64123,1.12,1.50
2017.02.07 18:16:19.816,1.64106,1.64123,1.75,1.00
2017.02.07 18:16:19.867,1.64107,1.64129,1.50,1.00
2017.02.07 18:16:19.929,1.64112,1.64132,1.00,1.00
2017.02.07 18:16:20.030,1.64113,1.64139,1.00,1.00
2017.02.07 18:16:20.248,1.64112,1.64138,1.87,1.00
2017.02.07 18:16:20.501,1.64099,1.64123,1.37,1.00
2017.02.07 18:16:20.653,1.64098,1.64124,1.00,1.00
2017.02.07 18:16:20.805,1.64094,1.64124,2.62,1.00
2017.02.07 18:16:20.856,1.64095,1.64119,1.00,1.00
2017.02.07 18:16:20.930,1.64093,1.64119,1.00,1.00
2017.02.07 18:16:20.994,1.64091,1.64119,1.50,1.00
2017.02.07 18:16:21.246,1.6409,1.64124,2.62,1.00
2017.02.07 18:16:21.371,1.6409,1.64118,2.62,1.00
2017.02.07 18:16:21.903,1.64092,1.64118,1.00,1.00
2017.02.07 18:16:21.954,1.6409,1.64118,1.00,1.00
2017.02.07 18:16:22.057,1.6409,1.64118,1.75,1.00
2017.02.07 18:16:22.164,1.64093,1.64124,1.50,1.00
2017.02.07 18:16:22.215,1.64095,1.64114,1.00,1.00
2017.02.07 18:16:22.316,1.64086,1.64114,1.00,1.00
2017.02.07 18:16:22.367,1.64084,1.64114,2.62,1.00
2017.02.07 18:16:22.721,1.64084,1.64114,2.25,1.00
2017.02.07 18:16:23.022,1.64088,1.64114,2.25,1.00
2017.02.07 18:16:23.073,1.64087,1.64119,1.87,1.00
2017.02.07 18:16:23.239,1.64086,1.64113,1.50,1.00
2017.02.07 18:16:23.751,1.64086,1.64113,2.25,1.00
2017.02.07 18:16:24.747,1.64088,1.64119,1.00,1.00
2017.02.07 18:16:24.852,1.64088,1.64124,1.37,2.25
2017.02.07 18:16:24.903,1.6409,1.64124,1.50,2.25
2017.02.07 18:16:25.191,1.6409,1.64124,1.75,1.00
2017.02.07 18:16:27.230,1.6409,1.64124,1.75,1.00
2017.02.07 18:16:27.432,1.64095,1.64129,1.50,2.25
2017.02.07 18:16:27.735,1.64098,1.64129,1.37,1.00
2017.02.07 18:16:28.261,1.64103,1.64133,1.00,1.00
2017.02.07 18:16:28.312,1.64099,1.64134,1.75,1.00
2017.02.07 18:16:28.363,1.64103,1.64133,1.37,1.00
2017.02.07 18:16:28.465,1.64102,1.64138,3.00,1.12
2017.02.07 18:16:28.717,1.64106,1.64138,1.00,1.12
2017.02.07 18:16:29.053,1.64107,1.64138,1.87,1.00
2017.02.07 18:16:29.255,1.64107,1.64138,1.00,1.00
2017.02.07 18:16:29.306,1.64107,1.64138,1.75,1.00
2017.02.07 18:16:30.351,1.64108,1.64138,1.37,1.00
2017.02.07 18:16:31.250,1.64107,1.64139,2.62,1.00
2017.02.07 18:16:32.737,1.64107,1.64138,1.00,1.00
2017.02.07 18:16:32.839,1.64107,1.64128,1.00,1.00
2017.02.07 18:16:33.073,1.64101,1.64133,1.12,1.00
2017.02.07 18:16:33.124,1.64105,1.64133,1.12,1.00
2017.02.07 18:16:33.175,1.64105,1.64138,1.12,1.12
2017.02.07 18:16:33.780,1.64106,1.64139,1.00,1.37
2017.02.07 18:16:34.625,1.64106,1.64139,1.37,1.37
2017.02.07 18:16:35.078,1.64105,1.64139,1.12,1.37
2017.02.07 18:16:35.690,1.64106,1.64139,1.50,1.37
2017.02.07 18:16:36.159,1.64106,1.64139,1.00,1.37
2017.02.07 18:16:36.210,1.64104,1.64139,1.50,1.87
2017.02.07 18:16:36.261,1.64104,1.64138,1.37,1.12
2017.02.07 18:16:36.841,1.64109,1.64138,1.00,1.12
2017.02.07 18:16:37.267,1.64107,1.64143,1.75,1.75
2017.02.07 18:16:37.368,1.64109,1.64144,1.75,1.75
2017.02.07 18:16:37.549,1.64109,1.64144,2.62,1.37
2017.02.07 18:16:38.271,1.64111,1.64144,1.87,1.00
2017.02.07 18:16:38.322,1.64111,1.64146,1.87,1.50
2017.02.07 18:16:38.423,1.64111,1.64147,1.50,3.75
2017.02.07 18:16:40.112,1.64118,1.64147,1.50,1.50
2017.02.07 18:16:40.163,1.64118,1.64149,1.00,1.00
2017.02.07 18:16:40.213,1.64122,1.64149,1.37,1.00
2017.02.07 18:16:40.365,1.64125,1.64157,1.87,1.37
2017.02.07 18:16:40.466,1.64125,1.64157,3.00,1.00
2017.02.07 18:16:40.517,1.64125,1.64157,2.25,1.00
2017.02.07 18:16:41.265,1.64125,1.64159,1.37,1.00
2017.02.07 18:16:41.815,1.64125,1.64153,1.37,1.00
2017.02.07 18:16:42.487,1.64125,1.64153,1.00,1.00
2017.02.07 18:16:44.667,1.64125,1.64154,1.50,1.00
2017.02.07 18:16:45.187,1.6412,1.64153,2.25,1.00
2017.02.07 18:16:45.707,1.64124,1.64153,1.12,1.00
2017.02.07 18:16:46.217,1.64124,1.64154,1.12,1.00
2017.02.07 18:16:46.319,1.64126,1.64154,1.75,1.00
2017.02.07 18:16:47.006,1.64127,1.64153,1.12,1.00
2017.02.07 18:16:48.231,1.64125,1.64153,1.12,1.00
2017.02.07 18:16:48.487,1.64125,1.64153,1.50,1.00
2017.02.07 18:16:48.990,1.64121,1.64154,2.62,1.00
2017.02.07 18:16:49.345,1.64121,1.64148,1.00,1.00
2017.02.07 18:16:49.920,1.6412,1.64149,1.87,1.00
2017.02.07 18:16:50.362,1.64122,1.64148,1.00,1.00
2017.02.07 18:16:50.414,1.64122,1.64153,1.00,1.00
2017.02.07 18:16:50.951,1.64121,1.64154,1.37,1.00
2017.02.07 18:16:51.052,1.6412,1.64153,1.12,1.00
2017.02.07 18:16:51.204,1.64122,1.64154,1.12,1.00
2017.02.07 18:16:51.507,1.64115,1.64144,1.37,1.00
2017.02.07 18:16:51.558,1.64115,1.64144,1.00,1.00
2017.02.07 18:16:53.217,1.64114,1.64143,2.62,1.00
2017.02.07 18:16:55.252,1.64114,1.64143,2.62,1.00
2017.02.07 18:16:55.919,1.64113,1.64144,2.62,1.00
2017.02.07 18:16:56.467,1.64114,1.64143,1.00,1.00
2017.02.07 18:16:57.140,1.64113,1.64143,1.00,1.00
2017.02.07 18:16:58.254,1.64113,1.64138,1.00,1.00
2017.02.07 18:16:58.506,1.64099,1.64129,2.62,1.00
2017.02.07 18:16:58.759,1.641,1.64133,1.50,1.37
2017.02.07 18:16:59.107,1.64104,1.64138,1.37,1.00
2017.02.07 18:16:59.634,1.64104,1.64138,2.25,1.00
2017.02.07 18:17:00.149,1.64105,1.64138,2.62,1.00
2017.02.07 18:17:00.744,1.64109,1.64139,1.50,1.00
2017.02.07 18:17:01.136,1.64109,1.64144,1.50,2.25
2017.02.07 18:17:02.480,1.6411,1.64139,1.00,1.00
2017.02.07 18:17:02.581,1.6411,1.64144,3.00,1.00
2017.02.07 18:17:02.754,1.64114,1.64143,1.00,1.00
2017.02.07 18:17:03.262,1.64114,1.64144,1.50,1.00
2017.02.07 18:17:04.616,1.64111,1.64138,1.75,1.00
2017.02.07 18:17:04.667,1.64111,1.64143,1.75,1.00
2017.02.07 18:17:04.778,1.64112,1.64143,1.12,1.00
2017.02.07 18:17:04.930,1.64113,1.64138,1.00,1.00
2017.02.07 18:17:05.555,1.64113,1.64143,1.50,1.00
2017.02.07 18:17:06.133,1.64113,1.64144,1.50,1.00
2017.02.07 18:17:06.926,1.64113,1.64146,1.50,2.62
2017.02.07 18:17:07.723,1.64113,1.64143,1.50,1.00
2017.02.07 18:17:08.461,1.64116,1.64148,1.37,1.37
2017.02.07 18:17:08.563,1.64116,1.64151,2.25,1.50
2017.02.07 18:17:09.064,1.64117,1.64151,1.00,1.00
2017.02.07 18:17:10.640,1.64119,1.64151,1.00,1.00
2017.02.07 18:17:10.943,1.64122,1.64154,1.00,1.00
2017.02.07 18:17:11.129,1.64123,1.64159,2.25,1.87
2017.02.07 18:17:11.179,1.64127,1.64159,1.00,1.50
2017.02.07 18:17:11.686,1.64128,1.64159,1.12,1.00
2017.02.07 18:17:12.070,1.64127,1.64153,1.50,1.00
2017.02.07 18:17:12.824,1.64124,1.64154,1.37,1.00
2017.02.07 18:17:12.874,1.64123,1.64154,1.12,1.00
2017.02.07 18:17:12.925,1.64123,1.64149,1.00,1.00
2017.02.07 18:17:13.026,1.64117,1.64148,1.12,1.37
2017.02.07 18:17:13.077,1.64111,1.64148,1.37,2.25
2017.02.07 18:17:13.128,1.64112,1.64148,1.87,1.37
2017.02.07 18:17:13.501,1.64111,1.64143,1.87,1.00
2017.02.07 18:17:13.804,1.64114,1.64144,1.00,1.00
2017.02.07 18:17:14.107,1.64116,1.64144,1.00,1.00
2017.02.07 18:17:14.699,1.64115,1.64144,1.50,1.00
2017.02.07 18:17:15.852,1.64115,1.64143,1.50,1.00
2017.02.07 18:17:16.156,1.64112,1.64133,1.00,1.00
2017.02.07 18:17:16.393,1.64099,1.64128,1.00,1.00
2017.02.07 18:17:16.664,1.64097,1.64127,1.00,1.00
2017.02.07 18:17:16.765,1.64097,1.64129,1.50,1.75
2017.02.07 18:17:16.867,1.64098,1.64129,1.00,1.00
2017.02.07 18:17:16.917,1.64097,1.64129,2.62,1.00
2017.02.07 18:17:17.019,1.64101,1.64133,1.00,1.87
2017.02.07 18:17:17.120,1.64103,1.64133,1.37,1.00
2017.02.07 18:17:17.523,1.64104,1.64134,1.09,1.00
2017.02.07 18:17:17.824,1.64108,1.64144,3.71,1.50
2017.02.07 18:17:18.177,1.6411,1.64143,1.37,1.00
2017.02.07 18:17:18.228,1.64114,1.6414,1.00,1.37
2017.02.07 18:17:18.279,1.6411,1.64139,1.87,1.50
2017.02.07 18:17:18.381,1.64109,1.6414,1.12,1.75
2017.02.07 18:17:18.431,1.64108,1.64139,2.25,1.37
2017.02.07 18:17:18.951,1.64108,1.64139,2.62,1.00
2017.02.07 18:17:19.702,1.64106,1.64137,1.12,1.00
2017.02.07 18:17:19.804,1.64103,1.64133,1.00,1.00
2017.02.07 18:17:20.136,1.64104,1.64133,1.50,1.00
2017.02.07 18:17:20.440,1.64107,1.64133,1.00,1.00
2017.02.07 18:17:20.743,1.64107,1.64138,1.87,1.00
2017.02.07 18:17:20.794,1.6411,1.64138,1.00,1.00
2017.02.07 18:17:21.132,1.64107,1.64134,1.00,1.00
2017.02.07 18:17:21.650,1.64106,1.64133,1.12,1.00
2017.02.07 18:17:21.981,1.64106,1.64128,1.87,1.00
2017.02.07 18:17:22.136,1.64107,1.64134,1.00,1.00
2017.02.07 18:17:22.209,1.64102,1.64128,1.75,1.00
2017.02.07 18:17:22.260,1.64101,1.64129,3.00,1.00
2017.02.07 18:17:22.361,1.641,1.64123,1.50,1.00
2017.02.07 18:17:22.684,1.64098,1.64123,1.00,1.00
2017.02.07 18:17:23.204,1.64098,1.64124,1.00,1.00
2017.02.07 18:17:23.456,1.64094,1.64123,1.00,1.00
2017.02.07 18:17:23.860,1.64096,1.64122,1.00,1.00
2017.02.07 18:17:24.471,1.64095,1.64123,1.34,1.00
2017.02.07 18:17:24.774,1.64092,1.64119,1.00,1.12
2017.02.07 18:17:25.771,1.64087,1.64119,1.84,1.00
2017.02.07 18:17:25.873,1.64083,1.64117,1.75,1.00
2017.02.07 18:17:25.923,1.64083,1.64114,1.37,1.00
2017.02.07 18:17:26.227,1.64086,1.64119,1.71,2.62
2017.02.07 18:17:26.277,1.64087,1.64119,1.46,2.62
2017.02.07 18:17:26.429,1.64084,1.64113,1.00,1.00
2017.02.07 18:17:26.582,1.64082,1.64113,1.09,1.00
2017.02.07 18:17:26.948,1.64081,1.64108,1.34,1.00
2017.02.07 18:17:27.100,1.6408,1.64108,1.00,1.00
2017.02.07 18:17:27.198,1.64079,1.64103,1.00,1.00
2017.02.07 18:17:27.249,1.64074,1.64104,1.00,1.00
2017.02.07 18:17:27.351,1.64077,1.64108,1.37,2.25
2017.02.07 18:17:27.603,1.64085,1.64119,1.75,1.75
2017.02.07 18:17:27.655,1.64088,1.64118,1.50,1.00
2017.02.07 18:17:28.222,1.64088,1.64119,1.87,1.00
2017.02.07 18:17:28.770,1.64088,1.64118,1.50,1.00
2017.02.07 18:17:28.972,1.64083,1.64117,2.25,1.00
2017.02.07 18:17:29.215,1.64083,1.64113,3.00,1.00
2017.02.07 18:17:29.586,1.64083,1.64113,3.37,1.00
2017.02.07 18:17:30.114,1.64085,1.64113,1.00,1.00
2017.02.07 18:17:30.317,1.64086,1.64108,1.12,1.00
2017.02.07 18:17:30.468,1.64076,1.64104,1.00,1.00
2017.02.07 18:17:30.519,1.64076,1.64109,1.87,1.12
2017.02.07 18:17:30.621,1.64075,1.64109,2.25,1.12
2017.02.07 18:17:30.925,1.64083,1.64113,1.00,1.75
2017.02.07 18:17:30.976,1.64085,1.64113,1.00,1.00
2017.02.07 18:17:31.027,1.64086,1.64108,1.37,1.00
2017.02.07 18:17:31.078,1.64084,1.64108,1.50,1.00
2017.02.07 18:17:31.179,1.64082,1.64103,1.37,1.00
2017.02.07 18:17:31.351,1.64077,1.64108,1.87,1.34
2017.02.07 18:17:31.402,1.64072,1.64108,2.62,1.87
2017.02.07 18:17:31.554,1.64072,1.64103,1.37,1.00
2017.02.07 18:17:31.655,1.64072,1.64103,1.00,1.00
2017.02.07 18:17:32.059,1.64073,1.64104,1.37,1.00
2017.02.07 18:17:32.261,1.64072,1.64104,2.25,1.00
2017.02.07 18:17:32.732,1.64076,1.64103,1.00,1.00
2017.02.07 18:17:32.783,1.64077,1.64109,1.37,1.50
2017.02.07 18:17:32.884,1.64077,1.64109,1.12,1.00
2017.02.07 18:17:32.935,1.64081,1.64109,1.00,1.00
2017.02.07 18:17:33.389,1.64075,1.64109,1.37,1.00
2017.02.07 18:17:34.014,1.64074,1.64104,1.37,1.00
2017.02.07 18:17:34.339,1.64069,1.64099,1.50,1.00
2017.02.07 18:17:34.389,1.64071,1.64099,1.12,1.00
2017.02.07 18:17:34.492,1.6407,1.64103,1.12,1.00
2017.02.07 18:17:34.694,1.64073,1.64106,1.00,1.50
2017.02.07 18:17:34.997,1.64072,1.64106,1.37,1.12
2017.02.07 18:17:35.301,1.64075,1.64108,1.37,2.25
2017.02.07 18:17:35.452,1.64073,1.64107,1.87,1.50
2017.02.07 18:17:35.629,1.64073,1.64104,1.87,1.00
2017.02.07 18:17:35.679,1.6407,1.64103,1.37,1.50
2017.02.07 18:17:35.730,1.6407,1.64098,1.37,1.00
2017.02.07 18:17:35.832,1.64076,1.64105,1.00,1.00
2017.02.07 18:17:35.933,1.64079,1.64113,1.46,1.50
2017.02.07 18:17:36.034,1.64081,1.64116,1.37,1.75
2017.02.07 18:17:36.085,1.64084,1.64118,1.37,1.46
2017.02.07 18:17:36.136,1.64084,1.64116,1.37,1.75
2017.02.07 18:17:36.439,1.64092,1.64123,1.00,1.50
2017.02.07 18:17:36.764,1.64087,1.64118,1.37,1.00
2017.02.07 18:17:36.816,1.64087,1.64121,1.87,1.00
2017.02.07 18:17:37.048,1.64089,1.64118,1.00,1.37
2017.02.07 18:17:37.246,1.64085,1.64118,1.00,3.75
2017.02.07 18:17:37.347,1.64087,1.64118,1.00,1.87
2017.02.07 18:17:37.448,1.64085,1.64118,1.00,1.37
2017.02.07 18:17:37.549,1.64085,1.64118,2.25,1.00
2017.02.07 18:17:37.600,1.64086,1.64118,1.00,1.00
2017.02.07 18:17:37.651,1.64084,1.64118,1.00,1.00
2017.02.07 18:17:37.954,1.64083,1.64119,1.50,2.25
2017.02.07 18:17:38.100,1.64085,1.64121,1.75,2.62
2017.02.07 18:17:38.254,1.64085,1.64119,1.87,1.12
2017.02.07 18:17:38.402,1.64085,1.64113,1.12,1.00
2017.02.07 18:17:38.509,1.64077,1.64114,1.87,3.34
2017.02.07 18:17:38.559,1.64084,1.64115,1.37,1.50
2017.02.07 18:17:38.711,1.6409,1.64118,1.50,1.75
2017.02.07 18:17:38.813,1.64088,1.64118,2.25,1.00
2017.02.07 18:17:38.864,1.6409,1.64124,1.00,1.50
2017.02.07 18:17:38.967,1.64088,1.64118,2.25,1.00
2017.02.07 18:17:39.221,1.64082,1.64112,1.00,1.00
2017.02.07 18:17:39.272,1.64082,1.64112,1.00,1.37
2017.02.07 18:17:39.373,1.64086,1.64115,1.00,1.00
2017.02.07 18:17:39.502,1.64083,1.64115,2.25,1.50
2017.02.07 18:17:40.142,1.64083,1.64116,1.00,1.37
2017.02.07 18:17:40.679,1.64083,1.64114,1.00,1.37
2017.02.07 18:17:40.732,1.64083,1.64114,1.12,1.37
2017.02.07 18:17:41.036,1.64083,1.64116,1.00,1.50
2017.02.07 18:17:41.331,1.64083,1.64113,1.87,1.00
2017.02.07 18:17:42.042,1.64084,1.64116,1.00,1.00
2017.02.07 18:17:42.143,1.64088,1.64118,1.00,1.12
2017.02.07 18:17:42.257,1.64088,1.6412,1.00,1.00
2017.02.07 18:17:42.633,1.64088,1.64119,1.00,1.37
2017.02.07 18:17:42.886,1.64088,1.64121,1.00,1.00
2017.02.07 18:17:43.115,1.64088,1.64117,1.00,1.00
2017.02.07 18:17:43.217,1.64083,1.64116,1.00,1.50
2017.02.07 18:17:43.268,1.64083,1.64113,1.00,1.00
2017.02.07 18:17:43.802,1.64085,1.64119,1.00,1.37
2017.02.07 18:17:43.904,1.64086,1.64121,1.00,1.46
2017.02.07 18:17:44.005,1.64085,1.64121,2.25,1.46
2017.02.07 18:17:44.106,1.64082,1.64115,1.50,1.87
2017.02.07 18:17:44.263,1.64082,1.64113,1.00,1.00
2017.02.07 18:17:44.566,1.64085,1.64119,3.00,1.00
2017.02.07 18:17:45.458,1.64087,1.64122,1.87,1.71
2017.02.07 18:17:46.260,1.64087,1.64118,1.87,1.00
2017.02.07 18:17:46.563,1.64083,1.64116,1.75,1.00
2017.02.07 18:17:46.614,1.64083,1.64118,2.25,1.00
2017.02.07 18:17:46.715,1.64085,1.64118,1.00,1.50
2017.02.07 18:17:46.817,1.64088,1.64118,1.00,1.00
2017.02.07 18:17:47.120,1.64089,1.64118,2.25,1.00
2017.02.07 18:17:47.675,1.6409,1.64123,1.37,1.37
2017.02.07 18:17:47.928,1.64087,1.64121,1.12,1.37
2017.02.07 18:17:48.293,1.64085,1.64121,2.25,1.12
2017.02.07 18:17:48.595,1.64085,1.64121,1.87,1.50
2017.02.07 18:17:48.899,1.64084,1.64121,1.75,1.87
2017.02.07 18:17:49.113,1.64084,1.64118,1.50,1.75
2017.02.07 18:17:49.265,1.6408,1.64113,1.00,1.00
2017.02.07 18:17:49.316,1.6408,1.6411,1.00,1.00
2017.02.07 18:17:49.603,1.64089,1.64122,1.12,1.50
2017.02.07 18:17:49.805,1.64089,1.64122,1.12,1.87
2017.02.07 18:17:50.302,1.64088,1.64118,1.50,1.00
2017.02.07 18:17:51.105,1.64084,1.64114,1.37,1.00
2017.02.07 18:17:51.157,1.64084,1.64113,1.12,1.00
2017.02.07 18:17:51.599,1.64082,1.64115,1.75,1.00
2017.02.07 18:17:51.651,1.64084,1.64117,1.00,1.00
2017.02.07 18:17:52.261,1.64082,1.64118,1.75,3.00
2017.02.07 18:17:52.364,1.64082,1.64115,1.50,1.00
2017.02.07 18:17:52.972,1.64082,1.64115,1.75,1.00
2017.02.07 18:17:53.125,1.64076,1.64109,1.50,1.50
2017.02.07 18:17:53.226,1.64072,1.64106,1.75,1.00
2017.02.07 18:17:53.764,1.64073,1.64102,1.37,1.00
2017.02.07 18:17:53.966,1.64073,1.64109,1.87,1.87
2017.02.07 18:17:54.017,1.64077,1.64109,1.75,1.00
2017.02.07 18:17:54.421,1.64077,1.64111,2.25,1.37
2017.02.07 18:17:54.573,1.64081,1.64111,1.00,1.00
2017.02.07 18:17:54.939,1.64087,1.64118,1.87,1.37
2017.02.07 18:17:55.029,1.64088,1.64118,1.12,1.00
2017.02.07 18:17:55.483,1.64086,1.64116,1.12,1.00
2017.02.07 18:17:55.736,1.64084,1.64118,1.87,1.00
2017.02.07 18:17:56.281,1.64088,1.64117,1.12,1.00
2017.02.07 18:17:56.610,1.64088,1.64113,1.12,1.00
2017.02.07 18:17:57.036,1.64088,1.64117,1.12,1.00
2017.02.07 18:17:57.266,1.64083,1.64117,1.87,1.00
2017.02.07 18:17:57.367,1.64084,1.64117,1.00,1.37
2017.02.07 18:17:57.897,1.64084,1.64114,1.00,1.00
2017.02.07 18:17:58.354,1.64079,1.64113,1.12,1.00
2017.02.07 18:17:59.255,1.64078,1.64111,1.87,1.12
2017.02.07 18:17:59.407,1.64073,1.64107,1.50,1.87
2017.02.07 18:17:59.508,1.64073,1.64104,1.00,1.87
2017.02.07 18:17:59.710,1.64062,1.64094,1.50,1.50
2017.02.07 18:17:59.761,1.64061,1.64094,1.12,2.25
2017.02.07 18:17:59.812,1.64059,1.64092,1.50,1.00
2017.02.07 18:18:00.139,1.64057,1.6409,1.87,1.00
2017.02.07 18:18:00.189,1.64057,1.64088,1.87,1.00
2017.02.07 18:18:00.415,1.64058,1.6409,1.50,1.50
2017.02.07 18:18:00.516,1.64062,1.6409,1.12,1.00
2017.02.07 18:18:00.769,1.64062,1.64092,1.50,1.05
2017.02.07 18:18:00.870,1.6406,1.64091,1.00,1.80
2017.02.07 18:18:01.022,1.64057,1.64083,1.00,1.00
2017.02.07 18:18:01.274,1.64062,1.64094,1.87,1.67
2017.02.07 18:18:01.325,1.64062,1.64095,1.87,1.05
2017.02.07 18:18:01.477,1.64065,1.64098,1.87,1.60
2017.02.07 18:18:01.864,1.64062,1.64094,1.12,1.30
2017.02.07 18:18:02.117,1.64058,1.64083,3.37,1.00
2017.02.07 18:18:02.218,1.64059,1.64093,1.00,1.30
2017.02.07 18:18:02.292,1.64059,1.64093,1.75,1.30
2017.02.07 18:18:02.746,1.64061,1.64089,1.37,1.00
2017.02.07 18:18:02.847,1.64058,1.64091,2.25,1.00
2017.02.07 18:18:03.020,1.6406,1.64088,1.12,1.00
2017.02.07 18:18:03.323,1.64054,1.64087,1.00,1.00
2017.02.07 18:18:03.701,1.64056,1.64087,1.00,1.00
2017.02.07 18:18:04.004,1.64054,1.64088,1.50,1.87
2017.02.07 18:18:04.055,1.64055,1.64088,1.37,1.00
2017.02.07 18:18:05.156,1.64056,1.64088,1.50,1.00
2017.02.07 18:18:06.529,1.64058,1.64089,1.75,1.50
2017.02.07 18:18:06.580,1.64057,1.64089,1.50,1.50
2017.02.07 18:18:06.732,1.64056,1.64089,1.50,1.50
2017.02.07 18:18:07.248,1.64056,1.64088,1.00,1.00
2017.02.07 18:18:07.306,1.64056,1.64084,1.00,1.00
2017.02.07 18:18:07.458,1.6405,1.6408,1.50,1.00
2017.02.07 18:18:07.509,1.6405,1.64078,1.50,1.00
2017.02.07 18:18:07.560,1.64047,1.64078,1.00,1.00
2017.02.07 18:18:07.661,1.64044,1.64073,1.75,1.00
2017.02.07 18:18:07.763,1.64044,1.64073,1.50,1.00
2017.02.07 18:18:07.864,1.64042,1.64074,1.00,1.00
2017.02.07 18:18:08.232,1.64038,1.64069,1.87,1.00
2017.02.07 18:18:08.283,1.64038,1.64069,1.50,1.12
2017.02.07 18:18:08.384,1.64035,1.64066,1.00,1.00
2017.02.07 18:18:08.606,1.64034,1.64068,1.50,1.00
2017.02.07 18:18:09.320,1.6404,1.64068,1.00,1.00
2017.02.07 18:18:09.370,1.64041,1.64072,1.00,1.87
2017.02.07 18:18:09.421,1.64044,1.64072,1.00,1.87
2017.02.07 18:18:09.472,1.64044,1.64076,1.87,1.37
2017.02.07 18:18:09.613,1.64044,1.64077,1.37,1.00
2017.02.07 18:18:09.867,1.64043,1.64074,1.50,1.00
2017.02.07 18:18:09.989,1.64042,1.64074,1.87,1.12
2017.02.07 18:18:10.041,1.64041,1.64071,1.87,1.00
2017.02.07 18:18:10.193,1.64039,1.64072,1.87,1.00
2017.02.07 18:18:10.294,1.64037,1.64069,2.62,1.00
2017.02.07 18:18:10.490,1.64037,1.64069,2.25,1.00
2017.02.07 18:18:10.718,1.6404,1.64069,1.00,1.00
2017.02.07 18:18:10.971,1.64035,1.64069,1.50,1.00
2017.02.07 18:18:11.072,1.64034,1.64065,3.00,1.00
2017.02.07 18:18:11.173,1.64034,1.64068,1.87,1.00
2017.02.07 18:18:11.604,1.64038,1.64067,1.00,1.00
2017.02.07 18:18:11.869,1.64041,1.64072,1.37,1.00
2017.02.07 18:18:12.184,1.64039,1.64071,1.87,1.00
2017.02.07 18:18:12.363,1.64037,1.64071,2.25,1.00
2017.02.07 18:18:12.464,1.64037,1.64067,1.50,1.00
2017.02.07 18:18:12.566,1.64036,1.64069,1.37,1.00
2017.02.07 18:18:12.969,1.64037,1.6407,1.37,1.00
2017.02.07 18:18:13.242,1.64041,1.64074,1.00,1.00
2017.02.07 18:18:13.548,1.6404,1.64076,1.87,1.00
2017.02.07 18:18:13.886,1.64044,1.64075,1.00,1.00
2017.02.07 18:18:14.189,1.6405,1.64078,1.00,1.00
2017.02.07 18:18:14.720,1.64048,1.64078,2.25,1.00
2017.02.07 18:18:15.957,1.64048,1.64084,2.25,1.00
2017.02.07 18:18:16.162,1.64049,1.64078,1.12,1.00
2017.02.07 18:18:20.046,1.64051,1.64079,1.50,1.00
2017.02.07 18:18:20.147,1.64052,1.64088,1.50,2.62
2017.02.07 18:18:20.198,1.64054,1.64088,1.50,2.25
2017.02.07 18:18:20.401,1.64057,1.64091,1.12,1.00
2017.02.07 18:18:20.553,1.64059,1.6409,1.00,1.00
2017.02.07 18:18:20.603,1.64059,1.64092,1.12,1.05
2017.02.07 18:18:21.104,1.64058,1.64092,1.12,1.05
2017.02.07 18:18:21.642,1.64059,1.64089,1.00,1.50
2017.02.07 18:18:22.069,1.64058,1.64087,1.00,1.00
2017.02.07 18:18:22.322,1.64058,1.64089,1.00,1.50
2017.02.07 18:18:22.834,1.64059,1.64084,1.00,1.00
2017.02.07 18:18:23.155,1.64059,1.64089,1.50,1.00
2017.02.07 18:18:23.509,1.64055,1.64088,2.62,1.00
2017.02.07 18:18:23.661,1.64054,1.64085,1.50,1.00
2017.02.07 18:18:23.965,1.64046,1.64077,1.12,1.00
2017.02.07 18:18:24.117,1.64043,1.64077,1.50,1.12
2017.02.07 18:18:24.168,1.64039,1.64069,1.50,1.00
2017.02.07 18:18:24.219,1.64039,1.64069,1.12,1.00
2017.02.07 18:18:24.573,1.64035,1.64067,1.50,1.00
2017.02.07 18:18:24.624,1.64033,1.64064,1.12,1.00
2017.02.07 18:18:24.725,1.6403,1.64063,1.12,1.50
2017.02.07 18:18:24.827,1.64037,1.64063,1.00,1.50
2017.02.07 18:18:24.928,1.64039,1.64069,1.00,1.75
2017.02.07 18:18:25.030,1.6404,1.64069,1.00,1.00
2017.02.07 18:18:25.236,1.6404,1.64072,1.12,1.00
2017.02.07 18:18:25.337,1.64039,1.6407,1.50,1.00
2017.02.07 18:18:25.539,1.64037,1.6407,2.62,1.00
2017.02.07 18:18:25.831,1.64035,1.6407,1.00,1.50
2017.02.07 18:18:25.881,1.64034,1.64066,2.25,1.00
2017.02.07 18:18:26.161,1.64037,1.64069,1.00,1.87
2017.02.07 18:18:26.262,1.64034,1.64068,1.50,1.00
2017.02.07 18:18:26.772,1.64034,1.64067,1.00,1.00
2017.02.07 18:18:27.283,1.64035,1.64068,1.00,1.00
2017.02.07 18:18:28.368,1.64039,1.64068,1.12,1.00
2017.02.07 18:18:28.520,1.6404,1.64072,1.00,1.00
2017.02.07 18:18:29.083,1.6404,1.64073,1.00,1.00
2017.02.07 18:18:29.689,1.64039,1.64073,2.25,1.00
2017.02.07 18:18:29.892,1.64038,1.64071,1.00,1.00
2017.02.07 18:18:30.304,1.64037,1.64069,1.50,1.00
2017.02.07 18:18:30.744,1.64036,1.64069,2.25,1.00
2017.02.07 18:18:30.795,1.64039,1.64074,1.12,2.25
2017.02.07 18:18:31.297,1.6404,1.64073,1.00,2.25
2017.02.07 18:18:31.873,1.64039,1.64073,2.25,1.00
2017.02.07 18:18:31.924,1.64039,1.64065,1.00,1.00
2017.02.07 18:18:32.075,1.64037,1.64068,1.37,1.00
2017.02.07 18:18:32.176,1.64035,1.64067,1.37,1.00
2017.02.07 18:18:32.678,1.64036,1.64066,1.00,1.00
2017.02.07 18:18:32.729,1.64035,1.64068,1.50,1.50
2017.02.07 18:18:33.099,1.64034,1.64066,1.50,1.00
2017.02.07 18:18:33.200,1.64033,1.64066,1.00,1.00
2017.02.07 18:18:33.723,1.64035,1.64066,1.75,1.00
2017.02.07 18:18:34.032,1.64036,1.64068,1.12,1.00
2017.02.07 18:18:35.028,1.64038,1.64071,1.37,1.00
2017.02.07 18:18:35.129,1.64037,1.64073,1.87,1.00
2017.02.07 18:18:35.674,1.64038,1.64074,1.37,2.25
2017.02.07 18:18:35.725,1.64036,1.64071,2.62,1.00
2017.02.07 18:18:35.826,1.64036,1.6407,1.87,1.00
2017.02.07 18:18:36.442,1.64036,1.64067,1.87,1.00
2017.02.07 18:18:36.746,1.64038,1.64072,1.00,1.00
2017.02.07 18:18:37.055,1.64038,1.64072,2.25,1.00
2017.02.07 18:18:37.561,1.6404,1.64068,1.50,1.00
2017.02.07 18:18:38.205,1.64039,1.64071,2.25,1.00
2017.02.07 18:18:38.256,1.6404,1.64069,1.00,1.00
2017.02.07 18:18:38.357,1.6404,1.64074,1.50,1.00
2017.02.07 18:18:38.559,1.64041,1.64076,1.50,1.00
2017.02.07 18:18:38.660,1.64041,1.64074,1.87,1.00
2017.02.07 18:18:39.165,1.64043,1.64076,1.00,1.50
2017.02.07 18:18:39.526,1.64044,1.64078,1.00,1.12
2017.02.07 18:18:40.813,1.64043,1.64076,1.00,1.00
2017.02.07 18:18:42.429,1.64042,1.64076,1.87,1.50
2017.02.07 18:18:43.742,1.64043,1.64078,2.25,1.12
2017.02.07 18:18:43.843,1.64044,1.6408,2.25,1.75
2017.02.07 18:18:44.160,1.64044,1.6408,2.25,2.25
2017.02.07 18:18:45.001,1.64044,1.64078,1.12,1.87
2017.02.07 18:18:45.153,1.64043,1.64074,1.50,1.00
2017.02.07 18:18:45.355,1.64042,1.64076,1.50,1.00
2017.02.07 18:18:46.110,1.64042,1.64077,2.25,1.50
2017.02.07 18:18:46.693,1.64043,1.64077,1.00,1.50
2017.02.07 18:18:47.375,1.64044,1.64077,1.00,1.50
2017.02.07 18:18:47.425,1.64046,1.64077,1.37,1.50
2017.02.07 18:18:47.880,1.64046,1.64081,2.25,2.25
2017.02.07 18:18:48.032,1.64048,1.64081,1.37,1.00
2017.02.07 18:18:48.133,1.64047,1.64083,2.62,1.50
2017.02.07 18:18:48.234,1.64047,1.64079,2.25,1.00
2017.02.07 18:18:48.285,1.64049,1.64083,1.12,1.50
2017.02.07 18:18:48.438,1.64047,1.6408,2.62,1.00
2017.02.07 18:18:48.488,1.64048,1.64084,1.50,1.87
2017.02.07 18:18:48.992,1.64049,1.64084,1.00,1.87
2017.02.07 18:18:49.150,1.64047,1.64084,1.50,1.87
2017.02.07 18:18:50.100,1.64048,1.64084,1.12,2.62
2017.02.07 18:18:52.015,1.64048,1.64079,1.12,1.00
2017.02.07 18:18:52.727,1.64046,1.64079,2.62,1.00
2017.02.07 18:18:53.244,1.64048,1.64081,1.50,1.00
2017.02.07 18:18:53.553,1.64048,1.64079,1.12,1.00
2017.02.07 18:18:54.388,1.64046,1.64077,1.37,1.00
2017.02.07 18:18:54.490,1.64045,1.64076,1.00,1.00
2017.02.07 18:18:54.966,1.64046,1.64077,1.75,1.00
2017.02.07 18:18:55.288,1.64054,1.64083,1.00,1.50
2017.02.07 18:18:55.400,1.64052,1.64083,1.00,1.50
2017.02.07 18:18:56.162,1.64052,1.64084,1.00,1.50
2017.02.07 18:18:56.264,1.64052,1.64084,2.25,1.00
2017.02.07 18:18:56.466,1.64055,1.64088,1.12,1.00
2017.02.07 18:18:56.985,1.64056,1.64086,1.00,1.00
2017.02.07 18:18:57.189,1.64051,1.64082,2.25,1.00
2017.02.07 18:18:57.622,1.64051,1.64081,1.50,1.00
2017.02.07 18:18:58.134,1.64054,1.64081,1.00,1.00
2017.02.07 18:18:59.522,1.64054,1.64082,1.87,1.00
2017.02.07 18:18:59.675,1.64051,1.64082,1.37,1.00
2017.02.07 18:18:59.725,1.64051,1.64082,1.37,1.37
2017.02.07 18:18:59.877,1.64048,1.64079,1.12,1.50
2017.02.07 18:18:59.978,1.64048,1.64081,2.62,1.00
2017.02.07 18:19:00.202,1.64054,1.64088,1.50,1.75
2017.02.07 18:19:00.303,1.64055,1.64089,1.00,1.00
2017.02.07 18:19:00.707,1.64055,1.64087,1.00,1.00
2017.02.07 18:19:01.018,1.64054,1.64084,1.00,1.00
2017.02.07 18:19:01.423,1.64053,1.64087,1.87,1.00
2017.02.07 18:19:02.256,1.64052,1.64089,2.25,1.50
2017.02.07 18:19:02.358,1.64054,1.64085,1.12,1.00
2017.02.07 18:19:02.410,1.64054,1.64087,1.12,1.00
2017.02.07 18:19:02.461,1.64054,1.64087,1.12,1.00
2017.02.07 18:19:02.562,1.64054,1.64089,3.00,1.00
2017.02.07 18:19:02.980,1.64056,1.64091,1.00,1.50
2017.02.07 18:19:03.454,1.64056,1.64088,1.50,1.00
2017.02.07 18:19:04.072,1.64057,1.64088,1.00,1.00
2017.02.07 18:19:05.221,1.64057,1.64089,1.00,1.00
2017.02.07 18:19:05.746,1.64057,1.64088,1.00,1.00
2017.02.07 18:19:06.248,1.64055,1.64088,1.50,1.12
2017.02.07 18:19:06.450,1.64054,1.64085,1.12,1.00
2017.02.07 18:19:06.760,1.64051,1.64085,1.00,1.50
2017.02.07 18:19:06.811,1.64048,1.64082,1.50,1.50
2017.02.07 18:19:10.212,1.64048,1.64081,1.50,1.00
2017.02.07 18:19:11.025,1.64046,1.64073,1.12,1.00
2017.02.07 18:19:11.127,1.64042,1.64073,2.62,1.00
2017.02.07 18:19:11.178,1.64044,1.64073,1.00,1.12
2017.02.07 18:19:11.279,1.6404,1.64074,1.87,2.25
2017.02.07 18:19:11.705,1.64044,1.64075,1.50,1.00
2017.02.07 18:19:11.755,1.64046,1.64079,1.00,1.75
2017.02.07 18:19:11.806,1.64048,1.64079,1.00,1.75
2017.02.07 18:19:11.958,1.64049,1.64084,1.46,1.50
2017.02.07 18:19:12.261,1.64052,1.64088,1.50,2.25
2017.02.07 18:19:12.904,1.64052,1.64084,1.00,1.00
2017.02.07 18:19:13.005,1.6405,1.64084,3.00,1.50
2017.02.07 18:19:13.248,1.64051,1.64084,1.12,1.50
2017.02.07 18:19:13.299,1.64052,1.64084,1.00,1.50
2017.02.07 18:19:13.920,1.64051,1.64084,1.00,2.25
2017.02.07 18:19:13.988,1.64048,1.64082,1.50,1.00
2017.02.07 18:19:14.493,1.64048,1.64083,1.12,1.00
2017.02.07 18:19:15.278,1.64047,1.64084,2.25,2.62
2017.02.07 18:19:15.329,1.64047,1.64083,4.87,1.00
2017.02.07 18:19:15.602,1.64048,1.64083,1.00,1.80
2017.02.07 18:19:15.703,1.64047,1.64081,3.00,1.00
2017.02.07 18:19:16.221,1.64048,1.64079,1.00,1.00
2017.02.07 18:19:16.811,1.64048,1.6408,1.00,1.00
2017.02.07 18:19:17.778,1.64045,1.64078,2.25,1.00
2017.02.07 18:19:18.337,1.64045,1.64079,1.75,1.00
2017.02.07 18:19:18.871,1.64046,1.64078,1.75,1.50
2017.02.07 18:19:20.361,1.64054,1.64078,1.00,1.00
2017.02.07 18:19:20.513,1.64055,1.64088,2.25,1.75
2017.02.07 18:19:20.564,1.64058,1.64088,2.62,1.00
2017.02.07 18:19:21.151,1.64056,1.64089,2.62,1.00
2017.02.07 18:19:23.238,1.64057,1.64089,1.00,1.00
2017.02.07 18:19:23.815,1.64058,1.64088,1.00,1.00
2017.02.07 18:19:24.215,1.64058,1.64092,1.00,1.37
2017.02.07 18:19:24.444,1.64058,1.64088,1.00,1.00
2017.02.07 18:19:24.972,1.64057,1.64088,1.50,1.00
2017.02.07 18:19:25.229,1.64057,1.64092,1.12,1.37
2017.02.07 18:19:25.766,1.64057,1.64092,1.37,1.37
2017.02.07 18:19:27.456,1.64057,1.64088,1.37,1.00
2017.02.07 18:19:29.859,1.64058,1.64092,1.12,1.37
2017.02.07 18:19:30.241,1.64058,1.64089,1.00,1.00
2017.02.07 18:19:30.748,1.64057,1.64089,1.12,1.00
2017.02.07 18:19:32.113,1.64058,1.64089,1.00,1.00
2017.02.07 18:19:32.862,1.64057,1.64088,1.50,1.00
2017.02.07 18:19:35.230,1.64047,1.64058,2.62,1.00
2017.02.07 18:19:35.281,1.64045,1.64058,1.00,1.00
2017.02.07 18:19:35.332,1.64045,1.64063,1.00,1.00
2017.02.07 18:19:35.383,1.64031,1.64063,3.75,1.50
2017.02.07 18:19:35.484,1.64031,1.64064,1.50,1.09
2017.02.07 18:19:35.586,1.64032,1.64063,1.87,1.00
2017.02.07 18:19:35.891,1.64039,1.64069,2.25,1.30
2017.02.07 18:19:36.456,1.64041,1.64074,1.12,1.60
2017.02.07 18:19:37.031,1.64041,1.64073,1.12,1.60
2017.02.07 18:19:37.859,1.64039,1.64064,1.37,1.00
2017.02.07 18:19:37.910,1.64036,1.64064,1.37,1.00
2017.02.07 18:19:37.961,1.64032,1.64061,1.50,1.00
2017.02.07 18:19:38.062,1.64031,1.64061,1.87,1.00
2017.02.07 18:19:38.264,1.64032,1.64064,1.87,1.50
2017.02.07 18:19:38.468,1.64032,1.64064,1.50,1.50
2017.02.07 18:19:40.737,1.64032,1.64064,2.62,1.00
2017.02.07 18:19:41.146,1.64035,1.64063,1.87,1.00
2017.02.07 18:19:42.147,1.64036,1.64063,1.00,1.00
2017.02.07 18:19:43.049,1.64035,1.64063,1.37,1.00
2017.02.07 18:19:46.413,1.64035,1.64063,1.00,1.00
2017.02.07 18:19:47.213,1.64034,1.64063,1.37,1.00
2017.02.07 18:19:47.703,1.64033,1.64064,1.87,1.50
2017.02.07 18:19:47.854,1.64033,1.64058,1.87,1.00
2017.02.07 18:19:48.258,1.64033,1.64063,1.00,1.12
2017.02.07 18:19:48.410,1.64033,1.64058,1.50,1.00
2017.02.07 18:19:48.741,1.64032,1.64063,1.00,1.87
2017.02.07 18:19:49.413,1.64033,1.64063,1.00,1.12
2017.02.07 18:19:50.184,1.64032,1.64063,1.00,1.12
2017.02.07 18:19:52.484,1.64033,1.64063,1.00,1.12
2017.02.07 18:19:52.535,1.64033,1.64058,1.00,1.00
2017.02.07 18:19:52.636,1.64033,1.64064,1.12,1.87
2017.02.07 18:19:53.588,1.64034,1.64064,1.00,1.37
2017.02.07 18:19:54.219,1.64033,1.64064,1.87,1.37
2017.02.07 18:19:55.187,1.64033,1.64059,1.50,1.00
2017.02.07 18:19:55.729,1.64033,1.64059,1.37,1.00
2017.02.07 18:19:56.210,1.64033,1.64064,1.87,1.87
2017.02.07 18:19:56.463,1.64033,1.64058,1.37,1.00
2017.02.07 18:19:57.059,1.64033,1.64059,1.37,1.00
2017.02.07 18:19:57.489,1.64036,1.64058,1.00,1.00
2017.02.07 18:19:57.791,1.64036,1.64059,1.37,1.00
2017.02.07 18:19:57.842,1.64036,1.64064,1.37,1.00
2017.02.07 18:19:57.993,1.64036,1.64064,1.00,1.00
2017.02.07 18:19:58.390,1.6404,1.64064,1.00,1.00
2017.02.07 18:19:58.702,1.64038,1.64064,2.25,1.00
2017.02.07 18:19:59.193,1.64038,1.64069,1.50,1.64
2017.02.07 18:19:59.396,1.64038,1.64064,1.50,1.34
2017.02.07 18:19:59.548,1.64029,1.64059,1.09,1.50
2017.02.07 18:19:59.801,1.64029,1.64058,1.09,1.00
2017.02.07 18:20:00.410,1.64032,1.64059,1.50,1.00
2017.02.07 18:20:00.863,1.6403,1.64059,2.62,1.00
2017.02.07 18:20:01.408,1.6403,1.64059,2.62,1.00
2017.02.07 18:20:03.108,1.6403,1.64059,1.12,1.00
2017.02.07 18:20:03.870,1.64028,1.64059,3.34,1.00
2017.02.07 18:20:04.341,1.64027,1.64059,1.84,1.00
2017.02.07 18:20:05.817,1.64028,1.64058,1.34,1.00
2017.02.07 18:20:05.918,1.64027,1.64055,1.12,2.25
2017.02.07 18:20:06.120,1.64025,1.64054,2.25,1.00
2017.02.07 18:20:06.673,1.64024,1.64054,1.50,1.00
2017.02.07 18:20:06.926,1.64034,1.64056,1.12,2.25
2017.02.07 18:20:07.179,1.64036,1.64064,1.00,1.00
2017.02.07 18:20:07.230,1.64037,1.64059,1.50,1.00
2017.02.07 18:20:07.846,1.64038,1.64059,1.50,1.00
2017.02.07 18:20:08.179,1.6404,1.64059,1.00,1.00
2017.02.07 18:20:08.230,1.64038,1.64059,1.50,1.00
2017.02.07 18:20:08.926,1.64039,1.64059,1.00,1.00
2017.02.07 18:20:09.136,1.64036,1.64059,2.25,1.00
2017.02.07 18:20:09.568,1.64038,1.64059,1.00,1.00
2017.02.07 18:20:09.734,1.64038,1.64063,1.00,1.00
2017.02.07 18:20:10.284,1.64039,1.64063,1.50,1.00
2017.02.07 18:20:10.438,1.64039,1.64059,1.50,1.00
2017.02.07 18:20:10.693,1.64034,1.64056,1.00,1.50
2017.02.07 18:20:10.877,1.64028,1.64054,1.50,1.50
2017.02.07 18:20:10.928,1.64027,1.64049,1.00,1.00
2017.02.07 18:20:11.029,1.64028,1.64053,1.00,1.00
2017.02.07 18:20:11.130,1.6403,1.64053,1.00,1.00
2017.02.07 18:20:11.231,1.64032,1.64057,1.50,1.00
2017.02.07 18:20:11.282,1.64029,1.64057,1.50,1.50
2017.02.07 18:20:11.586,1.6403,1.64053,1.00,1.00
2017.02.07 18:20:11.636,1.6403,1.64056,1.00,1.00
2017.02.07 18:20:11.940,1.64031,1.64058,1.00,1.50
2017.02.07 18:20:12.188,1.64029,1.64058,1.00,1.00
2017.02.07 18:20:12.316,1.64029,1.64053,1.00,1.00
2017.02.07 18:20:12.521,1.64026,1.64053,1.00,1.50
2017.02.07 18:20:13.850,1.64025,1.64053,1.00,1.00
2017.02.07 18:20:14.448,1.64025,1.64048,1.50,1.00
2017.02.07 18:20:14.599,1.64022,1.64048,1.00,1.00
2017.02.07 18:20:14.650,1.64021,1.64052,1.50,1.00
2017.02.07 18:20:14.701,1.64021,1.6405,1.00,1.00
2017.02.07 18:20:14.802,1.64021,1.64053,1.50,1.00
2017.02.07 18:20:14.970,1.64026,1.64053,1.00,1.50
2017.02.07 18:20:15.278,1.64024,1.64051,1.00,1.00
2017.02.07 18:20:16.880,1.64024,1.64049,1.00,1.12
2017.02.07 18:20:16.983,1.6402,1.64049,1.50,1.12
2017.02.07 18:20:17.084,1.64018,1.64048,1.00,1.00
2017.02.07 18:20:17.268,1.64018,1.64043,1.00,1.00
2017.02.07 18:20:17.572,1.64019,1.64049,1.00,1.12
2017.02.07 18:20:17.673,1.64021,1.64048,1.00,1.00
2017.02.07 18:20:17.875,1.64016,1.64044,1.00,1.00
2017.02.07 18:20:18.128,1.64015,1.64047,1.37,1.50
2017.02.07 18:20:18.280,1.64015,1.64043,1.87,1.00
2017.02.07 18:20:18.718,1.64018,1.64046,1.00,1.00
2017.02.07 18:20:19.236,1.64019,1.64046,1.00,1.00
2017.02.07 18:20:19.337,1.6402,1.64052,1.50,2.25
2017.02.07 18:20:19.388,1.64021,1.64051,1.00,1.12
2017.02.07 18:20:19.439,1.64021,1.64048,1.50,1.00
2017.02.07 18:20:19.591,1.64017,1.64048,1.00,2.25
2017.02.07 18:20:19.692,1.64015,1.64047,1.75,1.37
2017.02.07 18:20:20.230,1.64016,1.64045,1.37,1.00
2017.02.07 18:20:21.031,1.64016,1.64045,1.00,1.00
2017.02.07 18:20:21.556,1.64015,1.64043,1.00,1.00
2017.02.07 18:20:21.859,1.6401,1.64033,1.00,1.00
2017.02.07 18:20:21.910,1.64006,1.64033,1.00,1.50
2017.02.07 18:20:22.063,1.64004,1.64033,1.00,1.00
2017.02.07 18:20:22.266,1.64001,1.64034,1.50,1.87
2017.02.07 18:20:22.367,1.63998,1.64032,1.09,1.00
2017.02.07 18:20:22.419,1.63998,1.64031,1.46,1.00
2017.02.07 18:20:22.635,1.63998,1.64028,1.46,1.00
2017.02.07 18:20:23.144,1.63997,1.64023,1.50,1.00
2017.02.07 18:20:23.296,1.63988,1.64018,2.25,1.00
2017.02.07 18:20:23.397,1.63988,1.64018,1.37,1.00
2017.02.07 18:20:23.448,1.63987,1.64018,1.50,1.00
2017.02.07 18:20:23.974,1.63988,1.64018,1.87,1.00
2017.02.07 18:20:24.125,1.63988,1.64019,1.37,1.00
2017.02.07 18:20:24.390,1.63988,1.64019,1.37,2.25
2017.02.07 18:20:24.441,1.63988,1.64017,1.00,1.12
2017.02.07 18:20:24.624,1.63985,1.64016,1.12,1.12
2017.02.07 18:20:25.214,1.63985,1.64017,1.00,1.00
2017.02.07 18:20:25.567,1.63987,1.64019,1.00,1.00
2017.02.07 18:20:25.870,1.63989,1.64019,1.37,1.00
2017.02.07 18:20:25.972,1.63987,1.64018,1.50,1.00
2017.02.07 18:20:26.503,1.63988,1.64017,1.00,1.00
2017.02.07 18:20:26.553,1.63987,1.64017,1.37,1.00
2017.02.07 18:20:26.973,1.63986,1.64017,2.25,1.00
2017.02.07 18:20:27.607,1.63987,1.64017,1.00,1.00
2017.02.07 18:20:28.410,1.63986,1.64017,2.25,1.00
2017.02.07 18:20:28.939,1.63986,1.64017,1.87,1.00
2017.02.07 18:20:29.479,1.63988,1.64017,2.25,1.00
2017.02.07 18:20:30.003,1.63988,1.64018,1.12,1.50
2017.02.07 18:20:32.224,1.63987,1.64018,1.50,1.50
2017.02.07 18:20:32.454,1.6399,1.64018,1.00,1.50
2017.02.07 18:20:32.774,1.6399,1.64022,1.50,1.00
2017.02.07 18:20:32.925,1.6399,1.64019,1.00,1.00
2017.02.07 18:20:33.327,1.63994,1.64018,1.00,1.50
2017.02.07 18:20:33.378,1.6399,1.64018,2.62,1.50
2017.02.07 18:20:33.429,1.63989,1.6402,1.37,1.05
2017.02.07 18:20:33.581,1.63988,1.64018,1.00,1.80
2017.02.07 18:20:34.289,1.63987,1.64017,1.00,1.67
2017.02.07 18:20:34.579,1.63986,1.64012,1.00,1.00
2017.02.07 18:20:34.681,1.6398,1.64011,1.87,1.00
2017.02.07 18:20:34.782,1.6398,1.64011,1.00,1.12
2017.02.07 18:20:35.034,1.63977,1.64009,3.00,1.12
2017.02.07 18:20:35.337,1.63975,1.64004,1.00,1.12
2017.02.07 18:20:36.135,1.63977,1.64006,1.00,1.87
2017.02.07 18:20:36.304,1.63974,1.64006,3.00,1.87
2017.02.07 18:20:37.304,1.63971,1.64003,1.37,1.12
2017.02.07 18:20:37.355,1.63971,1.64004,1.00,2.25
2017.02.07 18:20:37.709,1.6397,1.64002,1.00,1.00
2017.02.07 18:20:38.223,1.63971,1.64003,1.50,1.50
2017.02.07 18:20:38.766,1.6397,1.64002,2.25,1.00
2017.02.07 18:20:38.867,1.6397,1.63997,1.00,1.00
2017.02.07 18:20:38.968,1.63968,1.63997,1.00,1.00
2017.02.07 18:20:39.953,1.63969,1.64003,1.00,3.00
2017.02.07 18:20:40.147,1.63973,1.64004,1.00,2.62
2017.02.07 18:20:40.225,1.63974,1.64004,1.00,1.12
2017.02.07 18:20:40.730,1.63974,1.64004,1.50,1.87
2017.02.07 18:20:41.243,1.63973,1.64004,2.62,1.12
2017.02.07 18:20:41.775,1.63974,1.64004,1.50,1.12
2017.02.07 18:20:42.016,1.63972,1.64004,2.62,1.12
2017.02.07 18:20:42.117,1.63972,1.64001,1.00,1.00
2017.02.07 18:20:42.168,1.6397,1.64003,1.87,1.84
2017.02.07 18:20:42.270,1.6397,1.63999,1.12,1.50
2017.02.07 18:20:42.573,1.63976,1.64005,1.00,1.00
2017.02.07 18:20:42.675,1.63977,1.64008,1.00,1.50
2017.02.07 18:20:42.826,1.6398,1.64008,1.00,1.00
2017.02.07 18:20:43.141,1.63984,1.64014,1.00,1.00
2017.02.07 18:20:43.192,1.63986,1.64014,1.00,1.05
2017.02.07 18:20:43.748,1.63985,1.64014,1.12,1.00
2017.02.07 18:20:44.258,1.63984,1.64014,1.87,1.05
2017.02.07 18:20:44.359,1.63982,1.64014,1.00,1.00
2017.02.07 18:20:44.926,1.63983,1.64014,1.00,1.00
2017.02.07 18:20:45.056,1.63985,1.64014,1.00,1.00
2017.02.07 18:20:45.359,1.63988,1.64021,1.12,1.60
2017.02.07 18:20:45.715,1.63989,1.64021,1.37,1.60
2017.02.07 18:20:46.375,1.63988,1.64018,2.25,1.30
2017.02.07 18:20:47.390,1.63988,1.64018,1.50,1.30
2017.02.07 18:20:48.230,1.6399,1.64021,1.00,1.60
2017.02.07 18:20:48.972,1.63989,1.64022,1.00,1.72
2017.02.07 18:20:49.534,1.63988,1.64022,1.00,1.72
2017.02.07 18:20:50.289,1.63986,1.64018,2.62,1.30
2017.02.07 18:20:50.834,1.63987,1.64022,1.00,1.72
2017.02.07 18:20:51.638,1.63987,1.64022,1.50,1.72
2017.02.07 18:20:52.200,1.63987,1.64022,1.12,1.72
2017.02.07 18:20:52.938,1.63988,1.64021,1.00,1.60
2017.02.07 18:20:53.456,1.63989,1.64016,1.00,1.42
2017.02.07 18:20:53.557,1.6398,1.64014,3.75,1.12
2017.02.07 18:20:53.608,1.6398,1.64013,3.00,1.37
2017.02.07 18:20:53.911,1.63979,1.64008,1.00,1.00
2017.02.07 18:20:54.443,1.63978,1.64008,1.00,1.00
2017.02.07 18:20:54.977,1.63976,1.64008,2.25,1.00
2017.02.07 18:20:55.460,1.63976,1.64008,1.87,1.00
2017.02.07 18:20:55.826,1.63976,1.64008,1.12,2.25
2017.02.07 18:20:56.614,1.63974,1.64007,2.25,1.00
2017.02.07 18:20:57.146,1.63974,1.64008,2.62,1.87
2017.02.07 18:20:58.757,1.63974,1.64007,2.25,1.00
2017.02.07 18:20:59.209,1.63974,1.64008,2.25,1.87
2017.02.07 18:20:59.563,1.63974,1.64007,1.00,1.50
2017.02.07 18:20:59.868,1.63977,1.64008,1.00,1.12
2017.02.07 18:21:00.201,1.63987,1.64014,1.12,1.87
2017.02.07 18:21:00.252,1.63988,1.64018,1.12,1.30
2017.02.07 18:21:00.518,1.6399,1.64021,1.37,2.10
2017.02.07 18:21:01.075,1.63988,1.64021,1.50,2.10
2017.02.07 18:21:01.471,1.6399,1.64021,1.00,1.35
2017.02.07 18:21:01.884,1.63992,1.64021,1.00,1.35
2017.02.07 18:21:02.398,1.6399,1.64019,1.00,2.10
2017.02.07 18:21:02.702,1.63988,1.64008,1.00,1.00
2017.02.07 18:21:02.848,1.63987,1.64014,1.00,1.05
2017.02.07 18:21:03.101,1.6399,1.64018,1.00,1.67
2017.02.07 18:21:03.504,1.63992,1.64019,1.00,1.80
2017.02.07 18:21:04.043,1.63991,1.64019,1.00,1.80
2017.02.07 18:21:04.544,1.63992,1.6402,1.00,1.35
2017.02.07 18:21:05.095,1.63993,1.64024,1.00,3.22
2017.02.07 18:21:05.297,1.63993,1.64023,1.00,1.12
2017.02.07 18:21:05.675,1.63996,1.64023,1.00,1.00
2017.02.07 18:21:05.928,1.63993,1.64023,1.37,1.12
2017.02.07 18:21:06.466,1.63992,1.64023,1.37,1.00
2017.02.07 18:21:06.802,1.6399,1.64024,1.50,2.25
2017.02.07 18:21:06.903,1.6399,1.64024,2.25,2.25
2017.02.07 18:21:07.206,1.63983,1.64014,1.50,1.12
2017.02.07 18:21:09.274,1.63982,1.64008,1.87,1.00
2017.02.07 18:21:12.125,1.63982,1.64009,1.87,1.00
2017.02.07 18:21:14.447,1.6398,1.64009,1.75,1.00
2017.02.07 18:21:14.754,1.63971,1.63998,1.12,1.00
2017.02.07 18:21:15.293,1.63969,1.63998,3.00,1.00
2017.02.07 18:21:15.495,1.63969,1.63998,2.25,1.00
2017.02.07 18:21:16.087,1.63965,1.63998,1.75,1.12
2017.02.07 18:21:16.605,1.63967,1.63999,1.87,1.12
2017.02.07 18:21:16.655,1.63971,1.64001,1.00,1.00
2017.02.07 18:21:16.958,1.63972,1.64004,1.87,1.12
2017.02.07 18:21:17.262,1.63976,1.64009,1.37,1.87
2017.02.07 18:21:17.312,1.63976,1.64009,1.37,1.50
2017.02.07 18:21:17.724,1.6398,1.64011,1.37,1.12
2017.02.07 18:21:17.988,1.63986,1.64017,1.12,1.00
2017.02.07 18:21:18.089,1.63986,1.64018,3.00,1.12
2017.02.07 18:21:18.722,1.63987,1.64018,1.37,1.37
2017.02.07 18:21:19.236,1.63988,1.64018,1.00,1.12
2017.02.07 18:21:19.678,1.63988,1.64018,1.37,1.12
2017.02.07 18:21:19.779,1.63988,1.64018,1.12,1.00
2017.02.07 18:21:20.377,1.63988,1.64018,1.37,1.00
2017.02.07 18:21:20.567,1.63985,1.64017,1.37,1.87
2017.02.07 18:21:20.719,1.6398,1.64009,1.12,2.62
2017.02.07 18:21:20.770,1.63975,1.64008,2.62,1.00
2017.02.07 18:21:20.821,1.63976,1.64006,1.37,1.00
2017.02.07 18:21:21.234,1.63975,1.64007,2.25,2.62
2017.02.07 18:21:21.738,1.63975,1.64007,2.62,2.62
2017.02.07 18:21:22.343,1.63976,1.64007,1.00,1.37
2017.02.07 18:21:22.889,1.63977,1.64008,1.12,1.87
2017.02.07 18:21:22.940,1.63981,1.64011,1.00,1.00
2017.02.07 18:21:23.243,1.63987,1.64017,1.37,1.37
2017.02.07 18:21:24.578,1.63989,1.64018,1.50,1.75
2017.02.07 18:21:24.883,1.63988,1.64018,1.50,1.00
2017.02.07 18:21:25.135,1.6399,1.64021,1.37,1.37
2017.02.07 18:21:25.322,1.6399,1.64022,1.87,1.12
2017.02.07 18:21:25.373,1.63997,1.64022,1.00,1.12
2017.02.07 18:21:25.676,1.63998,1.6403,1.50,1.12
2017.02.07 18:21:25.988,1.64,1.64033,1.50,3.37
2017.02.07 18:21:26.333,1.64001,1.64032,1.37,1.37
2017.02.07 18:21:27.130,1.64001,1.64032,1.75,1.37
2017.02.07 18:21:27.360,1.64001,1.64033,1.50,2.62
2017.02.07 18:21:29.101,1.64003,1.64034,1.00,3.37
2017.02.07 18:21:29.633,1.64001,1.64034,1.50,1.12
2017.02.07 18:21:30.280,1.64001,1.64034,1.50,1.12
2017.02.07 18:21:30.775,1.64002,1.64029,1.50,1.00
2017.02.07 18:21:30.826,1.64002,1.64034,1.50,1.12
2017.02.07 18:21:31.369,1.64002,1.64033,1.37,1.12
2017.02.07 18:21:31.952,1.64004,1.64033,1.00,1.00
2017.02.07 18:21:32.003,1.64003,1.64033,1.87,1.00
2017.02.07 18:21:32.427,1.64003,1.64037,1.50,1.87
2017.02.07 18:21:32.478,1.64003,1.64037,1.50,2.25
2017.02.07 18:21:32.914,1.64003,1.64036,2.25,1.00
2017.02.07 18:21:33.818,1.64005,1.64038,1.87,1.75
2017.02.07 18:21:34.229,1.64011,1.64039,1.00,2.25
2017.02.07 18:21:34.432,1.64015,1.64044,1.50,1.37
2017.02.07 18:21:34.664,1.64015,1.64039,1.37,1.00
2017.02.07 18:21:34.766,1.64011,1.6404,1.00,1.37
2017.02.07 18:21:34.867,1.64007,1.64039,1.50,1.12
2017.02.07 18:21:35.120,1.64009,1.64038,1.37,1.00
2017.02.07 18:21:36.089,1.6401,1.64038,1.00,1.00
2017.02.07 18:21:36.633,1.6401,1.64039,1.00,1.12
2017.02.07 18:21:37.293,1.6401,1.64039,1.50,1.12
2017.02.07 18:21:37.600,1.6401,1.64039,1.87,1.12
2017.02.07 18:21:38.434,1.64012,1.64039,1.00,1.12
2017.02.07 18:21:38.814,1.64012,1.64043,1.00,1.12
2017.02.07 18:21:38.873,1.64012,1.64038,1.00,1.00
2017.02.07 18:21:39.984,1.64015,1.64044,1.37,1.87
2017.02.07 18:21:40.035,1.64013,1.64046,1.37,1.00
2017.02.07 18:21:40.140,1.64015,1.64043,1.00,1.00
2017.02.07 18:21:40.342,1.64011,1.64043,1.12,1.87
2017.02.07 18:21:42.119,1.64011,1.64043,1.50,1.00
2017.02.07 18:21:42.636,1.64014,1.64045,1.37,1.50
2017.02.07 18:21:42.890,1.64018,1.64051,1.12,1.12
2017.02.07 18:21:43.430,1.64021,1.64052,1.50,1.00
2017.02.07 18:21:43.481,1.64021,1.64052,1.50,1.00
2017.02.07 18:21:43.799,1.64019,1.6405,1.50,1.00
2017.02.07 18:21:44.102,1.64016,1.64043,3.00,1.00
2017.02.07 18:21:44.153,1.64017,1.64043,2.25,1.00
2017.02.07 18:21:44.565,1.64017,1.64043,1.12,1.00
2017.02.07 18:21:45.106,1.64017,1.64044,3.37,1.00
2017.02.07 18:21:45.755,1.64017,1.64049,1.87,1.12
2017.02.07 18:21:46.377,1.64017,1.64049,3.75,1.00
2017.02.07 18:21:48.214,1.64021,1.64052,1.12,1.87
2017.02.07 18:21:48.290,1.64025,1.64052,1.37,1.00
2017.02.07 18:21:48.392,1.64029,1.64058,1.00,1.50
2017.02.07 18:21:48.493,1.64032,1.64062,1.37,3.00
2017.02.07 18:21:48.594,1.64032,1.64062,1.50,1.87
2017.02.07 18:21:49.156,1.64028,1.64062,1.75,1.50
2017.02.07 18:21:49.208,1.64028,1.64062,1.75,3.37
2017.02.07 18:21:49.359,1.64028,1.64054,1.75,1.00
2017.02.07 18:21:49.612,1.64027,1.64054,1.50,1.00
2017.02.07 18:21:50.159,1.64027,1.64054,1.00,1.00
2017.02.07 18:21:50.380,1.64026,1.64054,1.37,1.00
2017.02.07 18:21:50.535,1.64026,1.64056,1.87,1.12
2017.02.07 18:21:50.586,1.64026,1.64056,1.87,1.12
2017.02.07 18:21:51.114,1.64021,1.64048,1.37,1.00
2017.02.07 18:21:51.215,1.64018,1.64048,1.87,1.50
2017.02.07 18:21:51.266,1.64018,1.64043,1.50,1.00
2017.02.07 18:21:51.317,1.64013,1.64043,1.75,1.00
2017.02.07 18:21:51.368,1.64014,1.64047,1.75,1.12
2017.02.07 18:21:51.418,1.64014,1.64048,1.75,3.37
2017.02.07 18:21:51.692,1.64017,1.64048,1.37,1.87
2017.02.07 18:21:52.096,1.64013,1.64047,1.75,1.37
2017.02.07 18:21:53.130,1.64015,1.64047,1.75,1.00
2017.02.07 18:21:53.681,1.64015,1.64048,1.87,1.50
2017.02.07 18:21:53.732,1.64017,1.64048,2.25,1.50
2017.02.07 18:21:53.935,1.64022,1.64052,1.00,1.50
2017.02.07 18:21:53.986,1.6402,1.64052,1.87,1.12
2017.02.07 18:21:54.510,1.64022,1.64052,1.75,1.12
2017.02.07 18:21:54.864,1.64022,1.64048,1.50,1.00
2017.02.07 18:21:55.148,1.64016,1.64044,1.00,1.46
2017.02.07 18:21:55.249,1.64013,1.64042,1.50,1.87
2017.02.07 18:21:55.351,1.64011,1.64039,1.50,1.00
2017.02.07 18:21:55.654,1.64007,1.64038,2.25,1.12
2017.02.07 18:21:56.774,1.6401,1.64038,1.00,1.00
2017.02.07 18:21:57.544,1.64008,1.64038,1.75,1.00
2017.02.07 18:21:58.578,1.64009,1.64038,2.25,1.00
2017.02.07 18:22:00.109,1.6401,1.64039,1.50,1.50
2017.02.07 18:22:00.719,1.64011,1.64039,1.50,1.00
2017.02.07 18:22:01.272,1.64012,1.64039,1.37,1.00
2017.02.07 18:22:01.806,1.64012,1.64039,1.37,1.00
2017.02.07 18:22:01.912,1.64014,1.64043,1.87,1.50
2017.02.07 18:22:01.963,1.64016,1.64043,2.62,1.00
2017.02.07 18:22:02.266,1.64025,1.6405,1.50,1.12
2017.02.07 18:22:02.620,1.6402,1.64051,3.00,1.50
2017.02.07 18:22:02.830,1.64017,1.64043,1.75,1.00
2017.02.07 18:22:02.908,1.64018,1.64043,1.12,1.12
2017.02.07 18:22:03.111,1.64014,1.64043,1.37,1.12
2017.02.07 18:22:03.473,1.64012,1.64043,1.75,1.12
2017.02.07 18:22:03.806,1.64013,1.64039,1.00,1.37
2017.02.07 18:22:03.907,1.64005,1.64036,2.25,1.00
2017.02.07 18:22:04.059,1.64004,1.64034,1.75,1.00
2017.02.07 18:22:04.362,1.64006,1.64035,1.87,1.50
2017.02.07 18:22:04.515,1.64007,1.64039,1.37,3.00
2017.02.07 18:22:04.689,1.6401,1.64039,1.00,3.00
2017.02.07 18:22:05.094,1.64006,1.64039,1.50,1.50
2017.02.07 18:22:05.195,1.64006,1.64039,1.50,1.12
2017.02.07 18:22:05.700,1.64006,1.64038,3.00,1.00
2017.02.07 18:22:05.852,1.64005,1.64034,1.50,1.00
2017.02.07 18:22:05.902,1.64003,1.64034,2.25,1.00
2017.02.07 18:22:06.054,1.64004,1.64028,1.00,1.00
2017.02.07 18:22:06.155,1.64001,1.64033,1.50,1.50
2017.02.07 18:22:06.696,1.64,1.64032,2.25,1.00
2017.02.07 18:22:07.286,1.64001,1.64033,3.00,2.25
2017.02.07 18:22:07.337,1.64001,1.64028,3.00,1.00
2017.02.07 18:22:07.896,1.64003,1.64028,1.00,1.00
2017.02.07 18:22:08.185,1.64001,1.64032,1.75,1.46
2017.02.07 18:22:08.237,1.64001,1.64031,1.75,1.09
2017.02.07 18:22:08.710,1.64006,1.64032,1.50,1.75
2017.02.07 18:22:08.812,1.64002,1.64032,1.75,1.75
2017.02.07 18:22:08.913,1.64005,1.64032,1.00,1.00
2017.02.07 18:22:09.115,1.64002,1.64033,1.00,2.25
2017.02.07 18:22:09.633,1.64002,1.64035,1.87,1.87
2017.02.07 18:22:10.531,1.64003,1.64036,1.37,3.00
2017.02.07 18:22:11.406,1.64003,1.64026,1.00,1.00
2017.02.07 18:22:11.608,1.63995,1.64024,1.87,1.46
2017.02.07 18:22:11.710,1.63995,1.64027,3.00,1.75
2017.02.07 18:22:11.761,1.64,1.64027,1.00,1.12
2017.02.07 18:22:11.963,1.64002,1.64033,2.25,1.00
2017.02.07 18:22:12.471,1.64002,1.64033,1.75,1.00
2017.02.07 18:22:12.573,1.64002,1.64036,1.75,1.12
2017.02.07 18:22:12.728,1.64004,1.64036,2.25,1.00
2017.02.07 18:22:12.806,1.64006,1.64036,1.00,1.50
2017.02.07 18:22:12.959,1.64005,1.64032,1.50,1.00
2017.02.07 18:22:13.278,1.64006,1.64032,1.50,1.37
2017.02.07 18:22:14.241,1.64003,1.64033,2.25,1.50
2017.02.07 18:22:15.689,1.64003,1.64032,1.75,1.37
2017.02.07 18:22:16.570,1.64004,1.64033,1.75,1.50
2017.02.07 18:22:17.272,1.64004,1.64036,1.75,1.12
2017.02.07 18:22:17.496,1.64007,1.64033,1.00,1.00
2017.02.07 18:22:17.813,1.64005,1.64033,1.75,1.00
2017.02.07 18:22:18.463,1.64006,1.64036,1.87,1.00
2017.02.07 18:22:18.766,1.64011,1.64042,2.62,1.75
2017.02.07 18:22:18.868,1.64011,1.64042,2.62,1.00
2017.02.07 18:22:19.120,1.64013,1.64044,1.75,1.50
2017.02.07 18:22:19.478,1.64012,1.64043,3.00,1.12
2017.02.07 18:22:19.580,1.64016,1.64043,1.00,1.12
2017.02.07 18:22:20.126,1.64014,1.64043,2.62,1.00
2017.02.07 18:22:20.549,1.64015,1.64049,1.87,1.12
2017.02.07 18:22:22.842,1.64018,1.64048,1.00,1.00
2017.02.07 18:22:24.145,1.64016,1.64048,1.75,1.00
2017.02.07 18:22:24.297,1.64016,1.64048,3.00,1.00
2017.02.07 18:22:24.829,1.64016,1.64049,3.00,1.00
2017.02.07 18:22:25.216,1.64016,1.64048,1.75,1.00
2017.02.07 18:22:26.218,1.64015,1.64048,1.87,1.00
2017.02.07 18:22:27.125,1.64016,1.64048,1.87,1.00
2017.02.07 18:22:27.719,1.64016,1.64049,1.75,1.12
2017.02.07 18:22:30.547,1.64016,1.64049,1.50,1.37
2017.02.07 18:22:31.349,1.64016,1.64049,1.37,1.37
2017.02.07 18:22:32.327,1.64016,1.64049,1.50,1.12
2017.02.07 18:22:32.593,1.64015,1.64049,1.87,1.37
2017.02.07 18:22:32.741,1.64015,1.64049,1.87,1.37
2017.02.07 18:22:33.114,1.64015,1.64043,2.25,1.00
2017.02.07 18:22:33.351,1.64018,1.64049,1.37,1.37
2017.02.07 18:22:34.072,1.64018,1.64049,1.37,1.12
2017.02.07 18:22:35.200,1.64016,1.64044,1.75,1.00
2017.02.07 18:22:35.753,1.64016,1.64049,1.87,1.00
2017.02.07 18:22:35.854,1.64017,1.64044,1.00,1.00
2017.02.07 18:22:36.181,1.64015,1.64048,2.25,1.12
2017.02.07 18:22:36.333,1.64016,1.64048,1.50,1.00
2017.02.07 18:22:37.515,1.64014,1.64048,3.75,1.00
2017.02.07 18:22:38.712,1.64017,1.64048,3.00,1.00
2017.02.07 18:22:39.234,1.64016,1.64049,1.75,1.00
2017.02.07 18:22:39.505,1.64018,1.64049,1.00,1.12
2017.02.07 18:22:40.511,1.64016,1.64049,1.12,1.12
2017.02.07 18:22:42.163,1.64017,1.64049,3.00,1.00
2017.02.07 18:22:42.696,1.64017,1.64048,2.62,1.00
2017.02.07 18:22:43.018,1.64015,1.64047,1.37,2.62
2017.02.07 18:22:43.069,1.64015,1.64047,1.00,2.62
2017.02.07 18:22:43.120,1.64014,1.64038,1.12,1.00
2017.02.07 18:22:43.172,1.64006,1.64038,2.62,1.00
2017.02.07 18:22:43.224,1.64006,1.64033,1.12,1.00
2017.02.07 18:22:43.275,1.64006,1.64033,1.75,1.00
2017.02.07 18:22:43.679,1.64007,1.64033,1.37,1.00
2017.02.07 18:22:44.211,1.64005,1.64033,2.25,1.00
2017.02.07 18:22:44.821,1.64005,1.64034,2.25,1.00
2017.02.07 18:22:45.155,1.64005,1.64034,2.25,1.00
2017.02.07 18:22:45.684,1.64005,1.64039,1.75,2.62
2017.02.07 18:22:46.159,1.64006,1.64039,1.37,2.25
2017.02.07 18:22:47.265,1.64008,1.64039,1.12,1.12
2017.02.07 18:22:47.569,1.64006,1.64034,2.25,1.00
2017.02.07 18:22:47.671,1.64008,1.64038,1.37,1.00
2017.02.07 18:22:48.213,1.64009,1.64038,1.50,1.00
2017.02.07 18:22:48.592,1.64011,1.64034,1.37,1.00
2017.02.07 18:22:48.965,1.64011,1.64038,1.12,1.00
2017.02.07 18:22:49.753,1.64012,1.64038,1.00,1.00
2017.02.07 18:22:50.303,1.64008,1.64038,2.62,1.00
2017.02.07 18:22:50.840,1.6401,1.64038,1.50,1.00
2017.02.07 18:22:51.885,1.6401,1.64038,1.37,1.00
2017.02.07 18:22:52.127,1.64011,1.64044,2.62,2.62
2017.02.07 18:22:52.892,1.64011,1.64044,1.75,2.25
2017.02.07 18:22:53.303,1.64012,1.64044,1.12,1.50
2017.02.07 18:22:53.354,1.64012,1.64038,1.12,1.00
2017.02.07 18:22:53.929,1.6401,1.64038,1.75,1.00
2017.02.07 18:22:54.447,1.6401,1.64038,1.50,1.00
2017.02.07 18:22:55.017,1.64011,1.64038,1.00,1.00
2017.02.07 18:22:56.932,1.64006,1.64039,1.87,1.00
2017.02.07 18:22:57.033,1.64006,1.64034,1.00,1.34
2017.02.07 18:22:57.235,1.63999,1.64028,2.62,1.00
2017.02.07 18:22:57.768,1.63999,1.64028,1.87,1.00
2017.02.07 18:22:58.641,1.63999,1.64028,1.87,1.00
2017.02.07 18:22:59.579,1.64002,1.64032,1.00,1.71
2017.02.07 18:22:59.730,1.63999,1.64029,1.00,1.00
2017.02.07 18:22:59.882,1.64001,1.64028,1.00,1.00
2017.02.07 18:23:00.312,1.63999,1.64028,1.84,1.00
2017.02.07 18:23:00.400,1.64001,1.64031,1.37,1.50
2017.02.07 18:23:00.713,1.63999,1.64028,1.34,1.00
2017.02.07 18:23:01.148,1.63998,1.64028,2.96,1.12
2017.02.07 18:23:01.486,1.64007,1.64035,1.00,1.50
2017.02.07 18:23:01.537,1.64009,1.64035,1.12,1.00
2017.02.07 18:23:01.588,1.64014,1.64035,1.00,1.00
2017.02.07 18:23:01.639,1.64012,1.64039,1.00,1.37
2017.02.07 18:23:01.690,1.64012,1.64039,1.37,1.00
2017.02.07 18:23:01.892,1.6401,1.64039,1.37,1.00
2017.02.07 18:23:02.095,1.6401,1.64039,1.00,1.12
2017.02.07 18:23:02.591,1.64012,1.64039,1.37,1.00
2017.02.07 18:23:02.666,1.64012,1.64042,1.37,1.00
2017.02.07 18:23:03.070,1.64011,1.64043,3.75,1.50
2017.02.07 18:23:03.526,1.64013,1.64039,1.37,1.00
2017.02.07 18:23:03.587,1.64013,1.64039,1.00,1.00
2017.02.07 18:23:03.780,1.64011,1.64039,1.12,1.00
2017.02.07 18:23:04.445,1.64013,1.64039,1.00,1.00
2017.02.07 18:23:04.596,1.64014,1.64044,1.00,1.84
2017.02.07 18:23:04.949,1.64015,1.64039,1.00,1.00
2017.02.07 18:23:05.000,1.64012,1.64039,1.12,1.00
2017.02.07 18:23:05.304,1.64018,1.64039,1.00,1.00
2017.02.07 18:23:05.355,1.64018,1.64042,1.00,1.12
2017.02.07 18:23:05.456,1.64016,1.64042,1.00,1.12
2017.02.07 18:23:05.557,1.64016,1.64039,1.00,1.00
2017.02.07 18:23:05.919,1.64018,1.64042,1.00,1.12
2017.02.07 18:23:05.970,1.64015,1.64043,1.12,3.00
2017.02.07 18:23:06.323,1.64018,1.64041,1.00,1.00
2017.02.07 18:23:06.526,1.64016,1.64043,1.12,1.50
2017.02.07 18:23:06.627,1.64021,1.64048,1.00,1.87
2017.02.07 18:23:06.930,1.64026,1.64049,1.50,1.00
2017.02.07 18:23:07.032,1.64022,1.64053,1.37,1.50
2017.02.07 18:23:07.198,1.64022,1.64048,1.37,1.00
2017.02.07 18:23:08.290,1.64026,1.64048,1.00,1.00
2017.02.07 18:23:08.391,1.64024,1.64048,1.00,1.00
2017.02.07 18:23:09.160,1.64023,1.64054,1.00,3.00
2017.02.07 18:23:10.768,1.64024,1.64053,1.00,1.00
2017.02.07 18:23:10.869,1.64021,1.64053,1.12,1.00
2017.02.07 18:23:11.222,1.64023,1.64053,1.00,1.12
2017.02.07 18:23:11.611,1.64024,1.64051,1.12,1.00
2017.02.07 18:23:12.406,1.64023,1.64053,1.00,1.50
2017.02.07 18:23:12.559,1.64024,1.64048,1.00,1.00
2017.02.07 18:23:12.762,1.64024,1.64052,1.00,1.00
2017.02.07 18:23:13.796,1.64023,1.64052,1.00,1.00
2017.02.07 18:23:14.182,1.64025,1.64052,1.00,1.00
2017.02.07 18:23:14.334,1.64021,1.64053,1.12,1.87
2017.02.07 18:23:14.486,1.64021,1.64053,2.25,1.87
2017.02.07 18:23:14.801,1.64024,1.64053,1.00,1.87
2017.02.07 18:23:15.313,1.64022,1.6405,1.50,1.00
2017.02.07 18:23:15.364,1.64022,1.64052,1.00,1.00
2017.02.07 18:23:15.415,1.64021,1.64049,1.87,1.00
2017.02.07 18:23:15.757,1.64023,1.64049,1.00,1.00
2017.02.07 18:23:15.959,1.64021,1.64048,1.87,1.00
2017.02.07 18:23:16.060,1.64021,1.64054,1.87,1.12
2017.02.07 18:23:16.604,1.6402,1.64053,1.87,1.00
2017.02.07 18:23:17.115,1.6402,1.64054,1.37,1.12
2017.02.07 18:23:17.616,1.6402,1.64053,1.37,1.00
2017.02.07 18:23:18.029,1.6402,1.64051,1.00,1.00
2017.02.07 18:23:18.232,1.64018,1.64052,2.62,1.84
2017.02.07 18:23:18.283,1.64019,1.64052,1.50,1.84
2017.02.07 18:23:18.334,1.64019,1.64052,1.12,1.12
2017.02.07 18:23:18.435,1.64019,1.64049,1.12,1.00
2017.02.07 18:23:18.789,1.6402,1.64049,1.37,1.00
2017.02.07 18:23:18.933,1.64021,1.64053,1.50,2.62
2017.02.07 18:23:19.105,1.64024,1.64054,1.00,1.12
2017.02.07 18:23:19.357,1.64022,1.64056,2.25,2.25
2017.02.07 18:23:19.610,1.64022,1.64057,3.00,2.25
2017.02.07 18:23:19.913,1.64019,1.64052,1.12,1.50
2017.02.07 18:23:20.014,1.64019,1.64052,1.50,2.62
2017.02.07 18:23:20.525,1.64018,1.64052,1.87,2.25
2017.02.07 18:23:20.714,1.64018,1.64052,1.50,1.50
2017.02.07 18:23:21.216,1.64018,1.64052,3.00,1.87
2017.02.07 18:23:23.806,1.64019,1.64051,1.12,1.00
2017.02.07 18:23:24.745,1.64018,1.64052,1.87,4.12
2017.02.07 18:23:24.847,1.64022,1.64052,2.59,1.50
2017.02.07 18:23:25.098,1.64025,1.64058,2.21,1.87
2017.02.07 18:23:25.610,1.64025,1.64058,2.25,1.00
2017.02.07 18:23:26.521,1.64026,1.64058,2.21,1.50
2017.02.07 18:23:27.151,1.64027,1.64058,1.84,1.00
2017.02.07 18:23:27.701,1.64028,1.64058,1.50,1.00
2017.02.07 18:23:28.015,1.64028,1.64058,1.50,1.00
2017.02.07 18:23:28.318,1.64028,1.64058,1.37,1.00
2017.02.07 18:23:29.022,1.6403,1.64058,1.00,1.00
2017.02.07 18:23:29.545,1.64029,1.64058,1.12,1.00
2017.02.07 18:23:30.556,1.64031,1.64058,1.00,1.00
2017.02.07 18:23:30.658,1.64031,1.64063,1.00,3.00
2017.02.07 18:23:31.370,1.64031,1.64063,1.37,1.50
2017.02.07 18:23:32.361,1.64031,1.64063,1.00,1.50
2017.02.07 18:23:32.652,1.6403,1.64058,1.00,1.00
2017.02.07 18:23:32.954,1.6403,1.64052,1.00,1.00
2017.02.07 18:23:33.005,1.64025,1.64052,1.50,1.00
2017.02.07 18:23:33.525,1.64026,1.64053,1.12,1.50
2017.02.07 18:23:34.071,1.64027,1.64054,2.25,1.00
2017.02.07 18:23:34.345,1.64028,1.64054,1.87,1.00
2017.02.07 18:23:34.598,1.64029,1.64056,1.12,1.50
2017.02.07 18:23:34.699,1.64028,1.64054,1.50,1.00
2017.02.07 18:23:35.263,1.64029,1.64056,1.12,1.00
2017.02.07 18:23:35.465,1.64028,1.64058,1.50,1.00
2017.02.07 18:23:35.996,1.64029,1.64058,1.12,1.00
2017.02.07 18:23:36.584,1.64029,1.64059,1.00,1.00
2017.02.07 18:23:36.736,1.64028,1.64056,1.37,1.00
2017.02.07 18:23:38.511,1.64028,1.64057,1.37,1.50
2017.02.07 18:23:39.559,1.64031,1.64059,1.00,1.50
2017.02.07 18:23:39.862,1.64025,1.64055,1.37,1.00
2017.02.07 18:23:40.014,1.64022,1.64051,1.37,1.00
2017.02.07 18:23:40.115,1.64022,1.64051,1.71,1.00
2017.02.07 18:23:40.267,1.64024,1.64053,1.84,1.00
2017.02.07 18:23:40.419,1.64025,1.64053,1.84,1.00
2017.02.07 18:23:40.882,1.64025,1.64053,1.46,1.00
2017.02.07 18:23:41.416,1.64025,1.64054,1.46,2.25
2017.02.07 18:23:41.683,1.64023,1.64049,1.00,1.50
2017.02.07 18:23:41.734,1.6402,1.64049,1.37,1.50
2017.02.07 18:23:42.104,1.64019,1.64047,1.75,1.00
2017.02.07 18:23:42.306,1.6402,1.64049,1.00,1.50
2017.02.07 18:23:42.905,1.64019,1.64049,1.12,1.50
2017.02.07 18:23:44.726,1.64019,1.64049,1.00,1.00
2017.02.07 18:23:44.929,1.64019,1.64051,1.87,1.00
2017.02.07 18:23:44.979,1.64019,1.64049,1.00,1.00
2017.02.07 18:23:46.324,1.6402,1.64049,1.00,1.00
2017.02.07 18:23:46.720,1.64022,1.64049,1.00,1.00
2017.02.07 18:23:48.215,1.64022,1.64049,2.59,1.00
2017.02.07 18:23:48.316,1.64024,1.64054,1.84,1.00
2017.02.07 18:23:48.417,1.64025,1.64056,2.21,1.00
2017.02.07 18:23:48.468,1.64025,1.64054,1.09,1.00
2017.02.07 18:23:49.052,1.64026,1.64054,1.00,1.00
2017.02.07 18:23:51.155,1.64025,1.64054,2.59,1.00
2017.02.07 18:23:51.730,1.64026,1.64054,1.12,1.00
2017.02.07 18:23:52.595,1.64024,1.64054,4.46,1.00
2017.02.07 18:23:53.462,1.64025,1.64053,1.00,1.00
2017.02.07 18:23:53.613,1.64022,1.64052,1.00,1.50
2017.02.07 18:23:54.160,1.64023,1.64052,1.00,1.50
2017.02.07 18:23:54.683,1.64022,1.64052,2.62,1.50
2017.02.07 18:23:55.084,1.64022,1.6405,1.00,1.00
2017.02.07 18:23:55.236,1.64018,1.64049,1.87,1.00
2017.02.07 18:23:55.530,1.64018,1.64047,2.62,1.00
2017.02.07 18:23:55.681,1.64016,1.64044,1.12,1.50
2017.02.07 18:23:55.732,1.64014,1.64044,1.50,2.25
2017.02.07 18:23:55.783,1.64014,1.64041,1.00,1.00
2017.02.07 18:23:55.985,1.64015,1.64046,2.25,1.00
2017.02.07 18:23:56.192,1.64018,1.64045,1.12,1.00
2017.02.07 18:23:56.294,1.6402,1.64049,1.37,1.50
2017.02.07 18:23:56.446,1.64021,1.64052,1.87,1.00
2017.02.07 18:23:56.699,1.64021,1.6405,2.25,1.00
2017.02.07 18:23:57.271,1.64021,1.6405,1.12,1.00
2017.02.07 18:23:58.091,1.64022,1.6405,1.50,1.00
2017.02.07 18:24:00.300,1.64023,1.6405,1.00,1.00
2017.02.07 18:24:00.502,1.64026,1.64054,1.00,1.00
2017.02.07 18:24:00.604,1.64028,1.64055,1.50,1.00
2017.02.07 18:24:00.656,1.64028,1.64058,1.00,1.50
2017.02.07 18:24:00.881,1.6403,1.64058,1.12,1.00
2017.02.07 18:24:00.932,1.6403,1.6406,1.87,1.12
2017.02.07 18:24:01.084,1.6403,1.64062,1.37,3.00
2017.02.07 18:24:02.282,1.64035,1.6406,1.37,1.12
2017.02.07 18:24:02.435,1.64036,1.64068,2.25,1.37
2017.02.07 18:24:03.169,1.64038,1.64067,1.00,2.25
2017.02.07 18:24:03.717,1.64036,1.64065,1.37,1.50
2017.02.07 18:24:03.818,1.64035,1.64064,1.12,1.00
2017.02.07 18:24:03.869,1.64035,1.64066,1.87,1.00
2017.02.07 18:24:03.920,1.64036,1.64064,1.00,1.00
2017.02.07 18:24:04.424,1.64039,1.64066,1.00,1.87
2017.02.07 18:24:04.734,1.6404,1.64067,1.00,1.50
2017.02.07 18:24:04.810,1.64042,1.64067,1.00,1.50
2017.02.07 18:24:05.355,1.6404,1.64068,1.37,2.25
2017.02.07 18:24:05.891,1.6404,1.64068,1.12,2.25
2017.02.07 18:24:06.410,1.64039,1.64067,1.37,1.00
2017.02.07 18:24:07.130,1.64038,1.64068,1.37,1.50
2017.02.07 18:24:07.739,1.64038,1.64064,1.37,1.00
2017.02.07 18:24:07.790,1.64038,1.64066,1.37,1.00
2017.02.07 18:24:07.841,1.64038,1.64066,1.00,1.00
2017.02.07 18:24:08.244,1.64037,1.64067,1.87,1.50
2017.02.07 18:24:08.781,1.64037,1.64066,1.37,1.00
2017.02.07 18:24:09.218,1.64035,1.64053,1.00,1.00
2017.02.07 18:24:09.319,1.64025,1.64053,1.12,1.00
2017.02.07 18:24:09.453,1.64024,1.64053,1.50,1.00
2017.02.07 18:24:09.504,1.64026,1.64053,1.00,1.87
2017.02.07 18:24:09.605,1.64024,1.64052,1.00,1.87
2017.02.07 18:24:09.656,1.64023,1.64053,1.37,1.12
2017.02.07 18:24:10.000,1.64026,1.64053,1.00,1.12
2017.02.07 18:24:10.454,1.64021,1.64054,1.50,3.75
2017.02.07 18:24:10.757,1.64023,1.64054,1.37,1.50
2017.02.07 18:24:11.260,1.64025,1.64054,1.00,1.00
2017.02.07 18:24:12.237,1.64024,1.64058,1.37,1.37
2017.02.07 18:24:12.339,1.64025,1.64058,1.87,1.87
2017.02.07 18:24:12.904,1.64025,1.64058,1.50,1.50
2017.02.07 18:24:13.526,1.64029,1.64058,1.12,1.00
2017.02.07 18:24:13.677,1.64033,1.64064,1.37,1.00
2017.02.07 18:24:13.880,1.64035,1.64067,1.00,1.00
2017.02.07 18:24:14.290,1.64035,1.64067,1.00,1.37
2017.02.07 18:24:14.341,1.64035,1.64067,1.00,1.00
2017.02.07 18:24:14.756,1.64037,1.64066,1.00,1.00
2017.02.07 18:24:15.739,1.64037,1.64065,1.00,1.00
2017.02.07 18:24:15.790,1.64036,1.64067,1.00,1.50
2017.02.07 18:24:15.961,1.64036,1.64064,1.00,1.00
2017.02.07 18:24:17.198,1.64035,1.64064,1.00,1.00
2017.02.07 18:24:18.053,1.64035,1.64067,1.00,2.25
2017.02.07 18:24:18.104,1.64037,1.64066,1.50,1.00
2017.02.07 18:24:18.539,1.6404,1.64069,1.50,1.00
2017.02.07 18:24:18.590,1.64038,1.64069,1.00,1.50
2017.02.07 18:24:19.146,1.64037,1.64068,1.50,1.50
2017.02.07 18:24:19.799,1.64037,1.64069,1.00,1.50
2017.02.07 18:24:20.444,1.64037,1.64068,1.00,1.00
2017.02.07 18:24:21.258,1.64037,1.64063,1.00,1.00
2017.02.07 18:24:21.309,1.64035,1.64063,1.50,1.00
2017.02.07 18:24:21.410,1.64032,1.64063,1.00,1.00
2017.02.07 18:24:21.511,1.64031,1.64063,1.50,1.00
2017.02.07 18:24:21.612,1.64032,1.64063,1.00,1.00
2017.02.07 18:24:21.714,1.64035,1.64063,1.50,1.00
2017.02.07 18:24:22.239,1.64031,1.64063,1.00,1.00
2017.02.07 18:24:25.324,1.64031,1.64066,2.62,1.12
2017.02.07 18:24:25.862,1.64033,1.64067,1.00,2.25
2017.02.07 18:24:26.288,1.64031,1.64067,1.87,2.62
2017.02.07 18:24:26.440,1.64031,1.64066,2.62,1.37
2017.02.07 18:24:26.761,1.64031,1.64066,1.87,1.00
2017.02.07 18:24:27.146,1.64031,1.64064,1.87,1.00
2017.02.07 18:24:27.247,1.64032,1.64064,1.12,1.00
2017.02.07 18:24:27.348,1.64032,1.64064,1.00,1.37
2017.02.07 18:24:27.651,1.64034,1.64068,1.00,2.62
2017.02.07 18:24:28.174,1.64034,1.64065,1.00,1.00
2017.02.07 18:24:28.376,1.64033,1.64067,1.00,1.12
2017.02.07 18:24:28.578,1.64032,1.64066,2.25,1.00
2017.02.07 18:24:29.002,1.64033,1.64066,1.87,1.87
2017.02.07 18:24:30.041,1.64033,1.64068,2.25,1.50
2017.02.07 18:24:30.653,1.64033,1.64066,1.12,1.37
2017.02.07 18:24:31.622,1.64033,1.64058,1.00,1.00
2017.02.07 18:24:32.199,1.64035,1.64058,1.00,1.00
2017.02.07 18:24:32.710,1.64033,1.64058,2.25,1.00
2017.02.07 18:24:32.761,1.64034,1.64058,1.00,1.00
2017.02.07 18:24:33.417,1.64034,1.64063,1.00,1.00
2017.02.07 18:24:33.932,1.64033,1.64064,1.87,1.00
2017.02.07 18:24:37.024,1.64033,1.64059,1.12,1.00
2017.02.07 18:24:38.624,1.64034,1.64059,1.00,1.00
2017.02.07 18:24:39.306,1.64032,1.64059,2.25,1.00
2017.02.07 18:24:41.472,1.64034,1.64059,1.00,1.00
2017.02.07 18:24:42.917,1.64034,1.64063,1.00,1.12
2017.02.07 18:24:43.169,1.64035,1.64068,1.37,1.50
2017.02.07 18:24:43.498,1.64036,1.64059,1.37,1.00
2017.02.07 18:24:43.599,1.64035,1.64059,1.12,1.00
2017.02.07 18:24:44.054,1.64033,1.64064,1.50,1.87
2017.02.07 18:24:44.155,1.64033,1.64065,1.87,1.37
2017.02.07 18:24:44.357,1.64037,1.64068,1.50,1.37
2017.02.07 18:24:44.458,1.64038,1.64064,1.00,1.00
2017.02.07 18:24:44.678,1.6404,1.64068,1.00,1.12
2017.02.07 18:24:44.881,1.64041,1.64061,1.00,1.00
2017.02.07 18:24:44.951,1.64041,1.64064,1.00,1.50
2017.02.07 18:24:45.052,1.64041,1.64059,1.00,1.00
2017.02.07 18:24:45.103,1.64035,1.64059,1.00,1.00
2017.02.07 18:24:45.772,1.64032,1.64059,1.50,1.00
2017.02.07 18:24:47.037,1.64029,1.64059,2.25,1.12
2017.02.07 18:24:47.197,1.64036,1.64059,1.00,1.12
2017.02.07 18:24:47.717,1.64035,1.64059,1.00,1.00
2017.02.07 18:24:47.767,1.64033,1.64059,1.12,1.00
2017.02.07 18:24:47.818,1.64031,1.64059,1.12,1.00
2017.02.07 18:24:48.207,1.64033,1.6406,1.37,1.12
2017.02.07 18:24:48.510,1.64038,1.64063,1.00,1.00
2017.02.07 18:24:48.820,1.6404,1.64069,1.00,2.25
2017.02.07 18:24:49.030,1.64045,1.64071,1.00,1.00
2017.02.07 18:24:49.383,1.64043,1.64071,1.12,1.12
2017.02.07 18:24:49.687,1.64047,1.64073,1.00,1.37
2017.02.07 18:24:49.788,1.64046,1.64074,1.00,1.87
2017.02.07 18:24:49.940,1.64044,1.64074,1.50,1.87
2017.02.07 18:24:49.991,1.64045,1.64071,1.00,1.00
2017.02.07 18:24:50.294,1.64047,1.64074,1.00,2.62
2017.02.07 18:24:50.600,1.64045,1.64071,1.00,1.00
2017.02.07 18:24:51.186,1.64044,1.64072,1.00,1.00
2017.02.07 18:24:51.675,1.64044,1.64069,1.00,1.00
2017.02.07 18:24:52.186,1.64042,1.64069,1.87,1.00
2017.02.07 18:24:52.732,1.64043,1.64073,1.12,1.87
2017.02.07 18:24:54.902,1.64045,1.64073,1.00,1.87
2017.02.07 18:24:55.249,1.64044,1.64075,1.37,1.00
2017.02.07 18:24:55.300,1.64047,1.64075,1.00,1.00
2017.02.07 18:24:55.552,1.64045,1.64075,1.12,1.00
2017.02.07 18:24:55.653,1.64045,1.64075,1.00,1.37
2017.02.07 18:24:55.962,1.64045,1.64077,1.00,1.00
2017.02.07 18:24:56.013,1.64047,1.64077,1.00,1.00
2017.02.07 18:24:56.317,1.64045,1.64074,1.50,1.00
2017.02.07 18:24:56.832,1.64043,1.64075,1.75,1.50
2017.02.07 18:24:57.173,1.64055,1.64083,1.37,1.75
2017.02.07 18:24:57.224,1.64058,1.64083,1.12,1.00
2017.02.07 18:24:57.325,1.64056,1.64083,1.00,1.00
2017.02.07 18:24:57.427,1.64056,1.64085,1.37,1.00
2017.02.07 18:24:57.579,1.64054,1.64082,1.37,1.00
2017.02.07 18:24:57.629,1.64052,1.64082,1.87,1.00
2017.02.07 18:24:57.781,1.64051,1.64083,1.37,2.62
2017.02.07 18:24:58.271,1.64052,1.6408,1.87,1.00
2017.02.07 18:24:58.322,1.64052,1.64082,1.37,1.12
2017.02.07 18:24:58.838,1.64052,1.64082,1.37,1.12
2017.02.07 18:24:59.450,1.64053,1.64083,1.12,1.50
2017.02.07 18:24:59.652,1.64052,1.64084,3.75,1.12
2017.02.07 18:24:59.703,1.64052,1.64084,2.25,1.12
2017.02.07 18:24:59.927,1.64052,1.64083,1.50,1.37
2017.02.07 18:25:00.020,1.64054,1.64082,1.00,1.00
2017.02.07 18:25:00.382,1.64053,1.64084,1.50,1.00
2017.02.07 18:25:00.937,1.64055,1.64084,1.00,1.87
2017.02.07 18:25:01.483,1.64052,1.64084,2.62,1.87
2017.02.07 18:25:02.114,1.64053,1.64084,1.50,1.12
2017.02.07 18:25:02.854,1.64054,1.64084,1.00,1.87
2017.02.07 18:25:02.904,1.64054,1.64084,1.37,1.87
2017.02.07 18:25:03.447,1.64058,1.64084,1.00,1.12
2017.02.07 18:25:03.741,1.64056,1.64084,1.00,1.00
2017.02.07 18:25:03.944,1.64056,1.64078,1.00,1.00
2017.02.07 18:25:04.438,1.64049,1.64074,2.25,1.00
2017.02.07 18:25:04.489,1.64049,1.64071,1.50,1.00
2017.02.07 18:25:04.641,1.64041,1.64068,1.50,1.00
2017.02.07 18:25:05.006,1.64043,1.64068,1.50,1.00
2017.02.07 18:25:05.613,1.64044,1.64068,1.00,1.00
2017.02.07 18:25:06.112,1.64041,1.64069,1.87,1.00
2017.02.07 18:25:06.982,1.64041,1.64069,1.37,1.00
2017.02.07 18:25:08.954,1.64044,1.64069,1.00,1.00
2017.02.07 18:25:09.954,1.64042,1.64069,1.00,1.00
2017.02.07 18:25:10.666,1.64041,1.64069,1.12,1.00
2017.02.07 18:25:10.770,1.64042,1.64073,1.12,1.00
2017.02.07 18:25:10.973,1.64039,1.64073,1.37,1.87
2017.02.07 18:25:11.276,1.64042,1.64068,1.00,1.00
2017.02.07 18:25:11.801,1.64041,1.64068,1.00,1.00
2017.02.07 18:25:12.104,1.64037,1.64063,1.00,1.00
2017.02.07 18:25:12.315,1.64022,1.64054,2.62,1.50
2017.02.07 18:25:12.583,1.64027,1.64057,1.00,2.25
2017.02.07 18:25:12.786,1.64029,1.64057,1.00,1.75
2017.02.07 18:25:13.243,1.6403,1.6406,1.12,1.00
2017.02.07 18:25:13.345,1.6403,1.64062,1.87,1.87
2017.02.07 18:25:13.826,1.64034,1.64063,1.00,2.25
2017.02.07 18:25:14.375,1.64035,1.64063,1.00,2.25
2017.02.07 18:25:14.679,1.64041,1.6407,1.00,1.37
2017.02.07 18:25:14.932,1.64043,1.64069,1.00,1.12
2017.02.07 18:25:14.982,1.64039,1.64069,1.00,1.12
2017.02.07 18:25:15.184,1.64041,1.64069,1.00,1.12
2017.02.07 18:25:15.437,1.64038,1.6407,1.00,1.87
2017.02.07 18:25:15.800,1.6404,1.64072,1.00,2.25
2017.02.07 18:25:17.182,1.64039,1.64072,1.12,2.25
2017.02.07 18:25:17.761,1.64039,1.64072,2.25,1.00
2017.02.07 18:25:17.812,1.64041,1.64073,1.00,1.50
2017.02.07 18:25:19.177,1.64042,1.64073,1.00,1.50
2017.02.07 18:25:20.004,1.64041,1.64072,1.00,1.50
2017.02.07 18:25:20.546,1.6404,1.64072,1.00,1.00
2017.02.07 18:25:21.301,1.6404,1.64073,1.00,2.25
2017.02.07 18:25:21.902,1.6404,1.64072,1.00,1.50
2017.02.07 18:25:22.205,1.64037,1.64068,2.25,1.37
2017.02.07 18:25:22.255,1.64037,1.64071,3.00,1.50
2017.02.07 18:25:22.306,1.64037,1.64072,2.70,1.75
2017.02.07 18:25:22.408,1.6404,1.64071,1.00,1.00
2017.02.07 18:25:22.458,1.64041,1.64069,1.00,1.00
2017.02.07 18:25:22.967,1.6404,1.64069,1.00,1.00
2017.02.07 18:25:23.556,1.64039,1.64069,1.00,1.00
2017.02.07 18:25:24.826,1.64039,1.64069,1.00,1.37
2017.02.07 18:25:25.109,1.64038,1.64069,1.50,1.12
2017.02.07 18:25:25.513,1.6404,1.64069,1.00,1.12
2017.02.07 18:25:26.519,1.64039,1.64069,1.00,1.12
2017.02.07 18:25:28.310,1.64039,1.64068,1.00,1.00
2017.02.07 18:25:29.066,1.64037,1.64068,1.50,1.12
2017.02.07 18:25:31.048,1.64043,1.64069,1.00,1.37
2017.02.07 18:25:31.589,1.64039,1.64068,3.00,1.00
2017.02.07 18:25:31.691,1.64039,1.64068,2.62,1.00
2017.02.07 18:25:32.094,1.6404,1.64068,1.37,1.00
2017.02.07 18:25:32.647,1.64039,1.64069,2.25,1.00
2017.02.07 18:25:32.781,1.64039,1.64071,2.25,1.12
2017.02.07 18:25:33.282,1.6404,1.6407,1.37,1.00
2017.02.07 18:25:34.335,1.64039,1.64071,1.50,1.12
2017.02.07 18:25:34.386,1.64039,1.64071,1.50,1.00
2017.02.07 18:25:34.437,1.6404,1.64068,1.12,1.00
2017.02.07 18:25:34.758,1.64037,1.64063,1.37,1.00
2017.02.07 18:25:34.809,1.64032,1.64061,1.75,1.00
2017.02.07 18:25:34.910,1.64032,1.64063,1.87,1.87
2017.02.07 18:25:34.961,1.64033,1.64063,1.00,1.87
2017.02.07 18:25:35.314,1.64035,1.64061,1.00,1.00
2017.02.07 18:25:35.416,1.64035,1.64063,1.00,1.00
2017.02.07 18:25:36.122,1.64034,1.64063,1.00,1.50
2017.02.07 18:25:37.002,1.64032,1.64062,1.00,1.00
2017.02.07 18:25:37.601,1.64031,1.64062,2.25,1.00
2017.02.07 18:25:38.313,1.64032,1.64062,1.00,1.00
2017.02.07 18:25:38.848,1.6403,1.64061,1.37,1.87
2017.02.07 18:25:39.662,1.64032,1.64062,1.00,1.87
2017.02.07 18:25:41.883,1.64031,1.64062,1.12,1.87
2017.02.07 18:25:42.186,1.64029,1.64061,1.12,1.12
2017.02.07 18:25:42.471,1.64031,1.64061,1.00,1.50
2017.02.07 18:25:42.851,1.64031,1.64059,1.00,1.00
2017.02.07 18:25:43.171,1.64034,1.64059,1.00,1.00
2017.02.07 18:25:43.463,1.64033,1.64061,1.00,1.50
2017.02.07 18:25:44.006,1.64034,1.6406,1.00,1.00
2017.02.07 18:25:44.824,1.64034,1.64058,1.00,1.00
2017.02.07 18:25:44.942,1.64034,1.64061,1.00,1.87
2017.02.07 18:25:44.993,1.64036,1.64061,1.00,1.50
2017.02.07 18:25:45.195,1.64041,1.64069,1.12,1.00
2017.02.07 18:25:45.599,1.6404,1.64069,1.75,1.00
2017.02.07 18:25:45.650,1.64042,1.64071,1.00,1.00
2017.02.07 18:25:45.701,1.64045,1.64073,1.00,1.00
2017.02.07 18:25:45.752,1.64043,1.64074,1.50,2.25
2017.02.07 18:25:46.002,1.64042,1.64068,1.50,1.00
2017.02.07 18:25:46.053,1.64042,1.6407,1.50,1.00
2017.02.07 18:25:46.470,1.64043,1.64073,1.00,1.87
2017.02.07 18:25:46.971,1.64043,1.64073,1.50,1.12
2017.02.07 18:25:47.504,1.64041,1.64072,1.50,1.00
2017.02.07 18:25:47.807,1.64039,1.64072,3.75,1.12
2017.02.07 18:25:47.908,1.64042,1.64072,1.00,1.50
2017.02.07 18:25:48.230,1.64046,1.64075,1.00,1.37
2017.02.07 18:25:48.382,1.64051,1.64083,1.50,1.75
2017.02.07 18:25:48.534,1.64051,1.64083,1.00,1.50
2017.02.07 18:25:48.991,1.6405,1.64082,1.00,1.50
2017.02.07 18:25:49.588,1.64049,1.64082,1.00,1.50
2017.02.07 18:25:50.123,1.64049,1.64083,1.87,1.87
2017.02.07 18:25:51.263,1.64049,1.64083,1.12,1.75
2017.02.07 18:25:52.010,1.64049,1.64082,1.50,1.12
2017.02.07 18:25:52.341,1.64052,1.64079,1.00,1.00
2017.02.07 18:25:52.656,1.64045,1.64071,1.75,1.00
2017.02.07 18:25:52.707,1.64044,1.64071,1.00,1.00
2017.02.07 18:25:53.241,1.6404,1.64073,2.25,2.25
2017.02.07 18:25:54.572,1.64042,1.64073,1.50,1.12
2017.02.07 18:25:55.143,1.64042,1.64073,1.87,1.50
2017.02.07 18:25:57.312,1.64045,1.64073,1.00,1.37
2017.02.07 18:25:57.363,1.64046,1.64074,1.00,1.12
2017.02.07 18:25:57.413,1.64048,1.64074,1.00,1.12
2017.02.07 18:25:57.514,1.64048,1.64078,1.37,1.50
2017.02.07 18:25:58.045,1.64049,1.64078,1.00,1.12
2017.02.07 18:25:59.662,1.64049,1.64079,1.37,1.50
2017.02.07 18:25:59.763,1.64051,1.64082,1.50,1.12
2017.02.07 18:25:59.814,1.64051,1.64083,1.87,1.37
2017.02.07 18:26:00.118,1.64072,1.64093,1.12,1.00
2017.02.07 18:26:00.220,1.64073,1.64105,1.00,1.12
2017.02.07 18:26:00.667,1.64071,1.64102,1.37,1.75
2017.02.07 18:26:01.171,1.6407,1.64101,1.12,1.12
2017.02.07 18:26:02.756,1.6407,1.64099,1.87,1.00
2017.02.07 18:26:03.381,1.6407,1.64103,1.12,1.75
2017.02.07 18:26:04.127,1.64073,1.64103,1.00,1.12
2017.02.07 18:26:04.448,1.64078,1.64101,1.00,1.00
2017.02.07 18:26:04.549,1.64073,1.64101,1.00,1.00
2017.02.07 18:26:04.600,1.64073,1.64101,1.00,1.37
2017.02.07 18:26:04.903,1.64085,1.64104,1.00,1.00
2017.02.07 18:26:04.956,1.64082,1.6411,1.37,1.37
2017.02.07 18:26:05.058,1.6409,1.64111,1.00,1.00
2017.02.07 18:26:05.311,1.641,1.64127,1.00,1.37
2017.02.07 18:26:05.550,1.64103,1.64128,1.00,1.00
2017.02.07 18:26:05.853,1.64106,1.64132,1.00,1.12
2017.02.07 18:26:05.955,1.64103,1.6413,1.00,1.37
2017.02.07 18:26:06.008,1.641,1.64128,1.00,1.00
2017.02.07 18:26:06.059,1.64102,1.64129,1.00,2.25
2017.02.07 18:26:06.109,1.641,1.64129,1.50,1.87
2017.02.07 18:26:06.621,1.64103,1.64132,1.00,1.87
2017.02.07 18:26:06.924,1.64105,1.64133,1.00,1.87
2017.02.07 18:26:07.228,1.64102,1.64132,1.00,1.00
2017.02.07 18:26:07.738,1.64103,1.64131,1.00,1.00
2017.02.07 18:26:07.983,1.64103,1.64128,1.00,1.00
2017.02.07 18:26:08.084,1.641,1.64128,2.62,1.00
2017.02.07 18:26:08.978,1.641,1.64128,1.12,1.00
2017.02.07 18:26:09.500,1.64101,1.64128,1.50,1.00
2017.02.07 18:26:10.044,1.641,1.64123,1.50,1.00
2017.02.07 18:26:11.053,1.641,1.64129,1.50,1.00
2017.02.07 18:26:11.493,1.64098,1.64129,1.50,1.12
2017.02.07 18:26:11.594,1.64096,1.64129,2.62,1.87
2017.02.07 18:26:11.645,1.64096,1.64123,2.25,1.00
2017.02.07 18:26:12.190,1.64095,1.64123,1.75,1.00
2017.02.07 18:26:12.241,1.64097,1.64128,1.12,1.87
2017.02.07 18:26:12.443,1.64096,1.64124,1.12,1.00
2017.02.07 18:26:13.049,1.64096,1.64124,1.50,1.00
2017.02.07 18:26:13.282,1.64096,1.64128,1.50,2.25
2017.02.07 18:26:13.788,1.64096,1.64128,2.25,3.00
2017.02.07 18:26:15.002,1.64095,1.64128,1.87,2.62
2017.02.07 18:26:16.263,1.64095,1.64123,3.37,1.00
2017.02.07 18:26:16.364,1.64095,1.64123,1.87,1.00
2017.02.07 18:26:17.116,1.64095,1.64124,1.50,1.00
2017.02.07 18:26:17.294,1.64095,1.64124,2.25,1.00
2017.02.07 18:26:18.302,1.64096,1.64124,1.00,1.00
2017.02.07 18:26:18.808,1.64095,1.64123,2.25,1.00
2017.02.07 18:26:20.199,1.64096,1.64123,1.50,1.00
2017.02.07 18:26:21.428,1.64097,1.64124,1.75,1.00
2017.02.07 18:26:21.746,1.641,1.64123,1.46,1.00
2017.02.07 18:26:22.421,1.64098,1.64128,3.34,1.12
2017.02.07 18:26:24.511,1.64099,1.64128,1.50,1.12
2017.02.07 18:26:24.562,1.641,1.64123,1.00,1.00
2017.02.07 18:26:24.664,1.64098,1.64123,1.87,1.00
2017.02.07 18:26:26.036,1.64098,1.64128,3.34,1.12
2017.02.07 18:26:26.443,1.64098,1.64124,2.59,1.00
2017.02.07 18:26:27.019,1.64097,1.64124,1.37,1.00
2017.02.07 18:26:27.523,1.64099,1.64124,1.00,1.00
2017.02.07 18:26:28.153,1.64092,1.64119,1.87,1.00
2017.02.07 18:26:28.204,1.6409,1.64118,1.37,1.00
2017.02.07 18:26:28.304,1.64091,1.64113,1.00,1.00
2017.02.07 18:26:28.456,1.64082,1.64108,1.75,1.00
2017.02.07 18:26:28.558,1.64082,1.64108,1.50,1.00
2017.02.07 18:26:28.812,1.64082,1.64113,1.50,1.00
2017.02.07 18:26:29.417,1.64083,1.64109,1.87,1.00
2017.02.07 18:26:29.953,1.64084,1.64109,1.00,1.00
2017.02.07 18:26:30.155,1.64082,1.64109,1.00,1.00
2017.02.07 18:26:31.062,1.64081,1.64109,1.50,1.00
2017.02.07 18:26:31.813,1.64081,1.64108,1.87,1.00
2017.02.07 18:26:31.914,1.64082,1.64111,1.50,1.12
2017.02.07 18:26:32.239,1.64084,1.64111,1.00,1.00
2017.02.07 18:26:32.450,1.64084,1.64113,1.00,2.25
2017.02.07 18:26:32.964,1.64085,1.64112,1.00,1.00
2017.02.07 18:26:33.015,1.64087,1.64114,1.00,3.00
2017.02.07 18:26:33.284,1.64085,1.64113,1.00,1.00
2017.02.07 18:26:34.003,1.64085,1.64111,1.00,1.00
2017.02.07 18:26:34.512,1.64084,1.64111,1.12,1.00
2017.02.07 18:26:35.052,1.64084,1.64112,1.12,1.00
2017.02.07 18:26:36.311,1.64082,1.64111,1.37,1.00
2017.02.07 18:26:36.412,1.64081,1.64111,1.12,1.00
2017.02.07 18:26:36.997,1.64082,1.64111,1.00,1.50
2017.02.07 18:26:37.498,1.64082,1.64112,1.12,1.00
2017.02.07 18:26:38.112,1.64083,1.64111,1.00,1.00
2017.02.07 18:26:38.682,1.64082,1.64112,1.12,1.00
2017.02.07 18:26:38.733,1.64082,1.64109,1.00,1.00
2017.02.07 18:26:39.293,1.64084,1.64109,1.00,1.00
2017.02.07 18:26:39.800,1.64083,1.6411,1.00,1.00
2017.02.07 18:26:40.330,1.64083,1.64111,1.00,1.00
2017.02.07 18:26:40.669,1.64085,1.64111,1.00,1.00
2017.02.07 18:26:40.842,1.64083,1.64111,1.50,1.00
2017.02.07 18:26:41.381,1.64084,1.64111,1.00,1.00
2017.02.07 18:26:41.699,1.64086,1.64111,1.00,1.00
2017.02.07 18:26:42.232,1.64083,1.64113,1.00,1.87
2017.02.07 18:26:42.734,1.64086,1.64112,1.00,1.00
2017.02.07 18:26:43.409,1.64085,1.64114,1.00,1.00
2017.02.07 18:26:43.937,1.64084,1.64114,1.00,1.00
2017.02.07 18:26:45.513,1.64084,1.64113,1.00,1.00
2017.02.07 18:26:45.564,1.64084,1.64111,1.00,1.00
2017.02.07 18:26:45.744,1.64083,1.64113,1.50,1.00
2017.02.07 18:26:45.795,1.64088,1.64115,1.00,1.00
2017.02.07 18:26:45.947,1.6409,1.64118,1.00,1.00
2017.02.07 18:26:45.998,1.64094,1.64118,1.00,1.00
2017.02.07 18:26:46.049,1.6409,1.64118,2.21,1.00
2017.02.07 18:26:46.151,1.64091,1.64123,1.12,1.00
2017.02.07 18:26:46.303,1.64095,1.64123,1.00,1.00
2017.02.07 18:26:46.606,1.64096,1.64119,1.00,1.00
2017.02.07 18:26:46.662,1.64097,1.64123,1.00,1.12
2017.02.07 18:26:46.763,1.64096,1.64118,1.00,1.00
2017.02.07 18:26:47.243,1.64098,1.64118,1.00,1.00
2017.02.07 18:26:47.345,1.64096,1.64118,1.00,1.00
2017.02.07 18:26:47.870,1.64096,1.64119,1.00,1.00
2017.02.07 18:26:47.972,1.64094,1.64119,1.12,1.00
2017.02.07 18:26:48.174,1.64094,1.64122,1.00,1.00
2017.02.07 18:26:48.376,1.64097,1.64123,1.00,1.50
2017.02.07 18:26:49.179,1.64097,1.64124,1.00,1.50
2017.02.07 18:26:49.701,1.64096,1.64122,1.00,1.00
2017.02.07 18:26:49.802,1.64096,1.64124,1.00,1.50
2017.02.07 18:26:50.337,1.64097,1.64123,1.00,1.50
2017.02.07 18:26:50.540,1.64095,1.64123,1.00,1.00
2017.02.07 18:26:50.961,1.64094,1.64119,1.12,1.00
2017.02.07 18:26:51.217,1.64095,1.64124,1.00,1.50
2017.02.07 18:26:54.462,1.64094,1.64124,1.12,1.00
2017.02.07 18:26:54.714,1.64092,1.64123,1.12,1.00
2017.02.07 18:26:54.765,1.64095,1.64123,1.00,1.00
2017.02.07 18:26:55.983,1.64092,1.6412,1.37,1.00
2017.02.07 18:26:56.258,1.64085,1.64114,1.50,1.12
2017.02.07 18:26:56.612,1.64083,1.64115,1.87,1.12
2017.02.07 18:26:56.814,1.64085,1.64115,1.12,1.12
2017.02.07 18:26:57.323,1.64086,1.64114,1.00,1.87
2017.02.07 18:26:58.042,1.64085,1.64114,2.25,1.50
2017.02.07 18:26:59.998,1.64086,1.64114,1.12,1.12
2017.02.07 18:27:01.152,1.64085,1.64118,1.37,1.50
2017.02.07 18:27:01.714,1.64085,1.64117,1.00,1.87
2017.02.07 18:27:01.765,1.64085,1.64114,1.00,1.00
2017.02.07 18:27:02.318,1.64085,1.64113,1.00,1.00
2017.02.07 18:27:02.819,1.64084,1.64113,1.00,1.00
2017.02.07 18:27:03.370,1.64085,1.64113,1.00,1.00
2017.02.07 18:27:03.650,1.64083,1.64115,2.25,1.00
2017.02.07 18:27:04.264,1.64083,1.64115,2.25,1.00
2017.02.07 18:27:04.365,1.64084,1.64108,1.00,1.00
2017.02.07 18:27:04.517,1.64082,1.64108,1.12,1.00
2017.02.07 18:27:04.618,1.6408,1.64113,2.25,1.00
2017.02.07 18:27:04.770,1.64081,1.64109,1.87,1.00
2017.02.07 18:27:04.821,1.64081,1.64113,2.96,1.00
2017.02.07 18:27:04.922,1.64082,1.64108,1.75,1.00
2017.02.07 18:27:05.024,1.64082,1.64108,1.37,1.00
2017.02.07 18:27:06.134,1.64083,1.64108,1.00,1.00
2017.02.07 18:27:06.744,1.64082,1.64108,1.12,1.00
2017.02.07 18:27:07.326,1.64082,1.64108,1.37,1.00
2017.02.07 18:27:09.530,1.64081,1.64104,1.37,1.00
2017.02.07 18:27:09.631,1.64076,1.64104,1.87,1.00
2017.02.07 18:27:09.732,1.64079,1.64102,1.00,1.00
2017.02.07 18:27:09.785,1.6407,1.64102,2.25,1.00
2017.02.07 18:27:10.101,1.64075,1.6411,1.12,1.37
2017.02.07 18:27:10.599,1.64074,1.64107,2.62,1.00
2017.02.07 18:27:10.903,1.6407,1.64098,1.00,1.00
2017.02.07 18:27:11.439,1.6407,1.64098,1.87,1.00
2017.02.07 18:27:11.894,1.64069,1.64098,1.50,1.00
2017.02.07 18:27:14.812,1.64069,1.64099,2.25,1.00
2017.02.07 18:27:17.581,1.64068,1.64099,1.00,1.00
2017.02.07 18:27:25.297,1.64068,1.64093,1.12,1.00
2017.02.07 18:27:25.549,1.64071,1.64099,1.00,1.00
2017.02.07 18:27:25.701,1.64073,1.64099,1.00,1.00
2017.02.07 18:27:26.617,1.64073,1.64093,1.50,1.00
2017.02.07 18:27:28.217,1.64073,1.64098,1.00,1.00
2017.02.07 18:27:28.470,1.64071,1.64098,1.00,1.00
2017.02.07 18:27:28.622,1.64073,1.64099,1.00,1.87
2017.02.07 18:27:28.975,1.6407,1.64098,1.00,1.00
2017.02.07 18:27:29.733,1.64069,1.64098,1.00,1.00
2017.02.07 18:27:30.352,1.6407,1.64098,1.00,1.00
2017.02.07 18:27:30.759,1.64072,1.64099,1.00,1.12
2017.02.07 18:27:31.012,1.64075,1.64104,1.00,1.00
2017.02.07 18:27:31.113,1.64078,1.64107,1.00,1.50
2017.02.07 18:27:31.416,1.64081,1.64108,1.00,1.00
2017.02.07 18:27:31.467,1.64079,1.64108,1.00,1.00
2017.02.07 18:27:32.125,1.6408,1.64108,1.00,1.00
2017.02.07 18:27:32.176,1.64083,1.64108,1.00,1.00
2017.02.07 18:27:32.227,1.6408,1.64108,1.00,1.00
2017.02.07 18:27:32.742,1.64081,1.64109,1.00,1.00
2017.02.07 18:27:32.843,1.64083,1.64109,1.00,1.00
2017.02.07 18:27:32.946,1.64081,1.64109,1.00,1.00
2017.02.07 18:27:33.366,1.64078,1.64109,1.00,1.00
2017.02.07 18:27:33.697,1.64081,1.64109,1.00,1.00
2017.02.07 18:27:34.200,1.64081,1.64108,1.00,1.00
2017.02.07 18:27:35.250,1.64086,1.64112,1.00,1.37
2017.02.07 18:27:35.555,1.64091,1.64123,1.00,1.50
2017.02.07 18:27:35.758,1.64093,1.64123,3.00,1.00
2017.02.07 18:27:36.113,1.64101,1.64128,1.00,1.75
2017.02.07 18:27:36.214,1.64098,1.64128,1.37,1.00
2017.02.07 18:27:36.618,1.64098,1.64123,1.00,1.00
2017.02.07 18:27:36.720,1.64095,1.64128,1.12,1.00
2017.02.07 18:27:36.872,1.641,1.6413,1.00,1.50
2017.02.07 18:27:37.124,1.64103,1.64134,1.00,1.00
2017.02.07 18:27:37.427,1.64105,1.64134,1.00,1.00
2017.02.07 18:27:38.050,1.64106,1.64134,1.00,1.00
2017.02.07 18:27:39.633,1.64107,1.64134,1.00,1.00
2017.02.07 18:27:40.276,1.64105,1.64134,1.87,1.00
2017.02.07 18:27:40.327,1.64106,1.64138,1.00,1.00
2017.02.07 18:27:41.258,1.64106,1.64133,1.12,1.00
2017.02.07 18:27:41.802,1.64105,1.64134,1.50,1.00
2017.02.07 18:27:42.371,1.64105,1.64134,1.87,1.00
2017.02.07 18:27:42.917,1.64107,1.64134,1.50,1.00
2017.02.07 18:27:43.434,1.64105,1.64134,3.00,1.00
2017.02.07 18:27:43.960,1.64105,1.64137,1.50,1.00
2017.02.07 18:27:44.111,1.64109,1.64138,1.50,1.00
2017.02.07 18:27:44.162,1.64109,1.64143,1.50,1.87
2017.02.07 18:27:44.263,1.64112,1.64143,1.00,1.00
2017.02.07 18:27:44.365,1.64112,1.64146,1.37,1.87
2017.02.07 18:27:44.466,1.64114,1.64149,1.37,1.00
2017.02.07 18:27:44.517,1.64117,1.64149,1.00,1.00
2017.02.07 18:27:44.820,1.64114,1.64144,1.37,1.50
2017.02.07 18:27:44.871,1.64114,1.64143,1.00,1.00
2017.02.07 18:27:44.957,1.6411,1.64139,1.87,1.00
2017.02.07 18:27:45.485,1.6411,1.64144,1.37,1.00
2017.02.07 18:27:46.031,1.6411,1.64143,2.25,1.00
2017.02.07 18:27:46.662,1.6411,1.64143,2.25,1.00
2017.02.07 18:27:47.099,1.64116,1.64144,1.00,1.00
2017.02.07 18:27:47.429,1.6411,1.64138,1.50,1.00
2017.02.07 18:27:47.480,1.6411,1.64138,1.12,1.00
2017.02.07 18:27:47.665,1.64111,1.64139,1.37,1.00
2017.02.07 18:27:47.817,1.64114,1.64144,1.37,1.00
2017.02.07 18:27:47.918,1.64115,1.64144,2.25,1.00
2017.02.07 18:27:48.899,1.64118,1.64143,2.25,1.00
2017.02.07 18:27:49.228,1.64117,1.64144,1.00,1.00
2017.02.07 18:27:49.329,1.64114,1.64144,1.50,1.00
2017.02.07 18:27:49.431,1.64114,1.64149,1.50,1.50
2017.02.07 18:27:49.533,1.64116,1.64149,1.00,1.50
2017.02.07 18:27:50.568,1.64119,1.64149,1.00,1.50
2017.02.07 18:27:50.898,1.64119,1.64146,1.50,1.00
2017.02.07 18:27:51.327,1.64119,1.64148,1.00,1.00
2017.02.07 18:27:51.428,1.64119,1.64143,1.00,1.00
2017.02.07 18:27:51.937,1.6412,1.64143,1.00,1.00
2017.02.07 18:27:51.988,1.6412,1.64148,1.00,1.00
2017.02.07 18:27:52.540,1.64119,1.64148,1.00,1.00
2017.02.07 18:27:53.043,1.64119,1.6415,1.50,1.00
2017.02.07 18:27:53.144,1.64121,1.64154,1.00,1.75
2017.02.07 18:27:53.314,1.64121,1.64155,1.12,1.00
2017.02.07 18:27:53.365,1.64125,1.64157,1.00,1.00
2017.02.07 18:27:53.686,1.64124,1.64153,1.00,1.00
2017.02.07 18:27:55.864,1.64125,1.64149,1.00,1.00
2017.02.07 18:27:56.390,1.64124,1.64148,1.00,1.00
2017.02.07 18:27:56.938,1.64125,1.64148,1.00,1.00
2017.02.07 18:27:57.305,1.6412,1.64148,1.87,1.00
2017.02.07 18:28:00.015,1.64119,1.64144,1.75,1.00
2017.02.07 18:28:00.167,1.64114,1.64141,1.00,1.00
2017.02.07 18:28:00.268,1.64111,1.64133,1.50,1.00
2017.02.07 18:28:00.578,1.64109,1.64133,1.00,1.00
2017.02.07 18:28:00.680,1.64107,1.64133,1.50,1.00
2017.02.07 18:28:01.334,1.64106,1.64133,1.12,1.00
2017.02.07 18:28:02.294,1.64104,1.64133,1.87,1.00
2017.02.07 18:28:02.445,1.64104,1.64128,1.37,1.00
2017.02.07 18:28:02.830,1.64103,1.64128,1.00,1.00
2017.02.07 18:28:02.881,1.64098,1.64118,1.37,1.00
2017.02.07 18:28:02.983,1.64092,1.64118,1.37,1.00
2017.02.07 18:28:03.488,1.64094,1.64119,1.00,1.00
2017.02.07 18:28:04.093,1.64092,1.64119,1.00,1.00
2017.02.07 18:28:04.619,1.64092,1.64118,1.87,1.00
2017.02.07 18:28:05.207,1.6409,1.64118,3.00,1.00
2017.02.07 18:28:05.970,1.6409,1.64118,2.62,1.00
2017.02.07 18:28:08.497,1.64089,1.64113,2.62,1.00
2017.02.07 18:28:08.947,1.64088,1.64113,1.00,1.00
2017.02.07 18:28:09.517,1.64088,1.64114,1.00,1.00
2017.02.07 18:28:10.374,1.64087,1.64114,1.12,1.00
2017.02.07 18:28:13.312,1.64087,1.64119,1.12,1.00
2017.02.07 18:28:14.808,1.64087,1.64113,1.12,1.00
2017.02.07 18:28:17.069,1.64084,1.64113,1.50,1.00
2017.02.07 18:28:17.373,1.64077,1.64103,1.00,1.00
2017.02.07 18:28:17.916,1.64078,1.64108,1.00,1.00
2017.02.07 18:28:18.479,1.6408,1.64108,1.12,1.00
2017.02.07 18:28:18.631,1.64085,1.64118,1.00,1.50
2017.02.07 18:28:18.681,1.64085,1.64118,1.37,1.50
2017.02.07 18:28:19.230,1.64089,1.64121,1.00,1.00
2017.02.07 18:28:20.243,1.64089,1.64119,1.50,1.00
2017.02.07 18:28:20.921,1.64089,1.64121,1.50,1.00
2017.02.07 18:28:21.575,1.6409,1.64121,1.00,1.00
2017.02.07 18:28:21.727,1.6409,1.64118,1.00,1.50
2017.02.07 18:28:21.930,1.64087,1.64121,1.00,1.50
2017.02.07 18:28:22.133,1.64088,1.64118,1.00,1.00
2017.02.07 18:28:22.436,1.64083,1.64115,1.37,1.00
2017.02.07 18:28:22.486,1.64084,1.64115,1.37,1.00
2017.02.07 18:28:22.621,1.64084,1.64113,1.00,1.00
2017.02.07 18:28:23.129,1.64082,1.64113,1.12,1.00
2017.02.07 18:28:23.332,1.64082,1.64108,1.37,1.00
2017.02.07 18:28:23.536,1.64082,1.64114,1.37,1.00
2017.02.07 18:28:24.042,1.64082,1.64114,1.12,1.00
2017.02.07 18:28:24.549,1.64081,1.64114,1.50,1.00
2017.02.07 18:28:24.853,1.64083,1.64114,1.00,1.00
2017.02.07 18:28:25.432,1.64082,1.64113,1.00,1.00
2017.02.07 18:28:25.977,1.64082,1.64114,1.00,1.00
2017.02.07 18:28:27.342,1.64081,1.64114,1.50,1.00
2017.02.07 18:28:27.939,1.64081,1.64109,1.00,1.00
2017.02.07 18:28:28.090,1.64079,1.64109,1.00,1.00
2017.02.07 18:28:28.192,1.64079,1.64113,1.00,1.12
2017.02.07 18:28:28.242,1.64079,1.64108,1.00,1.00
2017.02.07 18:28:30.462,1.64079,1.64108,2.25,1.00
2017.02.07 18:28:30.565,1.64083,1.64113,1.46,1.00
2017.02.07 18:28:32.234,1.64083,1.64114,1.09,1.00
2017.02.07 18:28:32.335,1.64083,1.64114,1.84,1.00
2017.02.07 18:28:32.640,1.6408,1.64109,1.71,1.00
2017.02.07 18:28:32.741,1.6408,1.64109,1.12,1.00
2017.02.07 18:28:32.843,1.64077,1.64103,2.62,1.00
2017.02.07 18:28:33.045,1.64078,1.64108,1.37,1.00
2017.02.07 18:28:33.348,1.64078,1.64114,2.25,2.62
2017.02.07 18:28:34.076,1.64079,1.64114,1.50,1.00
2017.02.07 18:28:34.218,1.64079,1.64108,1.50,1.00
2017.02.07 18:28:35.416,1.64079,1.64104,1.12,1.00
2017.02.07 18:28:35.829,1.64082,1.64109,1.34,1.00
2017.02.07 18:28:36.148,1.64094,1.64124,1.34,1.00
2017.02.07 18:28:36.652,1.64093,1.64123,2.96,1.00
2017.02.07 18:28:38.427,1.64095,1.64114,1.50,1.00
2017.02.07 18:28:38.478,1.64092,1.64114,1.12,1.00
2017.02.07 18:28:38.579,1.6409,1.64109,1.00,1.00
2017.02.07 18:28:38.681,1.64078,1.641,1.37,1.00
2017.02.07 18:28:38.731,1.64078,1.64093,1.37,1.00
2017.02.07 18:28:38.884,1.64067,1.64089,1.87,1.00
2017.02.07 18:28:38.985,1.64062,1.64093,2.25,1.00
2017.02.07 18:28:39.036,1.64061,1.6409,2.62,1.00
2017.02.07 18:28:39.137,1.64064,1.64094,1.12,1.00
2017.02.07 18:28:39.188,1.64066,1.64094,1.00,1.00
2017.02.07 18:28:39.239,1.64062,1.64096,3.37,1.00
2017.02.07 18:28:39.290,1.64069,1.64096,1.00,1.00
2017.02.07 18:28:39.341,1.6407,1.641,1.12,1.12
2017.02.07 18:28:39.392,1.64073,1.64103,1.00,1.37
2017.02.07 18:28:39.442,1.64074,1.64104,1.00,1.50
2017.02.07 18:28:39.951,1.64074,1.64104,1.37,1.00
2017.02.07 18:28:40.053,1.64074,1.64108,1.37,2.62
2017.02.07 18:28:40.154,1.64074,1.64104,1.37,1.00
2017.02.07 18:28:40.356,1.64069,1.64104,1.50,2.25
2017.02.07 18:28:40.861,1.64069,1.64103,3.00,1.00
2017.02.07 18:28:41.368,1.64073,1.64103,1.00,1.00
2017.02.07 18:28:41.519,1.64074,1.64106,1.12,1.00
2017.02.07 18:28:41.620,1.64074,1.64104,1.12,1.00
2017.02.07 18:28:42.171,1.64074,1.64103,1.12,1.00
2017.02.07 18:28:42.515,1.64074,1.64107,1.12,1.00
2017.02.07 18:28:42.701,1.64074,1.64103,1.12,1.00
2017.02.07 18:28:42.954,1.64073,1.64106,1.50,1.00
2017.02.07 18:28:43.315,1.64073,1.64104,2.62,1.00
2017.02.07 18:28:47.353,1.64075,1.64108,1.00,1.00
2017.02.07 18:28:47.605,1.64079,1.64109,1.00,1.00
2017.02.07 18:28:47.707,1.64074,1.64109,1.50,1.50
2017.02.07 18:28:47.758,1.64074,1.64104,1.12,1.00
2017.02.07 18:28:48.222,1.64074,1.64109,2.62,1.00
2017.02.07 18:28:48.273,1.64078,1.64109,1.00,1.00
2017.02.07 18:28:48.578,1.6408,1.64113,2.62,1.57
2017.02.07 18:28:49.106,1.64082,1.64114,1.00,2.32
2017.02.07 18:28:49.622,1.64081,1.64114,1.12,1.82
2017.02.07 18:28:50.220,1.64081,1.64113,1.00,1.57
2017.02.07 18:28:50.271,1.64076,1.64111,1.37,1.00
2017.02.07 18:28:50.322,1.64075,1.64108,1.37,1.00
2017.02.07 18:28:50.373,1.64075,1.64108,1.00,1.50
2017.02.07 18:28:51.137,1.64078,1.64109,1.00,1.50
2017.02.07 18:28:51.667,1.64073,1.641,1.12,1.00
2017.02.07 18:28:51.971,1.64069,1.64089,1.00,1.00
2017.02.07 18:28:52.022,1.64056,1.64088,1.37,1.00
2017.02.07 18:28:52.224,1.64056,1.64089,1.12,1.00
2017.02.07 18:28:52.542,1.64058,1.64092,1.12,1.12
2017.02.07 18:28:52.694,1.64059,1.64092,1.87,1.00
2017.02.07 18:28:52.997,1.64062,1.64094,1.50,1.00
2017.02.07 18:28:53.518,1.64062,1.64094,1.12,1.00
2017.02.07 18:28:53.838,1.64062,1.64094,1.50,1.00
2017.02.07 18:28:54.242,1.64061,1.64093,1.71,1.00
2017.02.07 18:28:54.771,1.64061,1.64093,1.00,1.00
2017.02.07 18:28:55.253,1.6406,1.64096,1.09,2.62
2017.02.07 18:28:55.304,1.64067,1.64096,1.00,1.87
2017.02.07 18:28:55.405,1.64067,1.64098,1.00,1.00
2017.02.07 18:28:55.456,1.64067,1.641,1.00,1.00
2017.02.07 18:28:55.557,1.64064,1.64098,1.37,1.00
2017.02.07 18:28:55.860,1.64071,1.64103,1.00,1.00
2017.02.07 18:28:56.163,1.64076,1.64103,1.00,1.00
2017.02.07 18:28:56.517,1.64071,1.64104,1.00,1.50
2017.02.07 18:28:57.363,1.6407,1.64103,1.37,1.00
2017.02.07 18:28:57.464,1.6408,1.64107,1.00,1.12
2017.02.07 18:28:57.667,1.64082,1.64114,1.12,1.50
2017.02.07 18:28:58.223,1.64083,1.64119,1.00,1.50
2017.02.07 18:28:58.658,1.64083,1.64113,1.87,1.00
2017.02.07 18:28:59.920,1.64084,1.64118,1.50,1.00
2017.02.07 18:29:00.122,1.64084,1.64114,1.00,1.00
2017.02.07 18:29:01.263,1.64087,1.64114,1.00,1.00
2017.02.07 18:29:01.364,1.64086,1.64118,1.50,1.00
2017.02.07 18:29:01.668,1.64083,1.64119,4.87,1.00
2017.02.07 18:29:02.199,1.64084,1.64119,1.37,1.00
2017.02.07 18:29:02.814,1.64086,1.64118,1.12,1.00
2017.02.07 18:29:03.277,1.64083,1.64119,2.62,1.00
2017.02.07 18:29:03.537,1.64083,1.64113,1.87,1.00
2017.02.07 18:29:04.065,1.64083,1.64114,1.12,1.00
2017.02.07 18:29:04.589,1.64083,1.64114,1.37,1.00
2017.02.07 18:29:05.700,1.64087,1.64114,1.00,1.00
2017.02.07 18:29:05.852,1.64086,1.64118,1.50,1.00
2017.02.07 18:29:05.953,1.64086,1.64114,1.50,1.00
2017.02.07 18:29:06.115,1.64088,1.64119,1.00,1.00
2017.02.07 18:29:07.066,1.64085,1.64119,1.37,1.12
2017.02.07 18:29:07.569,1.64085,1.64119,1.87,1.12
2017.02.07 18:29:08.015,1.64085,1.64114,1.87,1.00
2017.02.07 18:29:09.214,1.64086,1.64118,1.00,1.00
2017.02.07 18:29:09.265,1.64088,1.64118,1.00,1.00
2017.02.07 18:29:09.766,1.64085,1.64111,1.75,1.00
2017.02.07 18:29:09.919,1.6408,1.64104,1.37,1.00
2017.02.07 18:29:10.023,1.64076,1.64094,1.75,1.00
2017.02.07 18:29:10.124,1.64072,1.64092,1.00,1.00
2017.02.07 18:29:10.175,1.64064,1.64094,2.62,1.50
2017.02.07 18:29:10.227,1.64064,1.64093,1.37,1.00
2017.02.07 18:29:10.280,1.64064,1.64096,1.37,1.00
2017.02.07 18:29:10.331,1.64064,1.64093,1.37,1.00
2017.02.07 18:29:10.432,1.64062,1.64091,1.12,1.00
2017.02.07 18:29:10.981,1.64061,1.64091,1.12,1.00
2017.02.07 18:29:11.565,1.64061,1.64092,1.00,1.00
2017.02.07 18:29:12.260,1.64061,1.64089,1.00,1.00
2017.02.07 18:29:12.564,1.6406,1.64083,1.12,1.00
2017.02.07 18:29:13.125,1.6406,1.64088,1.12,1.00
2017.02.07 18:29:13.438,1.64059,1.64091,1.50,1.50
2017.02.07 18:29:13.649,1.64059,1.64089,1.50,1.00
2017.02.07 18:29:14.180,1.64059,1.64089,1.00,1.00
2017.02.07 18:29:14.382,1.64057,1.64089,1.12,1.00
2017.02.07 18:29:14.591,1.64059,1.64088,1.00,1.00
2017.02.07 18:29:15.111,1.64057,1.64084,1.12,1.00
2017.02.07 18:29:15.162,1.64057,1.64088,1.12,1.00
2017.02.07 18:29:15.450,1.64056,1.64086,1.00,1.00
2017.02.07 18:29:15.800,1.64054,1.64083,1.87,1.00
2017.02.07 18:29:16.211,1.64053,1.64087,1.75,1.00
2017.02.07 18:29:16.262,1.64055,1.64084,1.12,1.00
2017.02.07 18:29:16.666,1.64048,1.64078,1.75,1.00
2017.02.07 18:29:16.717,1.64047,1.64074,1.12,1.00
2017.02.07 18:29:16.870,1.64045,1.64074,1.37,1.00
2017.02.07 18:29:17.153,1.64046,1.64079,1.00,1.50
2017.02.07 18:29:17.392,1.64048,1.64078,1.00,1.00
2017.02.07 18:29:17.906,1.64048,1.64077,1.00,1.00
2017.02.07 18:29:17.957,1.64046,1.64077,1.12,1.00
2017.02.07 18:29:18.422,1.64045,1.64079,1.87,1.50
2017.02.07 18:29:19.294,1.64045,1.64079,1.00,2.25
2017.02.07 18:29:19.731,1.64046,1.64076,1.00,1.00
2017.02.07 18:29:20.043,1.64049,1.64078,1.12,1.00
2017.02.07 18:29:20.650,1.64049,1.64079,1.12,1.00
2017.02.07 18:29:20.854,1.64049,1.64082,1.12,1.00
2017.02.07 18:29:20.914,1.64049,1.64079,1.12,1.00
2017.02.07 18:29:22.036,1.64047,1.64073,1.50,1.00
2017.02.07 18:29:22.138,1.64045,1.64073,2.25,1.00
2017.02.07 18:29:22.239,1.64045,1.64073,1.12,1.00
2017.02.07 18:29:22.340,1.64045,1.64078,1.12,1.50
2017.02.07 18:29:23.123,1.64046,1.64078,1.00,1.00
2017.02.07 18:29:23.807,1.64047,1.64078,1.00,1.50
2017.02.07 18:29:24.279,1.64049,1.64082,1.00,1.00
2017.02.07 18:29:24.330,1.64056,1.64084,1.00,1.00
2017.02.07 18:29:24.482,1.64061,1.64091,1.00,1.50
2017.02.07 18:29:24.747,1.6406,1.64089,1.00,1.00
2017.02.07 18:29:25.571,1.64061,1.64089,1.00,1.00
2017.02.07 18:29:26.039,1.64062,1.64094,1.00,1.50
2017.02.07 18:29:26.090,1.64062,1.64094,1.50,1.00
2017.02.07 18:29:26.503,1.64063,1.64097,1.87,1.00
2017.02.07 18:29:26.829,1.64063,1.64093,1.37,1.00
2017.02.07 18:29:27.183,1.64061,1.64093,1.50,1.00
2017.02.07 18:29:27.284,1.6406,1.64093,1.50,1.00
2017.02.07 18:29:27.486,1.6406,1.64091,1.50,1.00
2017.02.07 18:29:27.880,1.6406,1.64094,1.84,1.50
2017.02.07 18:29:27.982,1.64065,1.64094,1.00,1.00
2017.02.07 18:29:28.185,1.64061,1.64093,2.62,1.00
2017.02.07 18:29:28.688,1.64062,1.64094,1.00,1.00
2017.02.07 18:29:29.202,1.64061,1.64094,1.87,1.00
2017.02.07 18:29:30.332,1.64063,1.64094,1.00,1.00
2017.02.07 18:29:30.584,1.64064,1.64096,1.00,1.00
2017.02.07 18:29:30.736,1.64064,1.64098,2.25,1.00
2017.02.07 18:29:30.887,1.64065,1.64096,1.00,1.00
2017.02.07 18:29:32.659,1.64061,1.64093,3.00,1.00
2017.02.07 18:29:32.810,1.64061,1.64093,1.12,1.00
2017.02.07 18:29:33.064,1.64063,1.64093,1.00,1.00
2017.02.07 18:29:33.216,1.64063,1.64096,1.12,1.00
2017.02.07 18:29:33.267,1.64063,1.64094,1.12,1.00
2017.02.07 18:29:33.770,1.64064,1.64093,1.12,1.00
2017.02.07 18:29:34.588,1.64065,1.64093,1.00,1.00
2017.02.07 18:29:35.118,1.64066,1.64093,1.00,1.00
2017.02.07 18:29:35.823,1.64066,1.64099,1.00,1.12
2017.02.07 18:29:36.349,1.64067,1.64099,1.00,1.12
2017.02.07 18:29:37.794,1.64066,1.64099,1.50,1.12
2017.02.07 18:29:37.946,1.64063,1.64094,1.46,1.00
2017.02.07 18:29:37.997,1.64063,1.64094,1.09,1.00
2017.02.07 18:29:38.266,1.6406,1.64093,1.37,1.00
2017.02.07 18:29:38.592,1.6406,1.64089,1.37,1.00
2017.02.07 18:29:39.441,1.6406,1.64088,1.37,1.00
2017.02.07 18:29:40.048,1.64062,1.64089,1.09,1.00
2017.02.07 18:29:42.553,1.64061,1.64088,2.25,1.00
2017.02.07 18:29:42.755,1.6406,1.64088,1.87,1.00
2017.02.07 18:29:43.273,1.6406,1.64089,1.12,1.00
2017.02.07 18:29:44.050,1.6406,1.64093,1.87,1.00
2017.02.07 18:29:44.101,1.64062,1.64093,1.00,1.00
2017.02.07 18:29:44.761,1.64063,1.64093,1.00,1.00
2017.02.07 18:29:44.923,1.6406,1.64093,3.00,1.00
2017.02.07 18:29:47.164,1.64061,1.64094,1.00,1.00
2017.02.07 18:29:47.265,1.64059,1.64088,1.50,1.00
2017.02.07 18:29:47.814,1.64061,1.64093,1.00,1.00
2017.02.07 18:29:48.345,1.64059,1.64094,1.37,1.00
2017.02.07 18:29:48.949,1.64058,1.64093,3.00,1.00
2017.02.07 18:29:49.150,1.64058,1.64089,3.00,1.00
2017.02.07 18:29:50.793,1.64058,1.64085,1.87,1.00
2017.02.07 18:29:50.945,1.64052,1.64083,3.37,1.00
2017.02.07 18:29:51.046,1.6405,1.64084,1.12,2.25
2017.02.07 18:29:51.148,1.6405,1.64078,1.00,1.00
2017.02.07 18:29:51.931,1.6405,1.64079,1.00,1.00
2017.02.07 18:29:52.794,1.64049,1.64079,1.12,1.00
2017.02.07 18:29:53.097,1.64046,1.64073,1.00,1.00
2017.02.07 18:29:53.295,1.64042,1.64073,1.12,1.00
2017.02.07 18:29:53.346,1.64048,1.64073,1.00,1.00
2017.02.07 18:29:53.397,1.64048,1.64079,1.00,1.37
2017.02.07 18:29:53.934,1.64049,1.64079,1.00,1.00
2017.02.07 18:29:54.569,1.6405,1.64078,1.00,1.00
2017.02.07 18:29:55.209,1.64049,1.64078,1.12,1.00
2017.02.07 18:29:55.719,1.6405,1.64078,1.12,1.00
2017.02.07 18:29:57.065,1.64056,1.64086,1.00,1.75
2017.02.07 18:29:57.166,1.64056,1.64088,1.87,1.50
2017.02.07 18:29:57.217,1.6406,1.64088,1.37,1.50
2017.02.07 18:29:57.521,1.64059,1.64084,1.37,1.00
2017.02.07 18:29:57.572,1.64053,1.64084,1.87,1.00
2017.02.07 18:29:57.673,1.64053,1.64084,1.50,1.00
2017.02.07 18:29:57.997,1.64057,1.64084,1.00,1.00
2017.02.07 18:29:58.047,1.64054,1.64087,1.00,1.00
2017.02.07 18:29:58.149,1.64056,1.64089,1.00,1.37
2017.02.07 18:29:58.300,1.64053,1.64089,3.37,1.50
2017.02.07 18:29:58.351,1.64053,1.64083,1.87,1.00
2017.02.07 18:29:58.938,1.64053,1.64079,1.00,1.00
2017.02.07 18:29:59.221,1.64053,1.64084,1.00,1.00
2017.02.07 18:30:00.401,1.64054,1.64084,1.00,1.00
2017.02.07 18:30:00.502,1.64055,1.64079,1.87,1.00
2017.02.07 18:30:00.604,1.6406,1.64089,1.87,1.37
2017.02.07 18:30:00.655,1.64063,1.64089,1.00,1.37
2017.02.07 18:30:00.830,1.64063,1.64093,1.37,1.37
2017.02.07 18:30:00.881,1.64062,1.64093,1.00,1.00
2017.02.07 18:30:00.932,1.64062,1.64089,1.00,1.00
2017.02.07 18:30:01.033,1.64062,1.64093,1.00,1.00
2017.02.07 18:30:01.339,1.64059,1.64093,2.25,1.50
2017.02.07 18:30:01.591,1.64062,1.64093,1.00,1.50
2017.02.07 18:30:01.923,1.64065,1.64093,1.00,1.00
2017.02.07 18:30:02.137,1.64066,1.641,1.00,1.37
2017.02.07 18:30:02.189,1.64068,1.64103,1.37,1.37
2017.02.07 18:30:02.434,1.64069,1.64099,1.12,1.00
2017.02.07 18:30:03.137,1.64067,1.64094,1.87,1.00
2017.02.07 18:30:03.341,1.64067,1.64098,1.75,1.00
2017.02.07 18:30:03.544,1.64066,1.64098,1.00,1.00
2017.02.07 18:30:05.143,1.64066,1.64094,1.00,1.00
2017.02.07 18:30:05.723,1.64065,1.64093,1.12,1.00
2017.02.07 18:30:07.916,1.64065,1.64094,1.00,1.00
2017.02.07 18:30:09.517,1.64065,1.64093,1.12,1.00
2017.02.07 18:30:09.820,1.64063,1.64089,1.50,1.00
2017.02.07 18:30:09.871,1.64063,1.64089,1.12,1.00
2017.02.07 18:30:10.079,1.64059,1.64089,2.25,1.00
2017.02.07 18:30:10.130,1.64059,1.64083,1.50,1.00
2017.02.07 18:30:10.181,1.64059,1.64083,1.12,1.00
2017.02.07 18:30:10.457,1.64059,1.64088,1.00,1.00
2017.02.07 18:30:10.559,1.64059,1.64084,1.00,1.00
2017.02.07 18:30:10.811,1.64055,1.64084,1.37,1.00
2017.02.07 18:30:10.913,1.64054,1.64084,1.00,1.00
2017.02.07 18:30:11.518,1.64051,1.64084,2.25,1.12
2017.02.07 18:30:12.031,1.64051,1.64083,1.12,1.00
2017.02.07 18:30:13.794,1.64051,1.64078,1.00,1.00
2017.02.07 18:30:14.317,1.64051,1.64079,2.96,1.00
2017.02.07 18:30:14.418,1.64052,1.64083,1.71,1.00
2017.02.07 18:30:14.621,1.64056,1.64094,3.37,1.50
2017.02.07 18:30:15.134,1.64057,1.64093,1.46,1.37
2017.02.07 18:30:15.237,1.64057,1.64084,1.46,1.00
2017.02.07 18:30:15.729,1.64056,1.64088,1.46,1.00
2017.02.07 18:30:15.780,1.64058,1.64088,1.87,1.00
2017.02.07 18:30:16.083,1.64062,1.64088,1.00,1.00
2017.02.07 18:30:16.134,1.64062,1.64094,1.00,1.50
2017.02.07 18:30:16.753,1.64062,1.64089,1.50,1.00
2017.02.07 18:30:17.056,1.64059,1.64084,1.00,1.00
2017.02.07 18:30:17.107,1.64057,1.64084,1.00,1.00
2017.02.07 18:30:17.892,1.64055,1.64084,2.59,1.00
2017.02.07 18:30:18.165,1.64055,1.64079,1.09,1.00
2017.02.07 18:30:18.316,1.64052,1.64078,1.00,1.00
2017.02.07 18:30:18.367,1.64052,1.64083,1.00,1.00
2017.02.07 18:30:18.898,1.64052,1.64084,1.00,1.00
2017.02.07 18:30:19.150,1.64051,1.64084,1.84,1.00
2017.02.07 18:30:19.454,1.64059,1.64092,1.00,1.00
2017.02.07 18:30:19.618,1.64057,1.64092,1.75,1.50
2017.02.07 18:30:19.923,1.6406,1.64088,1.37,1.00
2017.02.07 18:30:20.395,1.64058,1.64093,1.71,1.50
2017.02.07 18:30:20.979,1.64059,1.64093,1.84,1.50
2017.02.07 18:30:21.563,1.64061,1.64088,1.12,1.00
2017.02.07 18:30:21.881,1.6406,1.64083,1.37,1.00
2017.02.07 18:30:22.017,1.6406,1.64088,1.37,1.00
2017.02.07 18:30:24.464,1.64061,1.64088,2.62,1.00
2017.02.07 18:30:24.567,1.64062,1.64097,1.09,1.00
2017.02.07 18:30:24.720,1.64066,1.64093,1.00,1.00
2017.02.07 18:30:25.152,1.64068,1.64099,1.87,1.37
2017.02.07 18:30:25.203,1.64073,1.64099,1.00,1.00
2017.02.07 18:30:25.254,1.64071,1.64099,1.00,1.00
2017.02.07 18:30:25.832,1.6407,1.64099,1.12,1.00
2017.02.07 18:30:26.138,1.64072,1.64099,1.00,1.00
2017.02.07 18:30:26.807,1.64071,1.64099,1.00,1.00
2017.02.07 18:30:27.471,1.64072,1.64099,1.00,1.00
2017.02.07 18:30:28.340,1.64071,1.64099,1.87,1.00
2017.02.07 18:30:28.845,1.6407,1.64099,1.00,1.00
2017.02.07 18:30:29.150,1.64074,1.64099,1.00,1.00
2017.02.07 18:30:29.352,1.64077,1.64104,1.09,1.12
2017.02.07 18:30:29.403,1.6408,1.64104,1.00,1.00
2017.02.07 18:30:29.454,1.64078,1.64104,1.00,1.00
2017.02.07 18:30:29.555,1.64076,1.64104,1.12,1.00
2017.02.07 18:30:29.923,1.64077,1.64098,1.00,1.00
2017.02.07 18:30:30.125,1.64077,1.64104,1.00,1.00
2017.02.07 18:30:30.395,1.64075,1.64104,1.00,1.00
2017.02.07 18:30:30.497,1.64073,1.64104,1.87,1.00
2017.02.07 18:30:30.547,1.64073,1.64099,1.50,1.00
2017.02.07 18:30:31.642,1.64073,1.64104,1.00,1.00
2017.02.07 18:30:31.945,1.64075,1.64104,1.00,1.00
2017.02.07 18:30:32.155,1.64075,1.64108,1.00,1.00
2017.02.07 18:30:32.672,1.64076,1.64108,1.50,1.00
2017.02.07 18:30:33.061,1.64074,1.64103,1.37,1.00
2017.02.07 18:30:33.163,1.64066,1.64103,4.46,1.50
2017.02.07 18:30:33.214,1.64066,1.64098,3.37,1.50
2017.02.07 18:30:33.366,1.64059,1.64093,1.87,1.12
2017.02.07 18:30:33.646,1.64066,1.64093,1.12,1.12
2017.02.07 18:30:34.170,1.64067,1.64093,1.00,1.00
2017.02.07 18:30:34.682,1.64066,1.64093,1.00,1.00
2017.02.07 18:30:35.196,1.64067,1.64093,1.00,1.00
2017.02.07 18:30:35.751,1.64065,1.64093,1.50,1.00
2017.02.07 18:30:36.044,1.64066,1.64088,1.00,1.00
2017.02.07 18:30:36.095,1.64064,1.64088,1.00,1.00
2017.02.07 18:30:36.146,1.64065,1.64098,1.00,1.00
2017.02.07 18:30:36.247,1.64063,1.64097,1.50,1.00
2017.02.07 18:30:36.399,1.64067,1.64098,1.00,1.00
2017.02.07 18:30:36.873,1.64065,1.64098,1.50,1.00
2017.02.07 18:30:36.924,1.64069,1.64093,1.00,1.00
2017.02.07 18:30:37.026,1.64069,1.64098,1.00,1.00
2017.02.07 18:30:37.127,1.64067,1.64094,1.00,1.00
2017.02.07 18:30:37.178,1.64064,1.64094,1.00,1.00
2017.02.07 18:30:37.229,1.64064,1.64089,1.00,1.00
2017.02.07 18:30:37.935,1.64062,1.64089,1.50,1.00
2017.02.07 18:30:38.137,1.64063,1.64094,1.50,1.00
2017.02.07 18:30:38.339,1.64065,1.64094,1.00,1.00
2017.02.07 18:30:38.440,1.64063,1.64094,1.12,1.00
2017.02.07 18:30:38.972,1.64064,1.64094,1.00,1.00
2017.02.07 18:30:39.449,1.64064,1.64097,1.00,1.00
2017.02.07 18:30:39.550,1.64065,1.64099,1.00,1.12
2017.02.07 18:30:40.093,1.64065,1.64098,1.12,1.00
2017.02.07 18:30:41.263,1.64069,1.64103,1.50,1.87
2017.02.07 18:30:41.314,1.64071,1.64104,1.00,1.00
2017.02.07 18:30:41.819,1.64071,1.64103,1.00,1.00
2017.02.07 18:30:41.971,1.64071,1.64107,1.50,1.37
2017.02.07 18:30:42.173,1.64074,1.64107,1.00,1.37
2017.02.07 18:30:42.688,1.64075,1.64107,1.00,1.37
2017.02.07 18:30:43.011,1.64075,1.64108,1.00,1.00
2017.02.07 18:30:43.062,1.64073,1.64108,3.75,1.00
2017.02.07 18:30:43.489,1.64074,1.64109,1.37,1.00
2017.02.07 18:30:43.966,1.64076,1.64111,1.00,1.00
2017.02.07 18:30:44.118,1.64076,1.64108,1.00,1.00
2017.02.07 18:30:44.358,1.64073,1.64109,1.12,1.12
2017.02.07 18:30:44.662,1.64074,1.64103,1.00,1.00
2017.02.07 18:30:44.914,1.64071,1.64104,1.50,1.00
2017.02.07 18:30:47.616,1.64071,1.64099,1.87,1.00
2017.02.07 18:30:48.337,1.64073,1.64103,1.00,1.00
2017.02.07 18:30:48.884,1.64073,1.64104,1.00,1.00
2017.02.07 18:30:49.630,1.64073,1.64099,1.00,1.00
2017.02.07 18:30:50.161,1.64073,1.64104,1.00,1.00
2017.02.07 18:30:50.339,1.64074,1.64104,1.84,1.00
2017.02.07 18:30:50.491,1.64078,1.6411,2.21,1.37
2017.02.07 18:30:50.542,1.6408,1.64111,2.21,1.50
2017.02.07 18:30:50.593,1.64081,1.64113,1.71,1.12
2017.02.07 18:30:51.131,1.64082,1.64114,1.46,1.00
2017.02.07 18:30:53.569,1.64082,1.64114,1.12,1.00
2017.02.07 18:30:53.670,1.6408,1.64109,1.09,1.00
2017.02.07 18:30:55.745,1.64079,1.64114,1.12,1.00
2017.02.07 18:30:55.796,1.64079,1.64112,1.12,1.00
2017.02.07 18:30:56.353,1.64077,1.64109,1.75,1.00
2017.02.07 18:30:56.455,1.64075,1.64109,1.12,1.00
2017.02.07 18:30:56.505,1.64075,1.64107,1.12,1.00
2017.02.07 18:30:58.261,1.64075,1.64104,1.00,1.00
2017.02.07 18:30:58.514,1.64073,1.64104,1.00,1.00
2017.02.07 18:30:58.817,1.64074,1.64107,1.00,2.25
2017.02.07 18:30:59.023,1.64074,1.64103,1.12,1.00
2017.02.07 18:30:59.585,1.64075,1.64103,1.00,1.00
2017.02.07 18:31:00.110,1.64073,1.64104,1.37,1.00
2017.02.07 18:31:00.615,1.64072,1.64104,1.12,1.50
2017.02.07 18:31:00.795,1.64072,1.64098,1.00,1.00
2017.02.07 18:31:00.956,1.6407,1.64098,1.12,1.00
2017.02.07 18:31:01.522,1.64069,1.64099,1.00,1.00
2017.02.07 18:31:01.623,1.64067,1.64099,1.87,1.00
2017.02.07 18:31:01.724,1.64066,1.64097,1.50,1.12
2017.02.07 18:31:02.229,1.64067,1.64098,1.00,1.00
2017.02.07 18:31:02.582,1.64065,1.64094,1.37,1.00
2017.02.07 18:31:02.787,1.64063,1.64093,1.00,1.00
2017.02.07 18:31:02.989,1.64061,1.64089,1.12,1.00
2017.02.07 18:31:03.141,1.6406,1.64093,1.50,1.00
2017.02.07 18:31:03.494,1.64062,1.64093,1.00,1.00
2017.02.07 18:31:03.797,1.64055,1.64084,1.50,1.00
2017.02.07 18:31:03.870,1.64055,1.64084,1.12,1.00
2017.02.07 18:31:03.972,1.64056,1.64089,1.00,2.25
2017.02.07 18:31:04.266,1.64057,1.64083,1.50,1.00
2017.02.07 18:31:04.317,1.64059,1.64088,1.12,1.37
2017.02.07 18:31:04.519,1.64061,1.64088,1.00,1.00
2017.02.07 18:31:04.620,1.64061,1.64091,1.00,1.00
2017.02.07 18:31:04.875,1.64059,1.64091,2.62,1.00
2017.02.07 18:31:04.961,1.64059,1.64093,1.50,1.00
2017.02.07 18:31:05.782,1.64059,1.64094,1.00,1.50
2017.02.07 18:31:06.167,1.64059,1.64089,1.00,1.00
2017.02.07 18:31:06.663,1.64059,1.64091,1.00,1.00
2017.02.07 18:31:06.865,1.64059,1.64083,1.00,1.00
2017.02.07 18:31:06.966,1.64057,1.64083,1.00,1.00
2017.02.07 18:31:07.017,1.64055,1.64083,1.00,1.00
2017.02.07 18:31:07.068,1.64056,1.64083,1.37,1.00
2017.02.07 18:31:07.220,1.64058,1.64089,1.75,1.00
2017.02.07 18:31:07.322,1.64061,1.64089,1.84,1.00
2017.02.07 18:31:07.881,1.64062,1.64089,1.46,1.00
2017.02.07 18:31:08.046,1.64062,1.64093,2.59,1.50
2017.02.07 18:31:08.147,1.64061,1.64093,1.09,1.00
2017.02.07 18:31:08.350,1.64062,1.64094,1.37,1.00
2017.02.07 18:31:08.854,1.64063,1.64089,1.00,1.00
2017.02.07 18:31:09.006,1.6406,1.64089,1.71,1.00
2017.02.07 18:31:09.107,1.64057,1.64089,3.00,1.00
2017.02.07 18:31:09.622,1.64059,1.64089,1.00,1.00
2017.02.07 18:31:09.824,1.64055,1.64084,1.87,1.00
2017.02.07 18:31:09.874,1.64053,1.64084,1.50,1.00
2017.02.07 18:31:09.975,1.64053,1.64084,1.50,1.00
2017.02.07 18:31:10.026,1.64053,1.64087,1.12,1.50
2017.02.07 18:31:10.077,1.64055,1.64087,1.00,1.00
2017.02.07 18:31:10.380,1.64057,1.64084,1.00,1.00
2017.02.07 18:31:10.544,1.64057,1.64087,1.00,1.50
2017.02.07 18:31:12.730,1.64055,1.64087,1.00,1.00
2017.02.07 18:31:12.781,1.64053,1.64077,1.00,1.00
2017.02.07 18:31:12.933,1.64038,1.64064,2.62,1.00
2017.02.07 18:31:13.132,1.64038,1.64068,3.00,1.00
2017.02.07 18:31:13.370,1.64041,1.64068,1.00,1.00
2017.02.07 18:31:13.876,1.6404,1.64069,1.12,1.00
2017.02.07 18:31:14.179,1.64049,1.64069,1.00,1.00
2017.02.07 18:31:14.230,1.64048,1.64078,1.46,1.00
2017.02.07 18:31:14.432,1.64048,1.64082,1.34,1.50
2017.02.07 18:31:14.533,1.64048,1.64077,1.00,1.00
2017.02.07 18:31:14.585,1.64045,1.64076,1.00,1.00
2017.02.07 18:31:15.108,1.64045,1.64079,1.50,1.00
2017.02.07 18:31:15.641,1.64046,1.64078,1.12,1.00
2017.02.07 18:31:16.083,1.64048,1.64078,1.00,1.00
2017.02.07 18:31:16.597,1.64047,1.64079,1.00,1.00
2017.02.07 18:31:16.699,1.64044,1.64079,1.87,1.00
2017.02.07 18:31:17.205,1.64045,1.64079,1.00,1.00
2017.02.07 18:31:17.709,1.64046,1.64079,1.00,1.00
2017.02.07 18:31:18.212,1.64047,1.64079,2.62,1.00
2017.02.07 18:31:18.263,1.64047,1.64079,2.25,1.00
2017.02.07 18:31:18.516,1.64047,1.64078,1.12,1.00
2017.02.07 18:31:19.033,1.64048,1.64078,1.00,1.00
2017.02.07 18:31:19.609,1.64047,1.64078,1.50,1.00
2017.02.07 18:31:22.143,1.64045,1.64079,1.50,1.50
2017.02.07 18:31:22.245,1.64045,1.64073,1.50,1.00
2017.02.07 18:31:22.996,1.64044,1.64073,1.87,1.00
2017.02.07 18:31:23.047,1.64044,1.64073,1.50,1.00
2017.02.07 18:31:27.462,1.64044,1.64079,1.50,1.75
2017.02.07 18:31:27.613,1.64044,1.64079,1.87,1.75
2017.02.07 18:31:27.715,1.64044,1.64079,1.87,1.00
2017.02.07 18:31:28.248,1.64045,1.64078,1.87,1.00
2017.02.07 18:31:28.570,1.64053,1.64082,1.37,1.75
2017.02.07 18:31:28.899,1.64053,1.64078,1.87,1.00
2017.02.07 18:31:29.050,1.64052,1.64078,1.12,1.00
2017.02.07 18:31:29.683,1.64052,1.64079,1.00,1.00
2017.02.07 18:31:30.864,1.64052,1.64079,2.59,1.00
2017.02.07 18:31:30.966,1.64056,1.64088,1.34,1.12
2017.02.07 18:31:31.614,1.64057,1.64089,1.84,1.00
2017.02.07 18:31:32.360,1.64058,1.64088,1.46,1.00
2017.02.07 18:31:32.562,1.6406,1.64093,1.12,1.12
2017.02.07 18:31:32.865,1.6406,1.64088,1.87,1.00
2017.02.07 18:31:33.023,1.64061,1.64094,1.50,1.37
2017.02.07 18:31:33.225,1.64061,1.64089,1.00,1.00
2017.02.07 18:31:33.788,1.64062,1.64089,1.00,1.00
2017.02.07 18:31:34.024,1.64062,1.64094,1.00,1.37
2017.02.07 18:31:34.525,1.64061,1.64094,1.12,1.37
2017.02.07 18:31:36.011,1.64062,1.64094,1.84,1.37
2017.02.07 18:31:36.650,1.64069,1.64094,1.09,1.00
2017.02.07 18:31:37.239,1.64068,1.64098,1.34,1.00
2017.02.07 18:31:38.251,1.64068,1.64099,1.46,1.00
2017.02.07 18:31:43.259,1.64068,1.64093,1.87,1.00
2017.02.07 18:31:45.366,1.64065,1.64093,1.37,1.00
2017.02.07 18:31:45.468,1.64063,1.64093,1.37,1.00
2017.02.07 18:31:46.020,1.64063,1.64093,1.00,1.00
2017.02.07 18:31:46.404,1.64066,1.64094,1.00,1.00
2017.02.07 18:31:46.788,1.64064,1.64094,1.50,1.00
2017.02.07 18:31:49.959,1.64063,1.64089,1.00,1.00
2017.02.07 18:31:52.066,1.64064,1.64089,1.87,1.00
2017.02.07 18:31:52.117,1.64064,1.64093,2.62,1.00
2017.02.07 18:31:52.269,1.64067,1.64093,1.00,1.00
2017.02.07 18:31:53.163,1.64066,1.64093,1.12,1.00
2017.02.07 18:31:53.399,1.64066,1.64099,1.00,1.50
2017.02.07 18:31:53.450,1.64066,1.64093,1.00,1.00
2017.02.07 18:31:54.210,1.64068,1.64093,1.00,1.00
2017.02.07 18:31:54.261,1.64068,1.64099,1.37,1.50
2017.02.07 18:31:54.565,1.64069,1.64099,1.00,1.00
2017.02.07 18:31:54.666,1.64069,1.64102,1.00,1.00
2017.02.07 18:31:54.918,1.64072,1.64106,1.00,1.75
2017.02.07 18:31:55.134,1.64072,1.64106,1.50,1.00
2017.02.07 18:31:55.184,1.64079,1.64108,1.00,1.00
2017.02.07 18:31:55.336,1.64082,1.64115,2.62,1.75
2017.02.07 18:31:55.438,1.64087,1.64122,1.37,2.25
2017.02.07 18:31:55.741,1.6409,1.64123,1.00,1.00
2017.02.07 18:31:55.842,1.6409,1.64123,1.37,1.00
2017.02.07 18:31:56.095,1.64085,1.64118,1.50,1.12
2017.02.07 18:31:56.146,1.64085,1.64113,1.12,1.00
2017.02.07 18:31:56.348,1.64083,1.64113,1.50,1.00
2017.02.07 18:31:56.399,1.64081,1.64113,1.87,1.00
2017.02.07 18:31:56.450,1.64082,1.64108,1.00,1.00
2017.02.07 18:31:56.551,1.64084,1.64118,1.00,1.87
2017.02.07 18:31:57.114,1.64081,1.64118,2.25,1.50
2017.02.07 18:31:57.266,1.64081,1.64118,1.87,2.25
2017.02.07 18:31:57.368,1.64081,1.64114,1.12,1.00
2017.02.07 18:31:57.824,1.64081,1.64113,1.00,1.37
2017.02.07 18:31:58.027,1.64081,1.64115,1.12,1.12
2017.02.07 18:31:58.535,1.64081,1.64115,1.37,1.12
2017.02.07 18:31:58.942,1.64082,1.64119,1.50,3.00
2017.02.07 18:31:59.245,1.64095,1.64128,1.00,1.75
2017.02.07 18:31:59.497,1.64092,1.64123,1.00,1.12
2017.02.07 18:32:00.593,1.6409,1.64124,1.00,1.50
2017.02.07 18:32:00.819,1.64088,1.64119,1.12,1.00
2017.02.07 18:32:01.074,1.64082,1.64116,1.00,1.12
2017.02.07 18:32:01.125,1.64082,1.64108,1.00,1.00
2017.02.07 18:32:01.350,1.64082,1.64116,1.00,1.00
2017.02.07 18:32:01.603,1.64083,1.64116,1.37,1.00
2017.02.07 18:32:01.807,1.64081,1.64116,1.37,1.00
2017.02.07 18:32:02.154,1.64081,1.64109,1.37,1.00
2017.02.07 18:32:02.256,1.64081,1.64114,1.00,1.00
2017.02.07 18:32:02.357,1.64081,1.64108,1.00,1.00
2017.02.07 18:32:02.458,1.64081,1.64113,1.00,1.00
2017.02.07 18:32:02.711,1.64081,1.64109,1.00,1.00
2017.02.07 18:32:02.812,1.64078,1.64108,2.62,1.00
2017.02.07 18:32:03.035,1.64078,1.64098,1.00,1.00
2017.02.07 18:32:03.137,1.64073,1.64098,1.00,1.00
2017.02.07 18:32:03.341,1.64073,1.64101,1.00,1.00
2017.02.07 18:32:03.443,1.64072,1.64099,1.00,1.50
2017.02.07 18:32:03.595,1.6407,1.64099,1.12,1.50
2017.02.07 18:32:03.747,1.64072,1.64098,1.00,1.00
2017.02.07 18:32:03.949,1.6407,1.64099,2.62,1.50
2017.02.07 18:32:04.617,1.64067,1.64098,1.75,1.00
2017.02.07 18:32:06.033,1.64067,1.64093,1.75,1.00
2017.02.07 18:32:06.287,1.64066,1.64093,1.00,1.00
2017.02.07 18:32:07.900,1.64063,1.64089,2.25,1.00
2017.02.07 18:32:07.951,1.64062,1.64089,1.00,1.00
2017.02.07 18:32:08.053,1.64061,1.64087,1.00,1.00
2017.02.07 18:32:08.103,1.64057,1.64087,1.37,1.00
2017.02.07 18:32:08.155,1.64056,1.64086,1.00,1.00
2017.02.07 18:32:08.256,1.64056,1.64083,1.00,1.00
2017.02.07 18:32:08.765,1.64055,1.64083,1.00,1.00
2017.02.07 18:32:09.397,1.64056,1.64083,1.00,1.00
2017.02.07 18:32:13.886,1.64057,1.64083,1.00,1.00
2017.02.07 18:32:16.842,1.64057,1.64086,1.00,1.00
2017.02.07 18:32:17.044,1.64056,1.64089,1.50,1.87
2017.02.07 18:32:17.266,1.64054,1.64079,1.87,1.00
2017.02.07 18:32:17.316,1.64054,1.64083,1.00,1.00
2017.02.07 18:32:17.418,1.64052,1.64079,1.37,1.00
2017.02.07 18:32:17.570,1.64049,1.64079,1.37,1.00
2017.02.07 18:32:18.089,1.64051,1.64078,1.00,1.00
2017.02.07 18:32:18.274,1.64054,1.64078,1.71,1.00
2017.02.07 18:32:18.325,1.64053,1.64083,1.71,1.12
2017.02.07 18:32:18.512,1.64052,1.64084,2.62,1.00
2017.02.07 18:32:18.563,1.64052,1.64082,1.37,1.00
2017.02.07 18:32:18.866,1.64053,1.64084,1.75,2.25
2017.02.07 18:32:19.389,1.64053,1.64084,1.87,1.50
2017.02.07 18:32:19.793,1.64052,1.64083,1.50,1.00
2017.02.07 18:32:20.042,1.64052,1.64078,1.12,1.00
2017.02.07 18:32:21.965,1.6405,1.64079,1.50,1.00
2017.02.07 18:32:22.218,1.64046,1.64077,1.00,1.00
2017.02.07 18:32:22.420,1.64045,1.64072,1.00,1.00
2017.02.07 18:32:22.471,1.64042,1.64072,1.00,1.00
2017.02.07 18:32:30.010,1.64041,1.64072,1.12,1.00
2017.02.07 18:32:30.360,1.64041,1.64074,1.12,1.50
2017.02.07 18:32:30.411,1.64041,1.64074,2.25,1.00
2017.02.07 18:32:32.759,1.64045,1.64071,1.00,1.00
2017.02.07 18:32:33.062,1.64042,1.64068,1.00,1.00
2017.02.07 18:32:33.657,1.64042,1.64069,1.00,1.00
2017.02.07 18:32:34.548,1.6404,1.64068,2.25,1.00
2017.02.07 18:32:34.851,1.64036,1.64064,2.25,1.00
2017.02.07 18:32:35.739,1.64037,1.64068,2.25,1.00
2017.02.07 18:32:36.123,1.64038,1.64063,1.75,1.00
2017.02.07 18:32:36.813,1.64037,1.64069,3.00,1.50
2017.02.07 18:32:37.359,1.64038,1.64068,3.00,1.00
2017.02.07 18:32:37.871,1.64038,1.64069,2.25,1.00
2017.02.07 18:32:39.230,1.6404,1.64068,1.50,1.00
2017.02.07 18:32:42.887,1.64039,1.64069,2.25,1.00
2017.02.07 18:32:43.430,1.64041,1.64068,1.00,1.00
2017.02.07 18:32:44.011,1.6404,1.64068,1.00,1.00
2017.02.07 18:32:44.396,1.64038,1.64069,1.00,1.87
2017.02.07 18:32:44.447,1.64038,1.64064,1.00,1.00
2017.02.07 18:32:45.123,1.64036,1.64064,1.00,1.00
2017.02.07 18:32:45.337,1.64036,1.64068,1.00,1.50
2017.02.07 18:32:46.532,1.64038,1.64068,1.00,1.50
2017.02.07 18:32:46.836,1.6404,1.64069,1.00,1.00
2017.02.07 18:32:47.490,1.64039,1.64069,1.00,1.00
2017.02.07 18:32:48.001,1.6404,1.64069,1.00,1.00
2017.02.07 18:32:48.549,1.6404,1.64068,1.00,1.00
2017.02.07 18:32:49.599,1.64036,1.64068,1.12,1.00
2017.02.07 18:32:50.628,1.64037,1.64068,1.00,1.00
2017.02.07 18:32:51.714,1.64037,1.64069,1.00,1.00
2017.02.07 18:32:52.219,1.64038,1.64068,1.50,1.00
2017.02.07 18:32:54.315,1.64037,1.64069,1.37,1.00
2017.02.07 18:32:56.382,1.64038,1.64064,1.12,1.00
2017.02.07 18:33:00.809,1.64034,1.64054,1.37,1.00
2017.02.07 18:33:00.861,1.64029,1.64054,1.00,1.00
2017.02.07 18:33:01.471,1.6403,1.64053,1.00,1.00
2017.02.07 18:33:02.081,1.64029,1.64053,1.00,1.00
2017.02.07 18:33:02.511,1.6403,1.64053,1.34,1.00
2017.02.07 18:33:02.859,1.6403,1.64058,1.09,1.00
2017.02.07 18:33:02.910,1.64028,1.64059,1.00,2.25
2017.02.07 18:33:03.068,1.64026,1.64053,3.00,1.00
2017.02.07 18:33:03.170,1.64023,1.64058,1.50,2.25
2017.02.07 18:33:03.272,1.64026,1.64058,1.00,3.00
2017.02.07 18:33:03.474,1.64026,1.64058,1.12,1.00
2017.02.07 18:33:03.639,1.64024,1.64058,1.00,1.00
2017.02.07 18:33:04.326,1.64024,1.64053,1.00,1.00
2017.02.07 18:33:04.831,1.64023,1.64053,1.12,1.00
2017.02.07 18:33:05.139,1.64016,1.64044,2.25,1.00
2017.02.07 18:33:05.191,1.64015,1.64044,1.37,1.00
2017.02.07 18:33:05.393,1.6401,1.64044,1.00,1.00
2017.02.07 18:33:05.932,1.64011,1.64044,1.00,1.00
2017.02.07 18:33:06.468,1.64012,1.64044,1.00,1.00
2017.02.07 18:33:07.514,1.64012,1.64043,1.00,1.00
2017.02.07 18:33:08.042,1.64011,1.64043,1.00,1.00
2017.02.07 18:33:08.871,1.6401,1.64043,1.00,1.00
2017.02.07 18:33:08.922,1.6401,1.64038,1.00,1.00
2017.02.07 18:33:09.261,1.64005,1.64038,1.00,1.00
2017.02.07 18:33:09.762,1.64005,1.64037,1.00,1.00
2017.02.07 18:33:10.269,1.64004,1.64037,1.12,1.00
2017.02.07 18:33:10.320,1.64003,1.64037,3.00,1.00
2017.02.07 18:33:10.423,1.64005,1.64042,3.75,2.25
2017.02.07 18:33:10.524,1.64009,1.64043,1.00,1.75
2017.02.07 18:33:10.886,1.64009,1.64044,2.25,1.00
2017.02.07 18:33:11.203,1.64009,1.64046,1.37,1.00
2017.02.07 18:33:11.606,1.64012,1.64046,1.00,1.00
2017.02.07 18:33:12.015,1.64012,1.64044,1.00,1.00
2017.02.07 18:33:15.914,1.64012,1.64046,1.00,1.00
2017.02.07 18:33:16.439,1.64013,1.64049,1.00,3.00
2017.02.07 18:33:16.492,1.64015,1.64049,1.00,3.00
2017.02.07 18:33:16.677,1.64026,1.64063,2.25,1.37
2017.02.07 18:33:17.131,1.64026,1.64058,1.50,1.00
2017.02.07 18:33:17.535,1.64025,1.64054,1.00,1.00
2017.02.07 18:33:17.688,1.64023,1.64054,1.00,1.00
2017.02.07 18:33:18.246,1.64022,1.64054,3.00,1.00
2017.02.07 18:33:19.974,1.64023,1.64054,1.00,1.00
2017.02.07 18:33:20.481,1.64023,1.64053,1.00,1.00
2017.02.07 18:33:21.626,1.64022,1.64053,1.50,1.00
2017.02.07 18:33:21.727,1.64022,1.64055,1.00,1.00
2017.02.07 18:33:21.929,1.64024,1.64057,1.50,1.00
2017.02.07 18:33:22.030,1.64024,1.64059,1.50,1.00
2017.02.07 18:33:22.182,1.64024,1.64059,1.00,1.75
2017.02.07 18:33:22.602,1.64026,1.64059,1.37,1.75
2017.02.07 18:33:22.704,1.64027,1.64063,1.12,1.87
2017.02.07 18:33:23.254,1.64028,1.64063,1.00,1.37
2017.02.07 18:33:29.381,1.64027,1.64062,1.00,1.12
2017.02.07 18:33:29.691,1.6403,1.64063,1.87,1.37
2017.02.07 18:33:29.994,1.6403,1.64059,1.12,1.00
2017.02.07 18:33:30.045,1.64026,1.64062,1.87,1.00
2017.02.07 18:33:30.096,1.64026,1.64062,2.25,1.87
2017.02.07 18:33:30.147,1.64029,1.64062,1.00,1.12
2017.02.07 18:33:30.299,1.64027,1.64062,1.00,1.12
2017.02.07 18:33:30.899,1.64026,1.64062,2.25,1.12
2017.02.07 18:33:30.950,1.64028,1.64062,1.12,1.12
2017.02.07 18:33:31.285,1.64029,1.64063,2.25,1.50
2017.02.07 18:33:31.919,1.6403,1.64063,1.12,1.50
2017.02.07 18:33:34.640,1.64028,1.64059,1.75,1.00
2017.02.07 18:33:38.727,1.64027,1.64063,2.25,2.25
2017.02.07 18:33:39.060,1.64027,1.64062,1.00,1.00
2017.02.07 18:33:40.411,1.64027,1.64062,1.00,1.37
2017.02.07 18:33:40.762,1.64027,1.64058,1.00,1.00
2017.02.07 18:33:41.935,1.64027,1.64062,1.00,1.00
2017.02.07 18:33:42.633,1.64027,1.64058,1.00,1.00
2017.02.07 18:33:42.907,1.64025,1.64058,2.62,1.00
2017.02.07 18:33:43.008,1.6403,1.64059,1.00,1.00
2017.02.07 18:33:43.210,1.64025,1.64058,2.62,1.00
2017.02.07 18:33:43.728,1.64024,1.64059,2.59,1.50
2017.02.07 18:33:44.960,1.64024,1.64053,2.25,1.00
2017.02.07 18:33:45.213,1.64018,1.64049,1.50,1.00
2017.02.07 18:33:45.264,1.64018,1.64053,1.00,1.00
2017.02.07 18:33:46.497,1.64023,1.64053,1.00,1.00
2017.02.07 18:33:46.548,1.64023,1.64058,1.00,2.25
2017.02.07 18:33:47.208,1.64023,1.64058,1.00,3.00
2017.02.07 18:33:47.884,1.64023,1.64059,1.00,3.75
2017.02.07 18:33:48.306,1.64028,1.64058,1.00,1.00
2017.02.07 18:33:48.357,1.64025,1.64058,1.00,1.00
2017.02.07 18:33:48.513,1.64025,1.64061,1.00,1.50
2017.02.07 18:33:51.287,1.64026,1.64061,1.00,1.00
2017.02.07 18:33:51.339,1.64027,1.64061,1.84,1.00
2017.02.07 18:33:51.441,1.64027,1.64063,2.21,4.12
2017.02.07 18:33:51.835,1.6403,1.64063,1.00,1.12
2017.02.07 18:33:53.885,1.64028,1.64063,2.21,1.12
2017.02.07 18:33:54.676,1.64029,1.64063,1.00,1.12
2017.02.07 18:33:55.209,1.64028,1.64064,1.09,1.50
2017.02.07 18:33:57.924,1.64028,1.64063,2.21,1.50
2017.02.07 18:33:58.177,1.64028,1.64063,1.84,1.50
2017.02.07 18:34:00.216,1.6403,1.64064,1.12,1.37
2017.02.07 18:34:00.559,1.6403,1.64064,1.50,1.00
2017.02.07 18:34:01.424,1.64029,1.64059,1.75,1.00
2017.02.07 18:34:01.729,1.64028,1.64058,2.62,1.00
2017.02.07 18:34:01.930,1.64025,1.64054,1.12,1.00
2017.02.07 18:34:02.233,1.64034,1.64064,1.00,1.00
2017.02.07 18:34:02.284,1.64034,1.64069,1.50,3.75
2017.02.07 18:34:02.436,1.64034,1.64069,1.50,1.00
2017.02.07 18:34:02.739,1.64039,1.64069,1.00,1.00
2017.02.07 18:34:03.496,1.64036,1.64066,1.00,1.00
2017.02.07 18:34:05.291,1.64032,1.64063,1.00,1.00
2017.02.07 18:34:05.393,1.64029,1.64063,1.50,1.00
2017.02.07 18:34:05.595,1.64027,1.64061,3.37,1.00
2017.02.07 18:34:05.696,1.64027,1.64061,2.62,1.12
2017.02.07 18:34:06.277,1.64027,1.64061,1.87,1.12
2017.02.07 18:34:06.658,1.64027,1.64058,2.25,1.00
2017.02.07 18:34:06.861,1.64025,1.64058,1.12,1.00
2017.02.07 18:34:07.036,1.64028,1.64058,1.00,1.00
2017.02.07 18:34:08.488,1.64026,1.64058,2.62,1.00
2017.02.07 18:34:08.539,1.64026,1.64063,2.25,1.75
2017.02.07 18:34:09.089,1.64027,1.64063,1.00,1.75
2017.02.07 18:34:11.238,1.64027,1.64059,1.00,1.00
2017.02.07 18:34:11.863,1.64027,1.64053,1.00,1.00
2017.02.07 18:34:11.914,1.64022,1.64053,1.50,1.00
2017.02.07 18:34:12.167,1.64021,1.64054,1.12,1.12
2017.02.07 18:34:12.217,1.64018,1.64054,1.87,1.37
2017.02.07 18:34:12.420,1.64021,1.64055,1.00,1.50
2017.02.07 18:34:12.521,1.64026,1.64055,1.09,1.50
2017.02.07 18:34:12.673,1.64025,1.64059,1.34,1.00
2017.02.07 18:34:12.824,1.64025,1.64059,1.00,1.00
2017.02.07 18:34:13.396,1.64024,1.64059,1.00,3.00
2017.02.07 18:34:14.508,1.64025,1.64059,1.00,1.50
2017.02.07 18:34:15.019,1.64023,1.64056,1.00,1.12
2017.02.07 18:34:15.649,1.64022,1.64056,1.00,1.50
2017.02.07 18:34:15.952,1.64022,1.64054,1.00,1.75
2017.02.07 18:34:16.002,1.64022,1.64054,1.00,2.25
2017.02.07 18:34:16.154,1.64018,1.64054,2.25,2.62
2017.02.07 18:34:16.306,1.64016,1.64052,1.00,1.87
2017.02.07 18:34:16.610,1.64009,1.64044,1.12,1.87
2017.02.07 18:34:17.187,1.64008,1.64044,1.00,2.25
2017.02.07 18:34:17.801,1.64009,1.64044,1.00,2.25
2017.02.07 18:34:18.925,1.64011,1.64044,1.00,2.25
2017.02.07 18:34:19.228,1.64011,1.64044,2.25,1.00
2017.02.07 18:34:19.840,1.64011,1.64048,2.25,1.12
2017.02.07 18:34:20.093,1.64011,1.64044,2.25,1.00
2017.02.07 18:34:20.295,1.64011,1.64044,1.12,1.12
2017.02.07 18:34:20.578,1.64011,1.64044,1.00,1.50
2017.02.07 18:34:21.111,1.6401,1.64044,1.00,1.50
2017.02.07 18:34:21.415,1.64004,1.64033,1.75,1.00
2017.02.07 18:34:22.104,1.64003,1.64034,2.25,1.00
2017.02.07 18:34:22.774,1.64003,1.64033,1.75,1.00
2017.02.07 18:34:23.000,1.64003,1.64033,1.00,1.00
2017.02.07 18:34:24.102,1.64003,1.64034,1.00,1.00
2017.02.07 18:34:24.651,1.64003,1.64033,1.00,1.00
2017.02.07 18:34:26.250,1.64002,1.64033,1.12,1.00
2017.02.07 18:34:30.739,1.63999,1.64034,1.75,1.12
2017.02.07 18:34:34.596,1.64001,1.64034,1.37,1.87
2017.02.07 18:34:34.647,1.63998,1.64034,1.37,2.25
2017.02.07 18:34:34.698,1.63998,1.64034,1.00,3.37
2017.02.07 18:34:36.209,1.63998,1.64033,1.00,1.00
2017.02.07 18:34:36.260,1.63996,1.64028,1.12,1.00
2017.02.07 18:34:36.563,1.63991,1.64023,1.00,1.00
2017.02.07 18:34:36.866,1.63991,1.64018,1.00,1.00
2017.02.07 18:34:38.629,1.6399,1.64023,1.00,1.00
2017.02.07 18:34:41.877,1.6399,1.64019,1.50,1.00
2017.02.07 18:34:43.714,1.6399,1.64018,1.50,1.00
2017.02.07 18:34:45.149,1.63994,1.64023,1.00,1.00
2017.02.07 18:34:45.200,1.63991,1.64023,1.00,1.00
2017.02.07 18:34:45.713,1.63992,1.64024,1.00,1.00
2017.02.07 18:34:47.984,1.6399,1.64024,1.50,1.00
2017.02.07 18:34:49.478,1.63989,1.64023,1.00,1.00
2017.02.07 18:34:53.937,1.63989,1.64024,1.00,1.00
2017.02.07 18:34:54.997,1.63989,1.64024,1.00,1.37
2017.02.07 18:34:55.474,1.63989,1.64024,1.00,1.75
2017.02.07 18:35:00.133,1.6399,1.64024,1.00,1.75
2017.02.07 18:35:00.184,1.63988,1.64024,2.25,3.00
2017.02.07 18:35:00.687,1.63987,1.64023,1.00,1.75
2017.02.07 18:35:02.324,1.6399,1.64023,1.00,1.75
2017.02.07 18:35:02.475,1.6399,1.64024,2.25,1.75
2017.02.07 18:35:02.627,1.6399,1.64024,1.50,1.37
2017.02.07 18:35:03.793,1.63991,1.64024,1.00,1.37
2017.02.07 18:35:04.409,1.6399,1.64023,1.00,1.50
2017.02.07 18:35:04.952,1.63989,1.64023,1.00,2.25
2017.02.07 18:35:05.449,1.63989,1.64018,1.00,1.00
2017.02.07 18:35:05.972,1.63988,1.64018,1.00,1.00
2017.02.07 18:35:06.643,1.63988,1.64023,1.00,1.37
2017.02.07 18:35:07.316,1.63988,1.64018,1.00,1.00
2017.02.07 18:35:08.011,1.6399,1.64018,1.00,1.00
2017.02.07 18:35:08.416,1.63989,1.64024,1.00,2.25
2017.02.07 18:35:08.946,1.63991,1.64024,1.00,1.50
2017.02.07 18:35:09.262,1.63992,1.64023,1.87,1.00
2017.02.07 18:35:09.764,1.63991,1.64024,1.37,1.00
2017.02.07 18:35:09.815,1.63991,1.64024,1.00,1.00
2017.02.07 18:35:15.196,1.63991,1.64022,1.00,1.00
2017.02.07 18:35:15.922,1.63989,1.64022,2.25,1.00
2017.02.07 18:35:16.457,1.6399,1.64021,1.00,1.00
2017.02.07 18:35:18.345,1.63989,1.64021,1.00,1.00
2017.02.07 18:35:22.615,1.63989,1.64022,1.00,1.00
2017.02.07 18:35:29.100,1.63989,1.64022,1.00,1.37
2017.02.07 18:35:36.117,1.6399,1.64021,1.00,1.37
2017.02.07 18:35:36.622,1.63989,1.64023,1.12,3.00
2017.02.07 18:35:37.297,1.63989,1.64018,1.12,1.00
2017.02.07 18:35:38.034,1.63986,1.64016,1.12,1.00
2017.02.07 18:35:38.085,1.63986,1.64013,1.12,1.00
2017.02.07 18:35:38.136,1.63982,1.64013,1.50,1.00
2017.02.07 18:35:38.287,1.63982,1.64013,2.25,1.75
2017.02.07 18:35:38.439,1.63985,1.64013,1.75,1.00
2017.02.07 18:35:39.852,1.63987,1.64018,1.12,1.12
2017.02.07 18:35:40.503,1.63986,1.64018,1.00,1.12
2017.02.07 18:35:41.008,1.63985,1.64019,1.00,3.00
2017.02.07 18:35:46.110,1.63986,1.64018,1.00,1.12
2017.02.07 18:35:46.362,1.63988,1.64023,1.00,2.25
2017.02.07 18:35:46.754,1.63989,1.64023,1.00,1.00
2017.02.07 18:35:47.028,1.63989,1.64019,1.00,1.00
2017.02.07 18:35:47.432,1.63988,1.64023,1.50,1.00
2017.02.07 18:35:47.667,1.6399,1.64023,1.00,1.00
2017.02.07 18:35:52.145,1.63992,1.64024,1.00,1.50
2017.02.07 18:35:52.196,1.6399,1.64023,1.00,1.00
2017.02.07 18:35:54.770,1.6399,1.64024,1.00,1.50
2017.02.07 18:35:54.871,1.6399,1.64023,1.00,1.37
2017.02.07 18:35:55.141,1.6399,1.64024,1.00,3.00
2017.02.07 18:35:55.728,1.6399,1.64023,1.00,1.00
2017.02.07 18:35:57.054,1.6399,1.64024,1.00,2.25
2017.02.07 18:35:57.562,1.6399,1.64023,1.00,1.00
2017.02.07 18:35:58.934,1.6399,1.64024,1.00,2.25
2017.02.07 18:35:59.440,1.6399,1.64023,1.00,1.00
2017.02.07 18:36:00.019,1.6399,1.64024,1.00,2.25
2017.02.07 18:36:01.573,1.6399,1.64023,1.00,1.00
2017.02.07 18:36:01.980,1.63987,1.64023,1.12,2.62
2017.02.07 18:36:02.082,1.63987,1.64014,1.00,1.00
2017.02.07 18:36:03.755,1.63987,1.64013,1.00,1.00
2017.02.07 18:36:05.921,1.63987,1.64014,1.00,1.00
2017.02.07 18:36:06.475,1.63986,1.64014,1.50,1.00
2017.02.07 18:36:09.425,1.63986,1.64013,1.50,1.00
2017.02.07 18:36:09.792,1.63984,1.64008,1.00,1.00
2017.02.07 18:36:09.893,1.63982,1.64008,3.00,1.00
2017.02.07 18:36:10.139,1.63983,1.64008,1.87,1.00
2017.02.07 18:36:10.740,1.63985,1.64009,1.12,1.00
2017.02.07 18:36:11.280,1.63986,1.64009,1.00,1.00
2017.02.07 18:36:12.434,1.63987,1.64009,1.00,1.00
2017.02.07 18:36:13.074,1.63986,1.64008,1.12,1.00
2017.02.07 18:36:13.377,1.63986,1.64004,1.00,1.00
2017.02.07 18:36:13.717,1.63984,1.63998,1.00,1.00
2017.02.07 18:36:13.805,1.63984,1.64003,1.00,1.00
2017.02.07 18:36:13.856,1.63985,1.64008,1.00,1.00
2017.02.07 18:36:14.260,1.63986,1.64004,1.50,1.00
2017.02.07 18:36:14.311,1.6398,1.64004,2.62,1.00
2017.02.07 18:36:14.563,1.63982,1.64008,1.50,1.00
2017.02.07 18:36:14.614,1.63984,1.64008,1.37,1.00
2017.02.07 18:36:14.706,1.63984,1.64013,1.75,1.00
2017.02.07 18:36:19.238,1.63988,1.64013,1.00,1.00
2017.02.07 18:36:19.860,1.63988,1.64014,1.00,1.00
2017.02.07 18:36:20.420,1.63988,1.64013,1.00,1.00
2017.02.07 18:36:23.457,1.63988,1.64009,1.00,1.00
2017.02.07 18:36:23.508,1.63986,1.64009,1.00,1.00
2017.02.07 18:36:24.080,1.63986,1.64008,1.00,1.00
2017.02.07 18:36:27.643,1.63987,1.64008,1.00,1.00
2017.02.07 18:36:27.849,1.6399,1.64013,1.00,1.00
2017.02.07 18:36:28.001,1.63992,1.64014,1.00,1.00
2017.02.07 18:36:28.152,1.63995,1.64018,1.00,1.00
2017.02.07 18:36:28.506,1.63997,1.64018,1.00,1.00
2017.02.07 18:36:29.014,1.63998,1.64018,1.00,1.00
2017.02.07 18:36:29.600,1.63998,1.64014,1.00,1.00
2017.02.07 18:36:29.650,1.63992,1.64013,1.75,1.00
2017.02.07 18:36:29.752,1.63992,1.64013,1.37,1.00
2017.02.07 18:36:30.455,1.63992,1.64013,1.00,1.00
2017.02.07 18:36:30.658,1.63991,1.64009,1.00,1.00
2017.02.07 18:36:32.206,1.6399,1.64009,1.87,1.00
2017.02.07 18:36:32.767,1.6399,1.64008,1.87,1.00
2017.02.07 18:36:34.711,1.63991,1.64008,1.00,1.00
2017.02.07 18:36:35.014,1.63998,1.64013,1.09,1.00
2017.02.07 18:36:35.065,1.63994,1.64018,2.96,1.00
2017.02.07 18:36:35.217,1.63998,1.64023,1.09,1.00
2017.02.07 18:36:36.061,1.63998,1.64019,1.09,1.00
2017.02.07 18:36:38.954,1.64001,1.64018,1.00,1.00
2017.02.07 18:36:39.056,1.64002,1.64029,1.12,1.00
2017.02.07 18:36:39.284,1.64003,1.64024,1.00,1.00
2017.02.07 18:36:39.486,1.64001,1.64028,2.25,1.00
2017.02.07 18:36:39.537,1.64001,1.64024,2.25,1.00
2017.02.07 18:36:39.638,1.64001,1.64023,1.00,1.00
2017.02.07 18:36:39.841,1.64001,1.64018,1.00,1.00
2017.02.07 18:36:41.041,1.64,1.64023,1.00,1.00
2017.02.07 18:36:41.244,1.63999,1.64018,1.50,1.00
2017.02.07 18:36:41.768,1.64,1.64019,1.00,1.00
2017.02.07 18:36:41.953,1.63998,1.64019,1.12,1.00
2017.02.07 18:36:42.540,1.63997,1.64018,1.00,1.00
2017.02.07 18:36:42.719,1.63997,1.64014,1.00,1.00
2017.02.07 18:36:42.963,1.63997,1.64019,1.00,1.00
2017.02.07 18:36:43.165,1.63999,1.64019,1.00,1.00
2017.02.07 18:36:43.721,1.63999,1.64019,1.37,1.00
2017.02.07 18:36:43.772,1.64,1.64029,1.37,1.12
2017.02.07 18:36:44.315,1.64002,1.64028,1.12,1.00
2017.02.07 18:36:44.560,1.64002,1.64023,1.00,1.00
2017.02.07 18:36:44.727,1.64006,1.64033,1.87,1.00
2017.02.07 18:36:44.778,1.64008,1.64033,1.50,1.00
2017.02.07 18:36:44.930,1.64015,1.64043,1.75,1.12
2017.02.07 18:36:45.049,1.64015,1.64043,1.00,1.00
2017.02.07 18:36:45.100,1.64017,1.64043,1.00,1.00
2017.02.07 18:36:45.465,1.64018,1.64048,1.50,1.00
2017.02.07 18:36:45.695,1.6402,1.64048,1.00,1.00
2017.02.07 18:36:45.998,1.6402,1.64043,1.00,1.00
2017.02.07 18:36:46.301,1.64018,1.64033,1.00,1.00
2017.02.07 18:36:46.453,1.64015,1.64034,1.00,1.00
2017.02.07 18:36:46.655,1.64009,1.64028,2.25,1.00
2017.02.07 18:36:46.756,1.64007,1.64034,1.87,1.00
2017.02.07 18:36:46.857,1.64008,1.64034,1.00,1.00
2017.02.07 18:36:46.908,1.64009,1.64034,1.37,1.00
2017.02.07 18:36:47.161,1.64011,1.64039,1.00,1.00
2017.02.07 18:36:47.313,1.64013,1.64039,1.00,1.00
2017.02.07 18:36:47.856,1.64012,1.64038,1.00,1.00
2017.02.07 18:36:48.264,1.64013,1.64034,1.50,1.00
2017.02.07 18:36:48.522,1.64014,1.64039,1.12,1.00
2017.02.07 18:36:48.623,1.64016,1.64039,1.00,1.00
2017.02.07 18:36:49.128,1.64017,1.64039,1.00,1.00
2017.02.07 18:36:49.330,1.64022,1.64048,1.50,1.00
2017.02.07 18:36:49.381,1.64026,1.64048,1.00,1.00
2017.02.07 18:36:49.534,1.64024,1.64049,1.00,1.00
2017.02.07 18:36:49.813,1.64022,1.64044,1.00,1.00
2017.02.07 18:36:50.318,1.64022,1.64043,1.00,1.00
2017.02.07 18:36:53.556,1.64024,1.64049,1.00,1.00
2017.02.07 18:36:53.657,1.64024,1.64048,1.75,1.00
2017.02.07 18:36:53.758,1.64027,1.64054,1.12,1.00
2017.02.07 18:36:54.263,1.64026,1.64048,1.00,1.00
2017.02.07 18:36:54.603,1.64028,1.64049,1.00,1.00
2017.02.07 18:36:54.987,1.64024,1.64048,1.00,1.00
2017.02.07 18:36:55.490,1.64025,1.64048,1.00,1.00
2017.02.07 18:36:56.041,1.64027,1.64048,1.00,1.00
2017.02.07 18:36:56.220,1.64027,1.64054,2.62,1.00
2017.02.07 18:36:56.371,1.6403,1.64054,1.37,1.00
2017.02.07 18:36:56.884,1.6403,1.64054,1.87,1.00
2017.02.07 18:36:57.205,1.64032,1.64054,1.00,1.00
2017.02.07 18:36:58.731,1.64033,1.64054,1.00,1.00
2017.02.07 18:36:59.722,1.64032,1.64054,1.00,1.00
2017.02.07 18:36:59.774,1.6403,1.64053,1.87,1.00
2017.02.07 18:36:59.825,1.6403,1.64049,1.12,1.00
2017.02.07 18:36:59.926,1.64028,1.64058,1.75,1.00
2017.02.07 18:37:00.035,1.6403,1.64053,1.00,1.00
2017.02.07 18:37:00.554,1.64029,1.64054,1.37,1.00
2017.02.07 18:37:02.420,1.64028,1.64053,3.00,1.00
2017.02.07 18:37:05.890,1.64028,1.64058,2.25,1.00
2017.02.07 18:37:07.116,1.64028,1.64053,2.25,1.00
2017.02.07 18:37:07.659,1.64029,1.64054,1.87,1.00
2017.02.07 18:37:07.929,1.64029,1.64059,1.37,1.00
2017.02.07 18:37:08.031,1.64029,1.64049,1.37,1.00
2017.02.07 18:37:08.359,1.64026,1.64044,1.50,1.00
2017.02.07 18:37:08.662,1.64028,1.64044,1.00,1.00
2017.02.07 18:37:09.975,1.64026,1.64044,2.25,1.00
2017.02.07 18:37:10.346,1.64026,1.64049,1.00,1.00
2017.02.07 18:37:10.397,1.64023,1.64049,2.25,1.00
2017.02.07 18:37:10.447,1.64023,1.64043,1.12,1.00
2017.02.07 18:37:10.750,1.64019,1.64044,1.50,1.00
2017.02.07 18:37:11.205,1.64021,1.64049,1.50,1.00
2017.02.07 18:37:11.306,1.64023,1.64049,1.37,1.00
2017.02.07 18:37:11.458,1.64022,1.64053,1.87,1.00
2017.02.07 18:37:11.995,1.64024,1.64054,1.00,1.00
2017.02.07 18:37:12.248,1.64026,1.64054,1.00,1.00
2017.02.07 18:37:12.450,1.64028,1.64059,1.12,1.00
2017.02.07 18:37:12.703,1.64026,1.64059,2.62,1.00
2017.02.07 18:37:12.854,1.64027,1.64053,1.00,1.00
2017.02.07 18:37:12.985,1.64028,1.64058,1.00,1.00
2017.02.07 18:37:13.187,1.64028,1.64054,1.12,1.00
2017.02.07 18:37:13.766,1.64029,1.64054,1.50,1.00
2017.02.07 18:37:14.060,1.64028,1.64059,1.12,1.00
2017.02.07 18:37:14.225,1.64026,1.64054,2.62,1.00
2017.02.07 18:37:14.732,1.64027,1.64053,1.37,1.00
2017.02.07 18:37:15.086,1.64026,1.64053,3.00,1.00
2017.02.07 18:37:15.599,1.64026,1.64054,3.00,1.00
2017.02.07 18:37:16.111,1.64027,1.64054,1.50,1.00
2017.02.07 18:37:17.122,1.64027,1.64053,1.50,1.00
2017.02.07 18:37:17.843,1.64026,1.64049,1.12,1.00
2017.02.07 18:37:17.894,1.64022,1.64049,3.00,1.00
2017.02.07 18:37:18.079,1.64022,1.64043,2.25,1.00
2017.02.07 18:37:18.742,1.64023,1.64043,1.00,1.00
2017.02.07 18:37:19.330,1.64022,1.64043,1.50,1.00
2017.02.07 18:37:23.521,1.64023,1.64054,1.50,1.00
2017.02.07 18:37:23.612,1.64027,1.64054,1.00,1.00
2017.02.07 18:37:23.915,1.64023,1.64049,1.87,1.00
2017.02.07 18:37:26.810,1.64022,1.64048,1.50,1.00
2017.02.07 18:37:27.113,1.64018,1.64039,1.50,1.00
2017.02.07 18:37:27.164,1.64018,1.64044,1.50,1.00
2017.02.07 18:37:32.990,1.64016,1.64044,1.50,1.00
2017.02.07 18:37:33.532,1.64017,1.64044,1.00,1.00
2017.02.07 18:37:33.748,1.64017,1.64039,1.00,1.00
2017.02.07 18:37:34.310,1.64018,1.64039,1.00,1.00
2017.02.07 18:37:35.432,1.6402,1.64039,1.00,1.00
2017.02.07 18:37:37.631,1.64018,1.64039,1.00,1.00
2017.02.07 18:37:39.842,1.64019,1.64039,1.00,1.00
2017.02.07 18:37:40.581,1.64019,1.64044,1.00,1.00
2017.02.07 18:37:41.107,1.64019,1.64043,1.00,1.00
2017.02.07 18:37:42.438,1.64019,1.64044,1.00,1.00
2017.02.07 18:37:44.226,1.64019,1.64043,1.00,1.00
2017.02.07 18:37:46.651,1.6402,1.64043,1.00,1.00
2017.02.07 18:37:47.694,1.64017,1.64043,1.50,1.00
2017.02.07 18:37:47.745,1.64016,1.64033,2.25,1.00
2017.02.07 18:37:47.872,1.64016,1.64038,2.25,1.00
2017.02.07 18:37:47.923,1.64009,1.64038,2.25,1.00
2017.02.07 18:37:47.974,1.64009,1.64034,2.62,1.00
2017.02.07 18:37:48.025,1.64009,1.64034,2.62,1.00
2017.02.07 18:37:48.076,1.64013,1.64034,1.00,1.00
2017.02.07 18:37:48.380,1.64016,1.64033,1.50,1.00
2017.02.07 18:37:48.892,1.64017,1.64033,1.00,1.00
2017.02.07 18:37:49.123,1.64017,1.64043,1.37,1.00
2017.02.07 18:37:49.363,1.64017,1.64039,1.37,1.00
2017.02.07 18:37:50.150,1.64019,1.64039,1.00,1.00
2017.02.07 18:37:51.041,1.64019,1.64038,1.00,1.00
2017.02.07 18:37:52.023,1.64021,1.64038,1.00,1.00
2017.02.07 18:37:53.820,1.64019,1.64038,1.00,1.00
2017.02.07 18:37:54.342,1.64017,1.64038,1.37,1.00
2017.02.07 18:37:55.210,1.64019,1.64038,1.00,1.00
2017.02.07 18:37:55.412,1.64019,1.64043,1.37,1.00
2017.02.07 18:37:55.463,1.64019,1.64048,1.75,1.00
2017.02.07 18:37:55.514,1.64018,1.64048,1.87,1.00
2017.02.07 18:37:55.565,1.64018,1.64038,1.50,1.00
2017.02.07 18:37:55.666,1.64018,1.64043,1.87,1.00
2017.02.07 18:37:55.818,1.64019,1.64038,1.50,1.00
2017.02.07 18:37:55.868,1.6402,1.64044,1.00,1.00
2017.02.07 18:37:56.393,1.6402,1.64043,1.50,1.00
2017.02.07 18:37:56.517,1.6402,1.64038,1.50,1.00
2017.02.07 18:37:56.870,1.64018,1.64044,1.00,1.00
2017.02.07 18:37:56.921,1.6402,1.64048,1.09,1.00
2017.02.07 18:37:57.024,1.64018,1.64044,1.37,1.00
2017.02.07 18:37:57.176,1.64022,1.64049,2.62,1.00
2017.02.07 18:37:57.631,1.64023,1.64043,1.00,1.00
2017.02.07 18:37:58.048,1.64019,1.64048,1.75,1.00
2017.02.07 18:37:58.585,1.64023,1.64049,1.00,1.00
2017.02.07 18:37:59.470,1.64023,1.64048,1.00,1.00
2017.02.07 18:37:59.723,1.64019,1.64043,1.75,1.00
2017.02.07 18:38:00.135,1.64012,1.64038,1.50,1.00
2017.02.07 18:38:00.873,1.64013,1.64038,1.00,1.00
2017.02.07 18:38:02.158,1.64011,1.64038,1.12,1.00
2017.02.07 18:38:02.778,1.64012,1.64038,1.00,1.00
2017.02.07 18:38:02.948,1.64012,1.64034,1.00,1.00
2017.02.07 18:38:03.452,1.64012,1.64033,1.00,1.00
2017.02.07 18:38:03.972,1.64012,1.64034,1.00,1.00
2017.02.07 18:38:04.022,1.64012,1.64038,1.00,1.00
2017.02.07 18:38:06.073,1.6401,1.64038,1.50,1.00
2017.02.07 18:38:07.030,1.6401,1.64034,1.50,1.00
2017.02.07 18:38:07.554,1.6401,1.64033,1.50,1.00
2017.02.07 18:38:08.739,1.64011,1.64034,1.12,1.00
2017.02.07 18:38:09.046,1.64013,1.64038,2.25,1.00
2017.02.07 18:38:09.568,1.64014,1.64039,1.50,1.00
2017.02.07 18:38:11.445,1.64014,1.64038,1.50,1.00
2017.02.07 18:38:12.156,1.64016,1.64043,1.12,1.00
2017.02.07 18:38:12.667,1.64017,1.64044,1.00,1.00
2017.02.07 18:38:12.820,1.64019,1.64044,1.00,1.00
2017.02.07 18:38:15.054,1.64016,1.64039,1.12,1.00
2017.02.07 18:38:15.614,1.64015,1.64038,1.00,1.00
2017.02.07 18:38:16.343,1.64014,1.64039,1.00,1.00
2017.02.07 18:38:16.673,1.64013,1.64033,1.00,1.00
2017.02.07 18:38:17.418,1.64012,1.64033,1.00,1.00
2017.02.07 18:38:18.017,1.64013,1.64033,1.00,1.00
2017.02.07 18:38:18.828,1.64014,1.64038,1.00,1.00
2017.02.07 18:38:20.628,1.64017,1.64039,1.00,1.00
2017.02.07 18:38:20.881,1.6402,1.64044,1.00,1.00
2017.02.07 18:38:20.932,1.6402,1.64038,1.00,1.00
2017.02.07 18:38:21.436,1.64019,1.64038,1.50,1.00
2017.02.07 18:38:22.425,1.64018,1.64038,1.00,1.00
2017.02.07 18:38:22.526,1.64016,1.64038,1.12,1.00
2017.02.07 18:38:23.218,1.64016,1.64039,1.12,1.00
2017.02.07 18:38:25.824,1.64016,1.64044,1.12,1.00
2017.02.07 18:38:25.875,1.64019,1.64044,1.00,1.00
2017.02.07 18:38:27.474,1.64017,1.64044,1.00,1.00
2017.02.07 18:38:29.971,1.64019,1.64044,1.00,1.00
2017.02.07 18:38:30.581,1.64018,1.64044,1.00,1.00
2017.02.07 18:38:32.350,1.64019,1.64044,1.00,1.00
2017.02.07 18:38:32.401,1.64021,1.64049,1.87,1.00
2017.02.07 18:38:32.452,1.64022,1.64054,4.09,1.50
2017.02.07 18:38:32.503,1.64023,1.64054,1.09,1.00
2017.02.07 18:38:32.553,1.64022,1.64048,2.96,1.00
2017.02.07 18:38:32.655,1.64024,1.64054,1.00,1.00
2017.02.07 18:38:32.756,1.64022,1.64048,1.00,1.00
2017.02.07 18:38:32.857,1.64026,1.64053,1.87,1.00
2017.02.07 18:38:32.908,1.64029,1.64053,1.00,1.00
2017.02.07 18:38:33.854,1.6403,1.64053,1.00,1.00
2017.02.07 18:38:36.626,1.64029,1.64053,1.00,1.00
2017.02.07 18:38:36.929,1.64032,1.64054,1.00,1.00
2017.02.07 18:38:37.291,1.6403,1.64054,1.50,1.00
2017.02.07 18:38:37.543,1.64027,1.64054,1.00,1.00
2017.02.07 18:38:37.745,1.64029,1.64054,1.00,1.00
2017.02.07 18:38:38.940,1.6403,1.64054,1.00,1.00
2017.02.07 18:38:39.957,1.64029,1.64054,1.00,1.00
2017.02.07 18:38:40.475,1.6403,1.64054,1.00,1.00
2017.02.07 18:38:42.653,1.6403,1.64048,1.00,1.00
2017.02.07 18:38:43.154,1.64029,1.64049,1.50,1.00
2017.02.07 18:38:43.205,1.64027,1.64049,1.00,1.00
2017.02.07 18:38:48.192,1.64028,1.64049,1.00,1.00
2017.02.07 18:38:48.734,1.64025,1.64049,1.37,1.00
2017.02.07 18:38:48.835,1.64025,1.64044,1.37,1.00
2017.02.07 18:38:49.044,1.64025,1.64048,1.00,1.00
2017.02.07 18:38:49.347,1.64028,1.64048,1.00,1.00
2017.02.07 18:38:49.448,1.64028,1.64053,1.00,1.00
2017.02.07 18:38:49.600,1.64028,1.64049,1.00,1.00
2017.02.07 18:38:51.050,1.64028,1.64054,1.00,1.00
2017.02.07 18:38:51.203,1.6403,1.64054,1.00,1.00
2017.02.07 18:38:51.712,1.64031,1.64054,1.00,1.00
2017.02.07 18:38:52.615,1.64031,1.64059,1.00,1.37
2017.02.07 18:38:52.716,1.64031,1.64059,1.00,1.00
2017.02.07 18:38:53.243,1.64031,1.64058,1.00,1.00
2017.02.07 18:38:58.126,1.6403,1.64054,1.00,1.00
2017.02.07 18:38:58.177,1.64028,1.64054,1.50,1.00
2017.02.07 18:38:58.828,1.64029,1.64053,1.00,1.00
2017.02.07 18:38:59.603,1.64028,1.64053,1.00,1.00
2017.02.07 18:39:01.657,1.64028,1.64054,1.00,1.00
2017.02.07 18:39:01.808,1.6403,1.64054,1.00,1.00
2017.02.07 18:39:04.389,1.6403,1.64053,1.00,1.00
2017.02.07 18:39:07.357,1.64029,1.64053,1.00,1.00
2017.02.07 18:39:07.908,1.64029,1.64054,1.00,1.00
2017.02.07 18:39:08.773,1.64028,1.64054,1.00,1.00
2017.02.07 18:39:09.230,1.6403,1.64054,1.00,1.00
2017.02.07 18:39:10.179,1.64027,1.64054,1.50,1.00
2017.02.07 18:39:11.826,1.64028,1.64054,1.00,1.00
2017.02.07 18:39:12.638,1.64028,1.64053,1.00,1.00
2017.02.07 18:39:13.352,1.64028,1.64049,1.00,1.00
2017.02.07 18:39:13.859,1.64027,1.64049,1.00,1.00
2017.02.07 18:39:14.390,1.64027,1.64048,1.00,1.00
2017.02.07 18:39:24.522,1.64047,1.64063,1.00,2.62
2017.02.07 18:39:25.036,1.64049,1.64062,1.00,1.50
2017.02.07 18:39:25.699,1.64049,1.64061,1.00,1.37
2017.02.07 18:39:26.003,1.64058,1.64062,1.00,1.00
2017.02.07 18:39:26.054,1.64056,1.6406,1.00,1.00
2017.02.07 18:39:26.620,1.64055,1.6406,1.00,1.00
2017.02.07 18:39:27.157,1.64056,1.6406,1.00,1.00
2017.02.07 18:39:27.360,1.64055,1.64059,1.00,1.00
2017.02.07 18:39:27.562,1.64055,1.64059,1.00,1.00
2017.02.07 18:39:27.663,1.64044,1.64049,1.00,1.00
2017.02.07 18:39:28.421,1.64039,1.64043,1.00,1.00
2017.02.07 18:39:28.870,1.64049,1.64053,1.00,1.00
2017.02.07 18:39:29.349,1.64048,1.64053,1.00,1.00
2017.02.07 18:39:29.450,1.64048,1.64052,1.00,1.00
2017.02.07 18:39:29.602,1.64047,1.64055,1.00,1.00
2017.02.07 18:39:30.134,1.6405,1.64055,1.00,1.00
2017.02.07 18:39:30.286,1.64041,1.64047,1.00,1.00
2017.02.07 18:39:30.337,1.64047,1.64052,1.00,1.00
2017.02.07 18:39:30.438,1.64046,1.64052,1.00,1.00
2017.02.07 18:39:30.489,1.64036,1.64043,1.00,1.00
2017.02.07 18:39:30.540,1.64047,1.64053,1.00,1.50
2017.02.07 18:39:30.641,1.64035,1.64043,1.00,1.00
2017.02.07 18:39:30.793,1.6404,1.64046,1.00,1.00
2017.02.07 18:39:31.296,1.64041,1.64047,1.00,1.00
2017.02.07 18:39:31.839,1.64038,1.64046,1.00,1.00
2017.02.07 18:39:32.174,1.6405,1.64058,1.00,1.50
2017.02.07 18:39:32.549,1.64049,1.64053,1.00,1.00
2017.02.07 18:39:32.651,1.64048,1.64052,1.00,1.00
2017.02.07 18:39:32.701,1.6404,1.64047,1.00,1.00
2017.02.07 18:39:32.752,1.64047,1.64052,1.00,1.00
2017.02.07 18:39:33.442,1.64048,1.64054,1.00,1.00
2017.02.07 18:39:33.846,1.64041,1.64048,1.00,1.00
2017.02.07 18:39:33.897,1.64048,1.64052,1.00,1.00
2017.02.07 18:39:33.999,1.64049,1.64054,1.00,1.00
2017.02.07 18:39:34.612,1.64048,1.64054,1.00,1.00
2017.02.07 18:39:34.814,1.64049,1.64053,1.00,1.00
2017.02.07 18:39:35.754,1.64049,1.64053,1.00,1.00
2017.02.07 18:39:36.057,1.6404,1.64044,1.00,1.00
2017.02.07 18:39:36.594,1.64049,1.64053,1.00,1.00
2017.02.07 18:39:37.303,1.64048,1.64052,1.00,1.00
2017.02.07 18:39:37.556,1.64042,1.64046,1.00,1.00
2017.02.07 18:39:37.840,1.64042,1.64048,1.00,1.00
2017.02.07 18:39:38.380,1.64043,1.64048,1.00,1.00
2017.02.07 18:39:39.029,1.64029,1.64048,1.00,1.00
2017.02.07 18:39:39.130,1.64022,1.64048,1.00,1.00
2017.02.07 18:39:48.239,1.64025,1.64049,1.00,1.00
2017.02.07 18:39:48.572,1.6402,1.64044,1.87,1.00
2017.02.07 18:39:49.071,1.64022,1.64049,1.00,1.00
2017.02.07 18:39:49.576,1.64022,1.64048,1.50,1.00
2017.02.07 18:39:49.627,1.64025,1.64048,1.00,1.00
2017.02.07 18:39:50.717,1.64025,1.64049,1.50,1.00
2017.02.07 18:39:52.687,1.64025,1.64044,1.00,1.00
2017.02.07 18:39:52.839,1.64018,1.64038,1.00,1.00
2017.02.07 18:39:53.829,1.64018,1.64039,1.50,1.00
2017.02.07 18:39:54.745,1.64023,1.64043,1.00,1.00
2017.02.07 18:39:54.846,1.64024,1.64048,1.00,1.00
2017.02.07 18:39:55.649,1.64024,1.64044,1.00,1.00
2017.02.07 18:40:00.546,1.64025,1.64044,1.50,1.00
2017.02.07 18:40:01.192,1.64025,1.64049,1.00,1.00
2017.02.07 18:40:04.423,1.64027,1.64049,1.00,1.00
2017.02.07 18:40:08.574,1.64026,1.64049,1.00,1.00
2017.02.07 18:40:10.417,1.64025,1.64049,1.50,1.00
2017.02.07 18:40:10.761,1.64011,1.64028,1.75,1.00
2017.02.07 18:40:10.811,1.64011,1.64028,1.37,1.00
2017.02.07 18:40:10.862,1.64008,1.64029,1.00,1.00
2017.02.07 18:40:11.434,1.64009,1.64029,1.00,1.00
2017.02.07 18:40:11.636,1.6401,1.64034,1.50,1.00
2017.02.07 18:40:11.687,1.64011,1.64034,1.50,1.00
2017.02.07 18:40:11.839,1.64015,1.64038,1.00,1.00
2017.02.07 18:40:11.940,1.64015,1.64034,1.00,1.00
2017.02.07 18:40:12.162,1.64013,1.64033,1.00,1.00
2017.02.07 18:40:12.679,1.64013,1.64034,1.00,1.00
2017.02.07 18:40:16.235,1.64028,1.64034,1.00,1.00
2017.02.07 18:40:16.743,1.64029,1.64034,1.00,1.00
2017.02.07 18:40:17.393,1.64028,1.64034,1.00,1.00
2017.02.07 18:40:17.696,1.64041,1.64045,1.00,1.00
2017.02.07 18:40:18.021,1.64042,1.64046,1.00,1.00
2017.02.07 18:40:18.324,1.64042,1.64046,1.00,1.00
2017.02.07 18:40:18.831,1.64041,1.64045,1.00,1.00
2017.02.07 18:40:20.641,1.6404,1.64044,1.00,1.00
2017.02.07 18:40:20.843,1.64044,1.64052,1.00,1.00
2017.02.07 18:40:21.349,1.64047,1.64053,1.00,1.00
2017.02.07 18:40:21.875,1.64037,1.64044,1.50,1.00
2017.02.07 18:40:22.235,1.64042,1.64048,1.00,1.00
2017.02.07 18:40:22.371,1.64042,1.64048,1.00,1.00
2017.02.07 18:40:22.421,1.64042,1.64046,1.00,1.00
2017.02.07 18:40:22.926,1.64041,1.64045,1.00,1.00
2017.02.07 18:40:23.451,1.6404,1.64044,1.00,1.00
2017.02.07 18:40:24.784,1.64041,1.64045,1.00,1.00
2017.02.07 18:40:25.315,1.64042,1.64046,1.00,1.00
2017.02.07 18:40:25.568,1.64042,1.64049,1.00,1.00
2017.02.07 18:40:25.763,1.64039,1.64044,1.00,1.00
2017.02.07 18:40:25.963,1.64042,1.64049,1.00,1.00
2017.02.07 18:40:26.562,1.64041,1.64049,1.00,1.00
2017.02.07 18:40:27.225,1.64034,1.64049,1.00,1.00
2017.02.07 18:40:27.427,1.64034,1.64043,1.00,1.00
2017.02.07 18:40:27.757,1.64022,1.64043,1.12,1.00
2017.02.07 18:40:30.271,1.6402,1.64043,1.50,1.00
2017.02.07 18:40:31.443,1.64021,1.64043,1.00,1.00
2017.02.07 18:40:32.508,1.6402,1.64043,1.50,1.00
2017.02.07 18:40:32.559,1.64022,1.64043,1.00,1.00
2017.02.07 18:40:32.711,1.6402,1.64043,1.12,1.00
2017.02.07 18:40:32.812,1.64022,1.64049,1.00,1.00
2017.02.07 18:40:32.863,1.64023,1.64049,1.37,1.00
2017.02.07 18:40:33.378,1.64025,1.64049,1.00,1.00
2017.02.07 18:40:33.916,1.64025,1.64048,1.00,1.00
2017.02.07 18:40:34.421,1.64023,1.64048,1.87,1.00
2017.02.07 18:40:39.148,1.64024,1.64049,1.12,1.00
2017.02.07 18:40:39.657,1.64024,1.64048,1.12,1.00
2017.02.07 18:40:41.613,1.64025,1.64048,1.00,1.00
2017.02.07 18:40:46.932,1.64025,1.64049,1.00,1.00
2017.02.07 18:40:47.221,1.64028,1.64053,1.00,1.00
2017.02.07 18:40:47.271,1.6403,1.64053,1.50,1.00
2017.02.07 18:40:47.423,1.64032,1.64058,1.00,1.00
2017.02.07 18:40:47.695,1.64034,1.64053,1.10,1.00
2017.02.07 18:40:48.201,1.64035,1.64053,1.00,1.00
2017.02.07 18:40:48.416,1.64035,1.64059,1.00,1.00
2017.02.07 18:40:49.031,1.64034,1.64059,3.00,1.00
2017.02.07 18:40:49.233,1.64032,1.64058,1.00,1.00
2017.02.07 18:40:49.434,1.64035,1.64058,1.00,1.00
2017.02.07 18:40:50.479,1.64033,1.64058,1.00,1.00
2017.02.07 18:40:51.774,1.64035,1.64058,1.00,1.00
2017.02.07 18:40:52.276,1.64035,1.64059,1.00,1.00
2017.02.07 18:40:52.478,1.64033,1.64059,1.00,1.00
2017.02.07 18:40:54.353,1.64033,1.64058,1.00,1.00
2017.02.07 18:40:55.834,1.64033,1.64059,1.00,1.00
2017.02.07 18:40:57.262,1.64033,1.64058,1.00,1.00
2017.02.07 18:40:58.190,1.64032,1.64059,1.50,1.00
2017.02.07 18:40:58.354,1.64032,1.64053,1.00,1.00
2017.02.07 18:40:58.678,1.64034,1.64053,1.00,1.00
2017.02.07 18:40:58.829,1.64034,1.64059,1.00,1.00
2017.02.07 18:40:59.529,1.64034,1.64054,1.00,1.00
2017.02.07 18:41:00.062,1.64033,1.64054,1.50,1.00
2017.02.07 18:41:00.623,1.64033,1.64054,1.50,1.00
2017.02.07 18:41:01.921,1.64033,1.64054,1.50,1.00
2017.02.07 18:41:04.253,1.64034,1.64054,1.00,1.00
2017.02.07 18:41:04.384,1.6403,1.64054,1.00,1.00
2017.02.07 18:41:04.586,1.64032,1.64054,1.00,1.00
2017.02.07 18:41:04.738,1.6403,1.64054,1.00,1.00
2017.02.07 18:41:05.034,1.64041,1.64054,1.00,1.00
2017.02.07 18:41:05.740,1.6404,1.64054,1.00,1.00
2017.02.07 18:41:06.513,1.6404,1.64048,1.00,1.00
2017.02.07 18:41:06.665,1.64032,1.64049,1.00,1.00
2017.02.07 18:41:06.716,1.64041,1.64049,1.00,1.00
2017.02.07 18:41:06.817,1.64032,1.64049,1.37,1.00
2017.02.07 18:41:06.868,1.64041,1.64049,1.00,1.00
2017.02.07 18:41:07.070,1.64031,1.64049,1.00,1.00
2017.02.07 18:41:07.122,1.64041,1.64049,1.00,1.00
2017.02.07 18:41:13.842,1.64041,1.64048,1.00,1.00
2017.02.07 18:41:14.045,1.6404,1.64063,1.00,1.12
2017.02.07 18:41:14.095,1.64051,1.64063,1.00,1.00
2017.02.07 18:41:14.197,1.64039,1.64063,2.25,1.00
2017.02.07 18:41:14.247,1.64055,1.64064,1.00,1.00
2017.02.07 18:41:14.752,1.64056,1.64063,1.00,1.00
2017.02.07 18:41:15.191,1.64042,1.64063,1.00,1.00
2017.02.07 18:41:15.241,1.64056,1.64064,1.00,1.00
2017.02.07 18:41:15.766,1.64055,1.64064,1.00,1.00
2017.02.07 18:41:16.271,1.64056,1.64064,1.00,1.00
2017.02.07 18:41:20.606,1.64057,1.64064,1.00,1.00
2017.02.07 18:41:23.943,1.64039,1.64064,1.37,1.00
2017.02.07 18:41:24.352,1.64038,1.64059,1.50,1.00
2017.02.07 18:41:24.950,1.6404,1.64058,1.50,1.00
2017.02.07 18:41:25.260,1.64042,1.64058,1.00,1.00
2017.02.07 18:41:25.463,1.64043,1.64063,1.00,1.00
2017.02.07 18:41:26.230,1.64042,1.64063,1.12,1.00
2017.02.07 18:41:26.880,1.64043,1.64063,1.00,1.00
2017.02.07 18:41:28.413,1.64041,1.64063,1.00,1.00
2017.02.07 18:41:30.916,1.64041,1.64059,1.00,1.00
2017.02.07 18:41:31.776,1.6404,1.64059,1.50,1.00
2017.02.07 18:41:32.338,1.6404,1.64063,2.25,1.00
2017.02.07 18:41:41.109,1.6404,1.64064,1.87,1.00
2017.02.07 18:41:41.815,1.6404,1.64058,1.87,1.00
2017.02.07 18:41:42.015,1.6404,1.64063,1.87,1.00
2017.02.07 18:41:42.066,1.6404,1.64058,1.00,1.00
2017.02.07 18:41:42.264,1.6404,1.64064,1.50,1.00
2017.02.07 18:41:42.490,1.6404,1.64059,1.00,1.00
2017.02.07 18:41:42.646,1.6404,1.64064,1.00,1.00
2017.02.07 18:41:43.148,1.64042,1.64059,1.00,1.00
2017.02.07 18:41:45.742,1.64042,1.64063,1.00,1.00
2017.02.07 18:41:47.315,1.64042,1.64064,1.00,1.00
2017.02.07 18:41:49.040,1.64042,1.64059,1.00,1.00
2017.02.07 18:41:49.091,1.6404,1.64059,1.00,1.00
2017.02.07 18:41:49.545,1.6404,1.64053,1.00,1.00
2017.02.07 18:41:49.747,1.64039,1.64058,1.12,1.00
2017.02.07 18:41:49.944,1.64041,1.64058,1.00,1.00
2017.02.07 18:41:50.135,1.6404,1.64064,1.34,1.00
2017.02.07 18:41:50.185,1.64043,1.64064,1.00,1.00
2017.02.07 18:41:50.462,1.64043,1.64069,1.37,1.00
2017.02.07 18:41:50.614,1.64042,1.64069,1.00,1.00
2017.02.07 18:41:50.665,1.64042,1.64064,1.00,1.00
2017.02.07 18:41:50.969,1.64038,1.64058,1.00,1.00
2017.02.07 18:41:51.550,1.64037,1.64058,1.00,1.00
2017.02.07 18:41:52.212,1.64036,1.64058,1.00,1.00
2017.02.07 18:41:52.923,1.64037,1.64058,1.00,1.00
2017.02.07 18:41:53.257,1.64039,1.64059,1.00,1.00
2017.02.07 18:41:53.358,1.64038,1.64069,2.25,1.50
2017.02.07 18:41:53.410,1.64041,1.64063,3.00,1.00
2017.02.07 18:41:53.564,1.64045,1.64069,1.00,1.00
2017.02.07 18:41:53.672,1.64043,1.64069,1.00,1.00
2017.02.07 18:41:54.211,1.64044,1.64069,1.00,1.00
2017.02.07 18:41:54.901,1.64044,1.64063,1.00,1.00
2017.02.07 18:41:55.371,1.64044,1.64069,1.00,1.00
2017.02.07 18:42:06.454,1.64044,1.64064,1.12,1.00
2017.02.07 18:42:07.030,1.64043,1.64064,1.12,1.00
2017.02.07 18:42:10.597,1.6404,1.64058,1.37,1.00
2017.02.07 18:42:10.748,1.6403,1.64054,1.00,1.00
2017.02.07 18:42:10.950,1.64028,1.64049,1.75,1.00
2017.02.07 18:42:11.052,1.64031,1.64053,1.00,1.00
2017.02.07 18:42:11.153,1.64029,1.64053,1.00,1.00
2017.02.07 18:42:11.254,1.64029,1.64048,1.37,1.00
2017.02.07 18:42:11.305,1.64027,1.64048,1.12,1.00
2017.02.07 18:42:11.457,1.64026,1.64044,1.00,1.00
2017.02.07 18:42:11.683,1.64023,1.64043,1.00,1.00
2017.02.07 18:42:12.189,1.64022,1.64043,1.00,1.00
2017.02.07 18:42:13.144,1.64021,1.64043,1.50,1.00
2017.02.07 18:42:13.647,1.64024,1.64043,1.87,1.00
2017.02.07 18:42:13.849,1.64024,1.64048,1.87,1.00
2017.02.07 18:42:14.441,1.64025,1.64048,1.12,1.00
2017.02.07 18:42:15.053,1.64026,1.64048,1.00,1.00
2017.02.07 18:42:17.251,1.64026,1.64043,1.00,1.00
2017.02.07 18:42:17.590,1.64012,1.6402,1.50,1.00
2017.02.07 18:42:17.743,1.64002,1.64019,1.37,1.00
2017.02.07 18:42:17.844,1.64001,1.64019,1.12,1.00
2017.02.07 18:42:18.121,1.64001,1.64014,1.37,1.00
2017.02.07 18:42:18.660,1.64001,1.64014,1.00,1.00
2017.02.07 18:42:18.711,1.64001,1.64019,1.00,1.00
2017.02.07 18:42:18.812,1.64003,1.64019,1.00,1.00
2017.02.07 18:42:18.863,1.64003,1.64023,1.00,1.00
2017.02.07 18:42:18.913,1.64003,1.64023,1.87,1.00
2017.02.07 18:42:19.233,1.64003,1.64018,1.00,1.00
2017.02.07 18:42:19.536,1.64,1.64014,1.12,1.00
2017.02.07 18:42:20.057,1.63999,1.64024,1.71,1.00
2017.02.07 18:42:20.260,1.64001,1.64019,1.34,1.00
2017.02.07 18:42:20.462,1.64003,1.64024,2.25,1.00
2017.02.07 18:42:20.696,1.64005,1.64024,1.00,1.00
2017.02.07 18:42:21.112,1.64003,1.64024,1.12,1.00
2017.02.07 18:42:21.364,1.64,1.64024,1.87,1.00
2017.02.07 18:42:21.415,1.64,1.64019,1.87,1.00
2017.02.07 18:42:21.768,1.64002,1.64019,1.00,1.00
2017.02.07 18:42:22.086,1.64,1.64019,1.87,1.00
2017.02.07 18:42:22.157,1.64002,1.64019,1.00,1.00
2017.02.07 18:42:23.065,1.64004,1.64023,2.62,1.00
2017.02.07 18:42:23.375,1.64008,1.64023,1.00,1.00
2017.02.07 18:42:23.527,1.64005,1.64023,1.00,1.00
2017.02.07 18:42:23.881,1.64001,1.64024,1.87,1.00
2017.02.07 18:42:24.032,1.64,1.64019,1.37,1.00
2017.02.07 18:42:24.335,1.64012,1.64019,1.00,1.00
2017.02.07 18:42:25.223,1.64012,1.6402,1.00,1.00
2017.02.07 18:42:25.274,1.64012,1.64019,1.00,1.00
2017.02.07 18:42:26.171,1.64012,1.64019,1.00,1.00
2017.02.07 18:42:26.303,1.64015,1.64023,1.00,1.00
2017.02.07 18:42:26.611,1.64013,1.64023,1.00,1.00
2017.02.07 18:42:27.153,1.64016,1.64023,1.00,1.00
2017.02.07 18:42:27.305,1.64002,1.64024,1.00,1.00
2017.02.07 18:42:27.356,1.64016,1.64024,1.00,1.00
2017.02.07 18:42:27.559,1.64021,1.64029,1.00,1.00
2017.02.07 18:42:27.610,1.64023,1.64029,1.00,1.00
2017.02.07 18:42:27.813,1.64017,1.64029,1.00,1.00
2017.02.07 18:42:27.864,1.64031,1.64035,1.00,1.00
2017.02.07 18:42:27.965,1.64029,1.64033,1.00,1.00
2017.02.07 18:42:28.016,1.64024,1.64028,1.00,1.00
2017.02.07 18:42:28.205,1.6401,1.64028,1.37,1.00
2017.02.07 18:42:28.307,1.64029,1.64034,1.00,1.00
2017.02.07 18:42:28.662,1.64027,1.64034,1.00,1.00
2017.02.07 18:42:28.713,1.64024,1.64028,1.00,1.00
2017.02.07 18:42:29.017,1.64016,1.64023,1.00,1.00
2017.02.07 18:42:29.227,1.64001,1.64028,1.00,1.50
2017.02.07 18:42:29.278,1.6402,1.64028,1.00,1.00
2017.02.07 18:42:30.057,1.64004,1.64028,1.50,1.00
2017.02.07 18:42:31.102,1.64002,1.64028,1.37,1.00
2017.02.07 18:42:31.409,1.64002,1.64024,1.00,1.00
2017.02.07 18:42:31.841,1.64003,1.64019,1.50,1.00
2017.02.07 18:42:32.472,1.64003,1.64023,1.50,1.00
2017.02.07 18:42:32.523,1.64003,1.64018,1.00,1.00
2017.02.07 18:42:32.573,1.64001,1.64018,1.50,1.00
2017.02.07 18:42:32.675,1.63999,1.64018,1.00,1.00
2017.02.07 18:42:32.726,1.63997,1.64014,1.00,1.00
2017.02.07 18:42:32.877,1.63994,1.64014,1.12,1.00
2017.02.07 18:42:32.928,1.63994,1.64008,1.12,1.00
2017.02.07 18:42:32.979,1.6399,1.64008,1.00,1.00
2017.02.07 18:42:33.030,1.63988,1.64008,1.50,1.00
2017.02.07 18:42:33.516,1.6399,1.64008,1.00,1.00
2017.02.07 18:42:33.567,1.6399,1.64013,1.00,1.00
2017.02.07 18:42:33.668,1.63996,1.64013,1.00,1.00
2017.02.07 18:42:33.769,1.64,1.64023,2.25,1.50
2017.02.07 18:42:33.870,1.64001,1.64024,1.00,1.00
2017.02.07 18:42:34.123,1.64004,1.64024,1.00,1.00
2017.02.07 18:42:34.376,1.63994,1.64019,3.75,1.00
2017.02.07 18:42:34.477,1.63994,1.64018,1.00,1.00
2017.02.07 18:42:35.033,1.63999,1.64024,1.00,1.00
2017.02.07 18:42:35.115,1.64002,1.64024,1.00,1.00
2017.02.07 18:42:35.462,1.64,1.64024,1.12,1.00
2017.02.07 18:42:35.615,1.64,1.64018,1.00,1.00
2017.02.07 18:42:36.034,1.64,1.64014,1.00,1.00
2017.02.07 18:42:36.136,1.63993,1.64014,2.25,1.00
2017.02.07 18:42:36.238,1.63994,1.64009,1.75,1.00
2017.02.07 18:42:36.289,1.63989,1.64009,1.00,1.00
2017.02.07 18:42:36.518,1.63987,1.64008,1.12,1.00
2017.02.07 18:42:36.569,1.63989,1.64008,1.00,1.00
2017.02.07 18:42:37.092,1.6399,1.64008,1.00,1.00
2017.02.07 18:42:37.615,1.6399,1.64009,1.00,1.00
2017.02.07 18:42:38.133,1.6399,1.64008,1.00,1.00
2017.02.07 18:42:38.659,1.63988,1.64009,1.00,1.00
2017.02.07 18:42:39.161,1.63987,1.64009,1.87,1.00
2017.02.07 18:42:39.743,1.63988,1.64009,1.00,1.00
2017.02.07 18:42:39.895,1.63989,1.64014,1.50,1.00
2017.02.07 18:42:40.005,1.63989,1.64004,1.50,1.00
2017.02.07 18:42:40.174,1.63981,1.64004,1.75,1.00
2017.02.07 18:42:40.270,1.6398,1.63999,1.50,1.00
2017.02.07 18:42:40.321,1.6398,1.64004,1.50,1.00
2017.02.07 18:42:40.422,1.6398,1.64009,1.50,1.50
2017.02.07 18:42:40.473,1.63981,1.64009,1.12,1.00
2017.02.07 18:42:40.984,1.63984,1.64009,1.00,1.00
2017.02.07 18:42:41.510,1.63985,1.64009,1.00,1.00
2017.02.07 18:42:42.221,1.63984,1.64009,1.50,1.00
2017.02.07 18:42:43.343,1.63984,1.64013,1.00,1.00
2017.02.07 18:42:43.395,1.63982,1.64013,1.50,1.00
2017.02.07 18:42:43.647,1.63984,1.64013,1.00,1.00
2017.02.07 18:42:43.985,1.63992,1.64018,1.12,1.50
2017.02.07 18:42:44.301,1.63993,1.64018,1.37,1.00
2017.02.07 18:42:45.153,1.64003,1.64019,1.37,1.00
2017.02.07 18:42:45.252,1.64005,1.64033,1.12,3.37
2017.02.07 18:42:45.303,1.64009,1.64033,1.00,1.37
2017.02.07 18:42:45.354,1.64015,1.64034,1.00,1.50
2017.02.07 18:42:45.405,1.64009,1.64034,1.12,1.00
2017.02.07 18:42:45.608,1.64011,1.64034,1.87,1.00
2017.02.07 18:42:46.153,1.6401,1.64034,1.00,1.00
2017.02.07 18:42:46.255,1.6401,1.64028,1.00,1.00
2017.02.07 18:42:46.457,1.64012,1.64034,1.50,1.00
2017.02.07 18:42:46.508,1.64014,1.64034,1.00,1.00
2017.02.07 18:42:46.912,1.6401,1.64033,1.00,1.00
2017.02.07 18:42:46.962,1.6401,1.64023,1.00,1.00
2017.02.07 18:42:47.013,1.64007,1.64023,1.00,1.00
2017.02.07 18:42:47.535,1.64008,1.64023,1.00,1.00
2017.02.07 18:42:48.150,1.64008,1.64028,1.50,1.00
2017.02.07 18:42:48.202,1.64012,1.64034,1.50,1.00
2017.02.07 18:42:48.253,1.64014,1.64033,1.50,1.00
2017.02.07 18:42:48.610,1.64017,1.64033,1.50,1.00
2017.02.07 18:42:48.712,1.64017,1.64038,1.00,1.00
2017.02.07 18:42:48.813,1.64015,1.64033,1.87,1.00
2017.02.07 18:42:49.318,1.64015,1.64034,1.87,1.00
2017.02.07 18:42:49.419,1.64015,1.64039,1.50,1.00
2017.02.07 18:42:49.831,1.64015,1.64033,1.00,1.00
2017.02.07 18:42:50.842,1.64013,1.64033,1.00,1.00
2017.02.07 18:42:51.392,1.64014,1.64033,1.00,1.00
2017.02.07 18:42:51.932,1.64014,1.64034,1.00,1.00
2017.02.07 18:42:52.366,1.64014,1.64028,1.00,1.00
2017.02.07 18:42:52.467,1.64008,1.64028,1.00,1.00
2017.02.07 18:42:52.518,1.64008,1.64023,1.00,1.00
2017.02.07 18:42:52.569,1.64004,1.64023,1.37,1.00
2017.02.07 18:42:52.670,1.64004,1.64028,1.50,1.00
2017.02.07 18:42:53.033,1.64006,1.64028,1.00,1.00
2017.02.07 18:42:53.569,1.64006,1.64029,1.00,1.00
2017.02.07 18:42:54.294,1.64005,1.64029,1.00,1.00
2017.02.07 18:42:54.759,1.64005,1.64034,1.71,1.00
2017.02.07 18:42:55.063,1.64017,1.64028,1.00,1.00
2017.02.07 18:42:55.113,1.64015,1.64028,1.00,1.00
2017.02.07 18:42:55.660,1.64014,1.64026,1.00,1.00
2017.02.07 18:42:55.761,1.6401,1.64024,1.00,1.00
2017.02.07 18:42:55.913,1.64008,1.64024,1.00,1.00
2017.02.07 18:42:56.418,1.64008,1.64029,1.12,1.00
2017.02.07 18:42:56.469,1.64007,1.64023,1.87,1.00
2017.02.07 18:42:56.805,1.6401,1.64024,1.00,1.00
2017.02.07 18:42:57.370,1.64009,1.64024,1.00,1.00
2017.02.07 18:42:57.856,1.64007,1.64023,1.00,1.00
2017.02.07 18:42:58.712,1.64007,1.64029,1.00,1.00
2017.02.07 18:42:59.314,1.64007,1.64024,1.00,1.00
2017.02.07 18:42:59.551,1.64009,1.64029,1.12,1.00
2017.02.07 18:42:59.602,1.64013,1.64029,1.37,1.00
2017.02.07 18:42:59.653,1.64015,1.64033,1.00,1.00
2017.02.07 18:42:59.754,1.64013,1.64034,1.00,1.00
2017.02.07 18:43:00.062,1.64015,1.64034,1.00,1.00
2017.02.07 18:43:00.603,1.64016,1.64033,1.50,1.00
2017.02.07 18:43:01.109,1.64016,1.64034,1.00,1.00
2017.02.07 18:43:01.623,1.64016,1.64033,1.00,1.00
2017.02.07 18:43:02.634,1.64009,1.64024,1.00,1.00
2017.02.07 18:43:02.735,1.64004,1.64029,1.75,1.00
2017.02.07 18:43:03.089,1.64008,1.64028,1.00,1.00
2017.02.07 18:43:03.440,1.64008,1.64023,1.00,1.00
2017.02.07 18:43:03.963,1.64008,1.64028,1.00,1.00
2017.02.07 18:43:04.115,1.6401,1.64028,1.00,1.00
2017.02.07 18:43:04.641,1.64009,1.64023,1.00,1.00
2017.02.07 18:43:04.692,1.64009,1.64028,1.00,1.00
2017.02.07 18:43:05.300,1.64008,1.64028,1.00,1.00
2017.02.07 18:43:05.805,1.64009,1.64029,1.00,1.00
2017.02.07 18:43:06.355,1.64008,1.64029,1.00,1.00
2017.02.07 18:43:06.915,1.64009,1.64029,1.00,1.00
2017.02.07 18:43:07.446,1.64008,1.64028,1.00,1.00
2017.02.07 18:43:07.648,1.64011,1.64029,1.00,1.00
2017.02.07 18:43:08.197,1.6401,1.64028,1.00,1.00
2017.02.07 18:43:08.720,1.64009,1.64028,1.00,1.00
2017.02.07 18:43:08.821,1.64009,1.64033,1.00,1.00
2017.02.07 18:43:09.331,1.64009,1.64028,1.00,1.00
2017.02.07 18:43:09.432,1.64008,1.64033,1.00,1.00
2017.02.07 18:43:09.940,1.64009,1.64034,1.00,1.00
2017.02.07 18:43:10.586,1.64009,1.64028,1.00,1.00
2017.02.07 18:43:10.838,1.63999,1.64019,1.00,1.00
2017.02.07 18:43:10.889,1.64001,1.64019,1.00,1.00
2017.02.07 18:43:10.990,1.63998,1.64019,1.00,1.00
2017.02.07 18:43:12.069,1.64004,1.64018,1.50,1.00
2017.02.07 18:43:12.120,1.64006,1.64024,1.12,1.00
2017.02.07 18:43:12.644,1.64008,1.64024,1.50,1.00
2017.02.07 18:43:13.678,1.64008,1.64033,2.96,1.00
2017.02.07 18:43:13.779,1.64015,1.64036,1.84,1.00
2017.02.07 18:43:13.830,1.6402,1.64038,1.12,1.00
2017.02.07 18:43:13.881,1.6402,1.64044,1.12,1.00
2017.02.07 18:43:13.933,1.64025,1.64046,1.84,1.00
2017.02.07 18:43:14.264,1.6403,1.64053,1.87,1.00
2017.02.07 18:43:14.343,1.64034,1.64054,1.00,1.00
2017.02.07 18:43:14.647,1.64023,1.64038,1.37,1.00
2017.02.07 18:43:14.697,1.64022,1.64038,2.25,1.00
2017.02.07 18:43:15.211,1.64021,1.64038,1.00,1.00
2017.02.07 18:43:15.744,1.64022,1.64038,1.00,1.00
2017.02.07 18:43:16.624,1.64021,1.64038,1.00,1.00
2017.02.07 18:43:17.129,1.64019,1.64038,1.37,1.00
2017.02.07 18:43:18.804,1.64019,1.64038,1.00,1.00
2017.02.07 18:43:18.855,1.6402,1.64038,1.37,1.00
2017.02.07 18:43:19.209,1.64017,1.64039,1.12,1.00
2017.02.07 18:43:19.749,1.6402,1.64038,1.00,1.00
2017.02.07 18:43:20.622,1.64018,1.64038,1.50,1.00
2017.02.07 18:43:21.348,1.64018,1.64039,1.50,1.00
2017.02.07 18:43:21.579,1.64021,1.64038,1.12,1.00
2017.02.07 18:43:21.791,1.64013,1.64034,1.50,1.00
2017.02.07 18:43:21.842,1.6401,1.64028,1.00,1.00
2017.02.07 18:43:22.045,1.64009,1.64034,1.50,1.00
2017.02.07 18:43:22.830,1.64009,1.64034,1.50,1.00
2017.02.07 18:43:23.633,1.64006,1.64034,1.50,1.00
2017.02.07 18:43:24.300,1.64008,1.64034,1.50,1.00
2017.02.07 18:43:24.649,1.6401,1.64028,1.00,1.00
2017.02.07 18:43:24.949,1.64009,1.64034,1.87,1.00
2017.02.07 18:43:25.587,1.64009,1.64034,1.00,1.00
2017.02.07 18:43:27.105,1.6401,1.64034,1.50,1.00
2017.02.07 18:43:27.156,1.64013,1.64039,1.00,1.50
2017.02.07 18:43:27.727,1.64011,1.64039,1.50,1.00
2017.02.07 18:43:28.280,1.64011,1.64039,1.12,1.00
2017.02.07 18:43:29.269,1.64011,1.64043,1.12,1.00
2017.02.07 18:43:29.590,1.64009,1.64039,1.50,1.00
2017.02.07 18:43:29.893,1.64009,1.64034,1.50,1.00
2017.02.07 18:43:30.416,1.64013,1.64038,1.00,1.00
2017.02.07 18:43:30.719,1.64014,1.64044,1.50,1.00
2017.02.07 18:43:31.079,1.64016,1.64047,1.12,1.00
2017.02.07 18:43:31.231,1.64016,1.64043,1.12,1.00
2017.02.07 18:43:31.894,1.64016,1.64043,1.37,1.00
2017.02.07 18:43:32.723,1.64016,1.64043,1.12,1.00
2017.02.07 18:43:32.880,1.64012,1.64039,1.37,1.00
2017.02.07 18:43:33.230,1.64002,1.64029,1.12,1.00
2017.02.07 18:43:33.281,1.64001,1.64023,1.50,1.00
2017.02.07 18:43:33.534,1.6399,1.64014,1.50,1.00
2017.02.07 18:43:33.888,1.63994,1.64019,1.37,1.00
2017.02.07 18:43:34.393,1.63998,1.64019,1.00,1.00
2017.02.07 18:43:34.705,1.63996,1.64019,1.00,1.00
2017.02.07 18:43:34.857,1.63994,1.64013,1.37,1.00
2017.02.07 18:43:35.038,1.63994,1.64019,1.00,1.00
2017.02.07 18:43:35.321,1.63993,1.64013,1.87,1.00
2017.02.07 18:43:35.845,1.63994,1.64014,1.12,1.00
2017.02.07 18:43:36.376,1.63994,1.64013,1.50,1.00
2017.02.07 18:43:37.112,1.63994,1.64018,1.50,1.00
2017.02.07 18:43:37.264,1.63991,1.64014,1.09,1.00
2017.02.07 18:43:37.567,1.63981,1.63999,1.50,1.00
2017.02.07 18:43:37.797,1.63981,1.64003,1.12,1.00
2017.02.07 18:43:38.333,1.63983,1.64008,1.00,1.00
2017.02.07 18:43:38.384,1.63983,1.64004,1.09,1.00
2017.02.07 18:43:38.435,1.63983,1.64014,1.09,1.12
2017.02.07 18:43:38.943,1.63984,1.64014,1.00,1.12
2017.02.07 18:43:39.226,1.63984,1.63999,1.00,1.00
2017.02.07 18:43:39.883,1.63983,1.63999,1.00,1.00
2017.02.07 18:43:40.435,1.63981,1.63999,1.00,1.00
2017.02.07 18:43:41.112,1.63981,1.63998,1.87,1.00
2017.02.07 18:43:42.252,1.63981,1.63999,1.50,1.00
2017.02.07 18:43:42.404,1.63977,1.63999,2.25,1.00
2017.02.07 18:43:43.002,1.63973,1.63994,1.12,1.00
2017.02.07 18:43:43.103,1.63969,1.63994,1.09,1.00
2017.02.07 18:43:43.254,1.63966,1.63989,1.87,1.00
2017.02.07 18:43:43.305,1.63966,1.63989,1.12,1.00
2017.02.07 18:43:43.457,1.63964,1.63984,2.25,1.00
2017.02.07 18:43:43.558,1.63964,1.63989,2.25,1.00
2017.02.07 18:43:43.711,1.63968,1.63993,1.50,1.00
2017.02.07 18:43:43.812,1.63968,1.63993,1.50,1.00
2017.02.07 18:43:43.964,1.6397,1.63998,1.87,1.00
2017.02.07 18:43:44.014,1.6397,1.63998,2.25,1.00
2017.02.07 18:43:44.647,1.63973,1.63998,1.12,1.00
2017.02.07 18:43:45.177,1.63974,1.63998,2.25,1.00
2017.02.07 18:43:45.481,1.63965,1.63993,1.75,1.00
2017.02.07 18:43:45.734,1.63967,1.63994,1.12,1.00
2017.02.07 18:43:45.785,1.6397,1.63994,1.12,1.00
2017.02.07 18:43:46.368,1.63971,1.63994,1.87,1.00
2017.02.07 18:43:46.772,1.63973,1.63993,1.00,1.00
2017.02.07 18:43:47.285,1.63973,1.63999,1.00,1.00
2017.02.07 18:43:48.123,1.63973,1.63999,1.37,1.00
2017.02.07 18:43:48.224,1.63975,1.63998,1.84,1.00
2017.02.07 18:43:49.598,1.63975,1.63998,1.71,1.00
2017.02.07 18:43:49.919,1.63973,1.63993,1.00,1.00
2017.02.07 18:43:50.000,1.63968,1.63993,1.37,1.00
2017.02.07 18:43:50.505,1.6397,1.63993,1.00,1.00
2017.02.07 18:43:51.013,1.63968,1.63993,1.75,1.00
2017.02.07 18:43:51.722,1.63968,1.63994,1.75,1.00
2017.02.07 18:43:52.432,1.63968,1.63994,1.50,1.00
2017.02.07 18:43:52.943,1.63968,1.63994,1.87,1.00
2017.02.07 18:43:53.418,1.63975,1.64,1.09,1.12
2017.02.07 18:43:53.722,1.6398,1.63999,1.09,1.00
2017.02.07 18:43:53.874,1.63982,1.63998,1.12,1.00
2017.02.07 18:43:53.925,1.63981,1.63993,1.00,1.00
2017.02.07 18:43:53.976,1.63976,1.63993,1.50,1.00
2017.02.07 18:43:54.077,1.63975,1.63993,1.12,1.00
2017.02.07 18:43:54.256,1.63979,1.63998,1.00,1.00
2017.02.07 18:43:54.408,1.63982,1.63998,1.00,1.00
2017.02.07 18:43:54.913,1.63981,1.63998,1.12,1.00
2017.02.07 18:43:55.741,1.63973,1.63989,1.00,1.00
2017.02.07 18:43:56.361,1.63971,1.63989,1.12,1.00
2017.02.07 18:43:56.967,1.63972,1.63989,1.00,1.00
2017.02.07 18:43:57.586,1.6397,1.63989,1.12,1.00
2017.02.07 18:43:58.211,1.63972,1.63989,1.00,1.00
2017.02.07 18:43:58.445,1.63972,1.63993,1.00,1.00
2017.02.07 18:43:58.950,1.63971,1.63993,1.00,1.00
2017.02.07 18:43:59.598,1.63969,1.63993,1.87,1.00
2017.02.07 18:44:00.081,1.63972,1.63993,1.00,1.00
2017.02.07 18:44:00.233,1.63973,1.64,1.00,1.00
2017.02.07 18:44:00.577,1.63976,1.64002,1.00,1.50
2017.02.07 18:44:01.109,1.63977,1.64003,1.00,1.75
2017.02.07 18:44:02.042,1.63976,1.64003,1.00,1.75
2017.02.07 18:44:02.377,1.63977,1.64003,1.37,1.75
2017.02.07 18:44:02.566,1.63976,1.64003,2.25,1.75
2017.02.07 18:44:02.668,1.63979,1.64004,1.00,1.75
2017.02.07 18:44:02.769,1.63977,1.64004,1.00,1.75
2017.02.07 18:44:03.319,1.63976,1.64003,1.87,1.75
2017.02.07 18:44:03.370,1.63978,1.64003,1.00,1.75
2017.02.07 18:44:03.522,1.63978,1.64007,1.37,1.87
2017.02.07 18:44:03.725,1.63979,1.64003,1.00,2.25
2017.02.07 18:44:03.827,1.63977,1.64001,1.00,1.37
2017.02.07 18:44:03.928,1.63975,1.63998,1.50,1.00
2017.02.07 18:44:04.029,1.63973,1.63998,1.00,1.50
2017.02.07 18:44:04.232,1.6397,1.63998,1.00,1.50
2017.02.07 18:44:04.334,1.63968,1.63988,1.12,1.00
2017.02.07 18:44:04.523,1.6396,1.63988,1.00,1.50
2017.02.07 18:44:04.727,1.63959,1.63992,2.25,1.00
2017.02.07 18:44:04.778,1.63968,1.63991,1.00,1.00
2017.02.07 18:44:05.301,1.63968,1.63992,1.00,1.00
2017.02.07 18:44:05.908,1.63968,1.63994,1.00,1.50
2017.02.07 18:44:06.290,1.63972,1.63996,1.00,1.12
2017.02.07 18:44:06.518,1.63976,1.63998,1.00,1.00
2017.02.07 18:44:06.570,1.6398,1.63998,1.00,1.00
2017.02.07 18:44:06.671,1.6398,1.64003,1.00,1.00
2017.02.07 18:44:07.230,1.63979,1.64004,1.00,1.12
2017.02.07 18:44:07.748,1.6398,1.64004,1.00,1.12
2017.02.07 18:44:08.159,1.63981,1.64009,1.37,1.75
2017.02.07 18:44:08.812,1.63986,1.64008,1.00,1.37
2017.02.07 18:44:08.863,1.63985,1.64008,1.00,1.00
2017.02.07 18:44:09.897,1.63986,1.64008,1.00,1.00
2017.02.07 18:44:10.083,1.63989,1.64008,1.00,1.00
2017.02.07 18:44:10.589,1.63986,1.64009,1.12,1.00
2017.02.07 18:44:10.640,1.63988,1.64009,1.00,1.00
2017.02.07 18:44:11.125,1.63988,1.64014,1.00,1.00
2017.02.07 18:44:11.276,1.63985,1.64014,1.50,1.00
2017.02.07 18:44:11.327,1.63985,1.64008,1.50,1.00
2017.02.07 18:44:14.931,1.63984,1.64008,1.50,1.00
2017.02.07 18:44:15.266,1.63984,1.64014,1.00,2.25
2017.02.07 18:44:15.472,1.63986,1.64014,1.00,1.00
2017.02.07 18:44:15.988,1.63985,1.64014,1.00,1.00
2017.02.07 18:44:16.508,1.63985,1.64013,1.00,1.00
2017.02.07 18:44:17.680,1.63986,1.64013,1.00,1.00
2017.02.07 18:44:18.203,1.63985,1.64013,1.50,1.00
2017.02.07 18:44:18.732,1.63984,1.64013,1.37,1.00
2017.02.07 18:44:19.268,1.63984,1.64014,1.37,1.00
2017.02.07 18:44:19.319,1.63984,1.64014,1.12,1.12
2017.02.07 18:44:19.673,1.63983,1.64009,1.00,1.12
2017.02.07 18:44:19.926,1.63976,1.64005,1.50,1.12
2017.02.07 18:44:20.900,1.63977,1.64006,1.50,1.50
2017.02.07 18:44:21.206,1.63976,1.64005,3.37,1.12
2017.02.07 18:44:21.820,1.63976,1.64005,2.25,1.12
2017.02.07 18:44:22.180,1.63983,1.64008,1.87,1.12
2017.02.07 18:44:22.469,1.63983,1.64017,1.37,1.50
2017.02.07 18:44:22.520,1.63985,1.64017,1.00,1.37
2017.02.07 18:44:22.571,1.63989,1.64018,1.00,1.37
2017.02.07 18:44:22.773,1.63993,1.64023,2.25,1.00
2017.02.07 18:44:22.874,1.63999,1.64023,1.00,1.00
2017.02.07 18:44:22.925,1.63995,1.64023,1.50,1.00
2017.02.07 18:44:22.975,1.63995,1.64023,2.25,1.00
2017.02.07 18:44:23.026,1.63994,1.64028,1.87,1.75
2017.02.07 18:44:23.136,1.63997,1.64024,1.12,1.00
2017.02.07 18:44:23.237,1.63997,1.64028,1.37,1.75
2017.02.07 18:44:23.338,1.63998,1.64023,1.00,1.00
2017.02.07 18:44:23.440,1.63994,1.64028,2.25,1.75
2017.02.07 18:44:23.642,1.63997,1.64028,1.37,1.12
2017.02.07 18:44:24.165,1.63997,1.64023,1.37,1.00
2017.02.07 18:44:24.266,1.63996,1.64023,1.50,1.00
2017.02.07 18:44:24.317,1.63996,1.64018,1.37,1.00
2017.02.07 18:44:24.368,1.63996,1.64024,1.46,1.00
2017.02.07 18:44:24.419,1.63996,1.64024,1.71,1.00
2017.02.07 18:44:24.470,1.63997,1.64028,1.34,1.50
2017.02.07 18:44:24.520,1.63999,1.64024,1.00,1.00
2017.02.07 18:44:24.926,1.63993,1.64023,1.12,1.00
2017.02.07 18:44:25.446,1.63991,1.64023,1.37,1.00
2017.02.07 18:44:26.053,1.63991,1.64023,1.87,1.00
2017.02.07 18:44:26.154,1.63991,1.64018,1.87,1.00
2017.02.07 18:44:26.757,1.63991,1.64019,1.00,1.00
2017.02.07 18:44:27.196,1.63996,1.64022,1.37,1.00
2017.02.07 18:44:27.349,1.64002,1.64032,1.12,1.12
2017.02.07 18:44:27.400,1.64003,1.64033,1.00,1.37
2017.02.07 18:44:27.552,1.64003,1.64023,1.50,1.00
2017.02.07 18:44:27.721,1.64003,1.64033,1.00,1.50
2017.02.07 18:44:27.823,1.64001,1.64028,1.87,1.00
2017.02.07 18:44:27.874,1.64001,1.64033,1.37,1.12
2017.02.07 18:44:27.924,1.64002,1.64033,1.75,1.12
2017.02.07 18:44:28.228,1.64007,1.64037,1.12,1.00
2017.02.07 18:44:28.410,1.64004,1.64037,1.37,1.50
2017.02.07 18:44:28.562,1.64002,1.64034,3.37,1.00
2017.02.07 18:44:29.066,1.64005,1.64034,1.00,1.00
2017.02.07 18:44:29.582,1.64004,1.64034,1.12,1.00
2017.02.07 18:44:29.633,1.64004,1.64037,1.12,1.00
2017.02.07 18:44:30.484,1.64008,1.64039,1.00,1.37
2017.02.07 18:44:30.625,1.6401,1.64039,1.12,1.00
2017.02.07 18:44:30.836,1.6401,1.64042,2.25,1.00
2017.02.07 18:44:31.365,1.6401,1.64043,1.50,1.87
2017.02.07 18:44:32.086,1.64011,1.64043,1.00,1.50
2017.02.07 18:44:34.050,1.6401,1.64043,1.12,1.50
2017.02.07 18:44:34.100,1.6401,1.64038,1.00,1.00
2017.02.07 18:44:34.151,1.64007,1.64038,2.25,1.50
2017.02.07 18:44:34.253,1.64006,1.64038,1.12,1.12
2017.02.07 18:44:37.483,1.64008,1.64039,1.37,1.37
2017.02.07 18:44:37.585,1.64009,1.64041,1.12,1.00
2017.02.07 18:44:37.686,1.64007,1.64039,1.87,1.00
2017.02.07 18:44:37.737,1.64007,1.64038,1.00,1.00
2017.02.07 18:44:38.339,1.64007,1.64038,3.00,1.00
2017.02.07 18:44:38.479,1.64009,1.64041,1.12,1.00
2017.02.07 18:44:39.225,1.64009,1.64042,1.00,1.87
2017.02.07 18:44:39.614,1.64009,1.64038,1.00,1.00
2017.02.07 18:44:40.115,1.64006,1.64039,2.25,1.50
2017.02.07 18:44:42.043,1.64006,1.64039,1.12,1.37
2017.02.07 18:44:43.183,1.64004,1.64037,1.12,1.00
2017.02.07 18:44:43.285,1.64001,1.64037,2.25,1.50
2017.02.07 18:44:43.846,1.64003,1.64038,1.50,1.87
2017.02.07 18:44:44.352,1.64004,1.64037,1.50,1.12
2017.02.07 18:44:44.554,1.64005,1.64038,1.37,1.87
2017.02.07 18:44:45.100,1.64004,1.64034,1.37,1.00
2017.02.07 18:44:45.202,1.64002,1.64034,1.00,1.00
2017.02.07 18:44:45.383,1.64005,1.64036,1.00,1.50
2017.02.07 18:44:45.683,1.64003,1.64037,1.00,1.12
2017.02.07 18:44:46.187,1.64001,1.64035,1.87,2.25
2017.02.07 18:44:46.707,1.64002,1.64035,2.25,1.50
2017.02.07 18:44:46.910,1.64004,1.64037,3.00,1.00
2017.02.07 18:44:47.433,1.64005,1.64038,1.00,2.25
2017.02.07 18:44:47.786,1.64006,1.64038,1.50,1.12
2017.02.07 18:44:48.089,1.64009,1.64038,1.87,1.00
2017.02.07 18:44:48.140,1.64009,1.64042,1.87,1.12
2017.02.07 18:44:48.191,1.6401,1.64043,1.12,1.37
2017.02.07 18:44:48.242,1.64012,1.64043,1.00,1.37
2017.02.07 18:44:48.293,1.6401,1.64044,1.87,1.50
2017.02.07 18:44:48.343,1.64011,1.64034,1.37,1.00
2017.02.07 18:44:48.394,1.6401,1.64033,1.00,1.00
2017.02.07 18:44:48.445,1.6401,1.64028,1.00,1.00
2017.02.07 18:44:48.496,1.64008,1.64028,1.00,1.00
2017.02.07 18:44:48.648,1.64004,1.64028,1.50,1.00
2017.02.07 18:44:49.161,1.64004,1.64026,1.00,1.00
2017.02.07 18:44:49.567,1.64004,1.64029,1.00,1.00
2017.02.07 18:44:49.669,1.64002,1.64025,1.12,1.00
2017.02.07 18:44:49.821,1.64002,1.64024,1.00,1.00
2017.02.07 18:44:49.871,1.63998,1.64022,3.00,1.00
2017.02.07 18:44:49.922,1.63998,1.64022,1.12,1.00
2017.02.07 18:44:50.006,1.63997,1.64017,1.00,1.00
2017.02.07 18:44:50.208,1.63995,1.64016,1.00,1.00
2017.02.07 18:44:50.633,1.63993,1.64019,2.59,1.50
2017.02.07 18:44:50.684,1.63993,1.64016,1.34,1.00
2017.02.07 18:44:50.835,1.63988,1.64013,1.50,1.00
2017.02.07 18:44:50.886,1.63988,1.64011,1.50,1.00
2017.02.07 18:44:50.988,1.63985,1.64011,3.37,1.00
2017.02.07 18:44:51.038,1.63986,1.64009,1.37,1.00
2017.02.07 18:44:51.089,1.63987,1.64011,1.12,1.00
2017.02.07 18:44:51.689,1.63986,1.64011,2.62,1.00
2017.02.07 18:44:52.352,1.63987,1.64011,1.37,1.00
2017.02.07 18:44:52.674,1.63985,1.64011,1.50,1.00
2017.02.07 18:44:52.725,1.63985,1.64006,1.50,1.00
2017.02.07 18:44:52.776,1.63985,1.64009,1.00,1.00
2017.02.07 18:44:52.827,1.63984,1.64011,1.37,1.00
2017.02.07 18:44:53.080,1.63983,1.64009,2.25,1.00
2017.02.07 18:44:53.765,1.63984,1.64009,1.50,1.00
2017.02.07 18:44:53.867,1.63984,1.6401,1.50,1.00
2017.02.07 18:44:53.918,1.63989,1.64011,1.00,1.50
2017.02.07 18:44:53.969,1.63989,1.64016,1.34,1.50
2017.02.07 18:44:54.020,1.63989,1.64016,2.21,1.00
2017.02.07 18:44:54.312,1.63994,1.64022,1.75,1.00
2017.02.07 18:44:54.363,1.63994,1.6402,1.75,1.00
2017.02.07 18:44:54.414,1.63994,1.6402,3.00,1.00
2017.02.07 18:44:54.516,1.63997,1.64019,1.00,1.00
2017.02.07 18:44:54.819,1.63988,1.64012,1.50,1.00
2017.02.07 18:44:54.920,1.63986,1.64011,2.25,1.00
2017.02.07 18:44:55.022,1.63987,1.64007,1.87,1.00
2017.02.07 18:44:55.072,1.63987,1.64009,1.87,1.00
2017.02.07 18:44:55.123,1.63986,1.64009,1.00,1.00
2017.02.07 18:44:55.224,1.63986,1.64009,1.37,1.00
2017.02.07 18:44:55.416,1.63987,1.64011,1.87,1.00
2017.02.07 18:44:55.467,1.63991,1.64014,1.00,1.00
2017.02.07 18:44:55.518,1.63991,1.64016,1.00,1.50
2017.02.07 18:44:55.569,1.6399,1.64011,1.00,1.00
2017.02.07 18:44:55.619,1.6399,1.64014,1.00,1.00
2017.02.07 18:44:55.671,1.6399,1.64011,1.00,1.00
2017.02.07 18:44:56.234,1.63991,1.64011,1.00,1.00
2017.02.07 18:44:56.491,1.6399,1.64013,1.00,1.00
2017.02.07 18:44:57.053,1.63991,1.64013,1.00,1.00
2017.02.07 18:44:57.354,1.6399,1.64015,1.00,1.00
2017.02.07 18:44:57.656,1.63991,1.64017,1.00,1.00
2017.02.07 18:44:58.060,1.6399,1.6402,1.00,1.87
2017.02.07 18:44:58.223,1.63989,1.64017,1.00,1.00
2017.02.07 18:44:58.526,1.63991,1.64018,1.37,1.00
2017.02.07 18:44:58.577,1.63991,1.6402,1.75,1.50
2017.02.07 18:44:58.825,1.63995,1.6402,1.00,1.00
2017.02.07 18:44:59.281,1.63995,1.64022,1.00,1.00
2017.02.07 18:44:59.463,1.63993,1.64021,1.87,1.00
2017.02.07 18:44:59.982,1.63994,1.6402,1.00,1.00
2017.02.07 18:45:00.217,1.63994,1.64022,1.50,1.00
2017.02.07 18:45:00.740,1.63994,1.6402,1.37,1.00
2017.02.07 18:45:00.792,1.63993,1.64021,1.50,1.00
2017.02.07 18:45:00.893,1.63992,1.64019,2.62,1.00
2017.02.07 18:45:01.226,1.63987,1.64012,1.12,1.00
2017.02.07 18:45:01.277,1.63986,1.64012,1.37,1.00
2017.02.07 18:45:02.131,1.63985,1.6401,1.75,1.00
2017.02.07 18:45:02.677,1.63985,1.64009,1.75,1.00
2017.02.07 18:45:03.181,1.63986,1.6401,1.50,1.00
2017.02.07 18:45:03.784,1.63987,1.64009,1.00,1.00
2017.02.07 18:45:06.064,1.63985,1.6401,1.12,1.00
2017.02.07 18:45:06.641,1.63986,1.6401,1.00,1.00
2017.02.07 18:45:07.763,1.63986,1.64007,1.00,1.00
2017.02.07 18:45:07.965,1.63971,1.63995,1.37,1.00
2017.02.07 18:45:08.067,1.63967,1.63994,3.37,1.00
2017.02.07 18:45:08.118,1.63973,1.63995,1.00,1.00
2017.02.07 18:45:08.169,1.63971,1.63994,1.00,1.00
2017.02.07 18:45:08.371,1.63973,1.63999,1.00,1.00
2017.02.07 18:45:08.837,1.63974,1.64,1.37,1.00
2017.02.07 18:45:09.386,1.63974,1.64,1.12,1.00
2017.02.07 18:45:09.690,1.63969,1.63995,1.37,1.00
2017.02.07 18:45:09.791,1.6397,1.63998,1.12,1.00
2017.02.07 18:45:09.842,1.6397,1.63996,1.12,1.00
2017.02.07 18:45:10.146,1.63966,1.63997,1.37,1.00
2017.02.07 18:45:10.247,1.63969,1.63994,1.00,1.00
2017.02.07 18:45:10.752,1.63968,1.63995,1.37,1.00
2017.02.07 18:45:11.068,1.63968,1.63994,1.37,1.00
2017.02.07 18:45:11.169,1.63969,1.63994,1.00,1.00
2017.02.07 18:45:11.346,1.63967,1.6399,1.50,1.00
2017.02.07 18:45:11.397,1.63964,1.63988,1.00,1.00
2017.02.07 18:45:11.448,1.63962,1.63986,1.00,1.00
2017.02.07 18:45:11.499,1.63962,1.63988,1.00,1.00
2017.02.07 18:45:11.600,1.6396,1.63986,1.87,1.00
2017.02.07 18:45:11.853,1.63958,1.63985,1.50,1.00
2017.02.07 18:45:13.032,1.63958,1.63985,1.12,1.00
2017.02.07 18:45:13.593,1.63959,1.63984,1.00,1.00
2017.02.07 18:45:14.025,1.63961,1.63988,1.00,1.00
2017.02.07 18:45:14.076,1.6396,1.6399,1.12,1.00
2017.02.07 18:45:14.127,1.63963,1.63989,1.00,1.00
2017.02.07 18:45:14.178,1.63965,1.63995,1.00,1.87
2017.02.07 18:45:14.369,1.63967,1.63996,1.87,1.50
2017.02.07 18:45:14.521,1.63969,1.63996,1.00,1.50
2017.02.07 18:45:14.998,1.63967,1.63996,1.50,1.50
2017.02.07 18:45:15.150,1.63963,1.63993,1.37,1.00
2017.02.07 18:45:15.201,1.63963,1.63993,1.37,1.00
2017.02.07 18:45:15.403,1.63961,1.63991,2.25,1.00
2017.02.07 18:45:15.725,1.63963,1.63991,1.00,1.00
2017.02.07 18:45:15.777,1.63968,1.63998,1.12,1.00
2017.02.07 18:45:15.878,1.63968,1.64,1.50,1.00
2017.02.07 18:45:16.080,1.6397,1.64,1.37,1.00
2017.02.07 18:45:16.182,1.63971,1.64002,1.12,1.00
2017.02.07 18:45:16.435,1.63969,1.64001,1.12,1.00
2017.02.07 18:45:16.637,1.6397,1.63998,1.12,1.00
2017.02.07 18:45:17.250,1.6397,1.64,1.50,1.50
2017.02.07 18:45:17.830,1.63969,1.64,1.12,1.50
2017.02.07 18:45:18.426,1.63969,1.63999,1.12,1.00
2017.02.07 18:45:18.945,1.63969,1.64,1.12,1.00
2017.02.07 18:45:19.452,1.6397,1.64,1.00,1.00
2017.02.07 18:45:20.624,1.63974,1.64,1.09,1.00
2017.02.07 18:45:20.675,1.63974,1.64005,2.96,2.25
2017.02.07 18:45:20.777,1.63977,1.64007,1.50,1.00
2017.02.07 18:45:20.878,1.63978,1.64011,2.62,1.50
2017.02.07 18:45:21.337,1.63977,1.64004,1.50,1.00
2017.02.07 18:45:21.438,1.63973,1.64005,1.87,1.00
2017.02.07 18:45:21.489,1.63974,1.64003,1.87,1.00
2017.02.07 18:45:21.792,1.63976,1.64006,1.00,1.75
2017.02.07 18:45:22.370,1.63976,1.64006,1.37,1.75
2017.02.07 18:45:22.963,1.63973,1.64002,1.37,1.00
2017.02.07 18:45:23.065,1.6397,1.64001,1.37,1.00
2017.02.07 18:45:23.217,1.6397,1.63999,1.50,1.00
2017.02.07 18:45:23.520,1.63973,1.64003,1.84,1.00
2017.02.07 18:45:24.179,1.63973,1.64003,1.71,1.00
2017.02.07 18:45:24.538,1.63972,1.63999,1.00,1.50
2017.02.07 18:45:24.840,1.63968,1.63993,1.34,1.00
2017.02.07 18:45:25.702,1.63967,1.63994,1.34,1.00
2017.02.07 18:45:25.854,1.63969,1.63997,1.34,1.00
2017.02.07 18:45:26.371,1.6397,1.63998,1.09,1.50
2017.02.07 18:45:27.217,1.6397,1.63993,2.59,1.00
2017.02.07 18:45:27.769,1.63969,1.63998,1.84,1.00
2017.02.07 18:45:27.921,1.63968,1.63996,1.37,1.00
2017.02.07 18:45:28.123,1.63968,1.63999,1.50,1.00
2017.02.07 18:45:28.477,1.63966,1.63998,1.00,1.00
2017.02.07 18:45:28.826,1.63965,1.63989,1.87,1.00
2017.02.07 18:45:28.978,1.6396,1.63989,1.71,1.00
2017.02.07 18:45:29.130,1.6396,1.63993,1.12,1.00
2017.02.07 18:45:29.282,1.63958,1.63993,1.12,2.25
2017.02.07 18:45:29.787,1.63959,1.6399,1.00,1.00
2017.02.07 18:45:30.094,1.63962,1.6399,2.25,1.00
2017.02.07 18:45:30.203,1.63963,1.63996,1.50,1.87
2017.02.07 18:45:30.355,1.63963,1.63998,1.50,1.87
2017.02.07 18:45:30.406,1.63963,1.63995,1.00,1.00
2017.02.07 18:45:30.709,1.63955,1.63989,2.25,1.00
2017.02.07 18:45:30.861,1.63953,1.63989,2.25,2.25
2017.02.07 18:45:31.288,1.63953,1.63984,1.12,1.00
2017.02.07 18:45:31.389,1.63951,1.63984,1.00,1.00
2017.02.07 18:45:31.775,1.63953,1.63984,1.00,1.00
2017.02.07 18:45:32.289,1.63953,1.63984,1.37,1.00
2017.02.07 18:45:32.593,1.6395,1.63979,1.87,1.12
2017.02.07 18:45:33.134,1.63951,1.63978,1.00,1.00
2017.02.07 18:45:33.184,1.63949,1.63978,1.12,1.00
2017.02.07 18:45:33.699,1.6395,1.63978,1.00,1.00
2017.02.07 18:45:34.635,1.63949,1.63978,1.12,1.00
2017.02.07 18:45:34.837,1.63949,1.63974,1.00,1.00
2017.02.07 18:45:35.167,1.63941,1.63969,1.09,1.00
2017.02.07 18:45:35.269,1.63941,1.63969,1.09,1.00
2017.02.07 18:45:35.420,1.63939,1.63969,1.87,1.00
2017.02.07 18:45:35.926,1.63937,1.63969,2.62,1.00
2017.02.07 18:45:36.438,1.63939,1.63969,1.50,1.00
2017.02.07 18:45:37.457,1.63939,1.63972,1.50,1.12
2017.02.07 18:45:38.716,1.63938,1.63972,1.87,1.12
2017.02.07 18:45:39.237,1.63939,1.63972,1.00,1.12
2017.02.07 18:45:39.758,1.63938,1.63972,1.12,1.12
2017.02.07 18:45:40.272,1.63939,1.63973,1.00,2.62
2017.02.07 18:45:41.156,1.63939,1.63972,1.00,1.12
2017.02.07 18:45:42.124,1.63938,1.63969,1.12,1.00
2017.02.07 18:45:42.672,1.63937,1.63969,3.00,1.00
2017.02.07 18:45:43.026,1.6394,1.63969,1.00,1.00
2017.02.07 18:45:43.329,1.6395,1.63973,1.46,1.50
2017.02.07 18:45:43.430,1.63951,1.63979,1.34,1.00
2017.02.07 18:45:43.834,1.63948,1.63978,1.71,1.00
2017.02.07 18:45:44.426,1.63947,1.63976,2.21,1.00
2017.02.07 18:45:44.658,1.63944,1.63973,1.00,1.00
2017.02.07 18:45:44.860,1.63939,1.63973,1.46,2.25
2017.02.07 18:45:44.961,1.63939,1.63968,1.46,1.00
2017.02.07 18:45:45.019,1.63939,1.63972,1.09,2.25
2017.02.07 18:45:45.322,1.63942,1.63972,1.00,1.12
2017.02.07 18:45:45.677,1.63942,1.63973,1.87,1.75
2017.02.07 18:45:46.395,1.63942,1.63974,1.00,2.25
2017.02.07 18:45:48.031,1.63941,1.63974,1.00,2.62
2017.02.07 18:45:48.132,1.63937,1.63969,4.84,1.00
2017.02.07 18:45:48.522,1.63942,1.63969,1.00,1.00
2017.02.07 18:45:48.623,1.63939,1.63969,2.21,1.00
2017.02.07 18:45:49.142,1.63941,1.63973,1.00,2.25
2017.02.07 18:45:49.193,1.63942,1.63968,1.00,1.00
2017.02.07 18:45:49.795,1.63942,1.63969,1.50,1.00
2017.02.07 18:45:50.243,1.63939,1.63969,1.09,1.00
2017.02.07 18:45:50.798,1.6394,1.63969,1.00,1.00
2017.02.07 18:45:51.050,1.63944,1.6397,1.00,1.12
2017.02.07 18:45:51.151,1.6394,1.63974,1.12,3.37
2017.02.07 18:45:51.657,1.63939,1.63969,2.21,1.12
2017.02.07 18:45:51.708,1.63941,1.63969,1.37,1.00
2017.02.07 18:45:51.910,1.6394,1.63973,1.00,1.75
2017.02.07 18:45:52.434,1.6394,1.63972,1.37,1.75
2017.02.07 18:45:52.636,1.63939,1.63973,3.34,1.00
2017.02.07 18:45:52.838,1.63946,1.63972,1.00,1.00
2017.02.07 18:45:53.143,1.63946,1.63974,2.62,1.00
2017.02.07 18:45:53.194,1.63949,1.63974,1.00,1.00
2017.02.07 18:45:53.549,1.63948,1.63974,1.87,1.00
2017.02.07 18:45:53.822,1.63948,1.63978,1.37,1.00
2017.02.07 18:45:54.335,1.63949,1.63978,2.25,1.00
2017.02.07 18:45:54.852,1.63949,1.63981,2.25,2.25
2017.02.07 18:45:55.424,1.63949,1.63979,2.25,1.12
2017.02.07 18:45:56.055,1.63949,1.63979,3.00,1.12
2017.02.07 18:45:56.156,1.63949,1.63979,3.00,1.12
2017.02.07 18:45:56.566,1.6395,1.63979,1.50,1.12
2017.02.07 18:45:57.137,1.63949,1.63982,1.87,2.25
2017.02.07 18:45:57.701,1.63951,1.63978,1.00,1.00
2017.02.07 18:45:58.316,1.6395,1.63981,2.62,2.25
2017.02.07 18:45:58.643,1.6395,1.63979,1.37,1.12
2017.02.07 18:45:59.188,1.63949,1.63979,1.12,1.12
2017.02.07 18:45:59.362,1.63947,1.63982,3.37,2.62
2017.02.07 18:45:59.413,1.63952,1.63981,1.00,2.25
2017.02.07 18:45:59.464,1.63949,1.63981,1.50,2.25
2017.02.07 18:45:59.616,1.63951,1.63982,1.00,1.00
2017.02.07 18:45:59.666,1.63951,1.63982,1.37,1.00
2017.02.07 18:45:59.768,1.63951,1.63982,1.12,1.00
2017.02.07 18:45:59.869,1.6395,1.63984,1.50,1.87
2017.02.07 18:45:59.920,1.63952,1.63984,1.00,1.87
2017.02.07 18:46:00.281,1.63954,1.63983,1.87,1.00
2017.02.07 18:46:00.710,1.63953,1.63983,1.12,1.00
2017.02.07 18:46:00.863,1.63953,1.63983,1.37,1.00
2017.02.07 18:46:01.015,1.63952,1.63987,1.87,3.00
2017.02.07 18:46:01.067,1.63951,1.63984,1.00,1.12
2017.02.07 18:46:01.404,1.6395,1.63981,4.12,1.50
2017.02.07 18:46:01.707,1.6395,1.63979,1.00,1.00
2017.02.07 18:46:01.859,1.63947,1.63979,3.00,1.00
2017.02.07 18:46:02.364,1.63943,1.63978,1.87,1.00
2017.02.07 18:46:02.415,1.63944,1.63974,1.00,1.00
2017.02.07 18:46:02.516,1.63943,1.63976,2.62,1.87
2017.02.07 18:46:02.718,1.63943,1.63974,1.87,1.00
2017.02.07 18:46:03.180,1.63944,1.63973,1.87,1.00
2017.02.07 18:46:03.701,1.63944,1.63973,2.62,1.00
2017.02.07 18:46:04.081,1.63945,1.63976,1.87,1.50
2017.02.07 18:46:04.706,1.63944,1.63976,1.50,1.50
2017.02.07 18:46:04.808,1.63944,1.63974,1.50,1.00
2017.02.07 18:46:05.329,1.63945,1.63974,1.00,1.00
2017.02.07 18:46:05.973,1.63949,1.63976,1.09,1.50
2017.02.07 18:46:06.277,1.63948,1.63973,1.84,1.00
2017.02.07 18:46:06.327,1.63947,1.63973,1.87,1.00
2017.02.07 18:46:06.731,1.63947,1.63979,1.12,1.87
2017.02.07 18:46:07.292,1.63947,1.63979,2.62,1.87
2017.02.07 18:46:07.632,1.63956,1.63978,1.00,1.12
2017.02.07 18:46:07.834,1.63958,1.63988,1.00,1.00
2017.02.07 18:46:07.935,1.63959,1.63988,1.37,1.00
2017.02.07 18:46:08.478,1.6396,1.63989,1.37,1.00
2017.02.07 18:46:08.781,1.63954,1.63983,1.00,1.00
2017.02.07 18:46:09.152,1.63955,1.63984,1.37,1.00
2017.02.07 18:46:09.254,1.63952,1.63983,3.75,1.00
2017.02.07 18:46:09.761,1.63953,1.63984,2.62,1.00
2017.02.07 18:46:10.271,1.63953,1.63984,2.62,1.12
2017.02.07 18:46:11.041,1.63954,1.63984,1.00,1.87
2017.02.07 18:46:11.780,1.63957,1.63987,1.50,1.12
2017.02.07 18:46:12.109,1.63968,1.63997,1.46,1.75
2017.02.07 18:46:12.261,1.63969,1.63997,1.00,1.00
2017.02.07 18:46:12.902,1.63967,1.63997,1.50,1.00
2017.02.07 18:46:13.451,1.63967,1.63998,1.87,1.50
2017.02.07 18:46:13.552,1.63967,1.63998,1.87,1.50
2017.02.07 18:46:14.408,1.63964,1.63997,1.87,1.50
2017.02.07 18:46:14.459,1.63963,1.63989,1.87,1.00
2017.02.07 18:46:14.509,1.63961,1.63989,1.87,1.00
2017.02.07 18:46:14.560,1.63961,1.63984,1.00,1.00
2017.02.07 18:46:14.662,1.63959,1.63984,1.00,1.00
2017.02.07 18:46:14.713,1.63959,1.63988,1.00,1.00
2017.02.07 18:46:15.447,1.63959,1.63984,1.12,1.00
2017.02.07 18:46:15.714,1.63959,1.63988,1.00,1.00
2017.02.07 18:46:16.240,1.63958,1.63988,1.00,1.00
2017.02.07 18:46:16.878,1.63957,1.63988,2.25,1.00
2017.02.07 18:46:17.389,1.63956,1.63989,1.87,1.00
2017.02.07 18:46:18.000,1.63956,1.63984,1.37,1.00
2017.02.07 18:46:18.303,1.63948,1.63974,1.50,1.00
2017.02.07 18:46:18.607,1.63951,1.63979,1.37,1.00
2017.02.07 18:46:19.063,1.6395,1.63979,1.87,1.00
2017.02.07 18:46:19.185,1.63951,1.63979,1.87,1.00
2017.02.07 18:46:19.845,1.63952,1.63979,1.00,1.00
2017.02.07 18:46:20.135,1.6395,1.63983,3.00,1.50
2017.02.07 18:46:20.186,1.63949,1.63978,2.62,1.00
2017.02.07 18:46:20.287,1.63948,1.63978,1.87,1.00
2017.02.07 18:46:20.338,1.63948,1.63978,1.12,1.00
2017.02.07 18:46:20.490,1.63945,1.63978,1.87,1.00
2017.02.07 18:46:20.895,1.63947,1.63978,1.00,1.00
2017.02.07 18:46:21.300,1.63948,1.63978,2.62,1.00
2017.02.07 18:46:21.504,1.63948,1.6398,2.62,1.12
2017.02.07 18:46:22.343,1.63948,1.6398,1.50,1.12
2017.02.07 18:46:22.872,1.63949,1.6398,1.00,1.12
2017.02.07 18:46:23.592,1.63948,1.63978,1.00,1.00
2017.02.07 18:46:23.894,1.6395,1.63978,1.00,1.00
2017.02.07 18:46:24.214,1.6395,1.63983,1.50,1.75
2017.02.07 18:46:24.735,1.63946,1.63979,2.25,1.00
2017.02.07 18:46:24.887,1.63941,1.63975,2.25,1.00
2017.02.07 18:46:25.430,1.63941,1.63975,2.25,1.50
2017.02.07 18:46:25.949,1.63943,1.63975,1.37,1.12
2017.02.07 18:46:27.367,1.63942,1.63976,1.87,1.50
2017.02.07 18:46:28.382,1.63942,1.63975,1.37,1.12
2017.02.07 18:46:28.968,1.63943,1.63975,1.12,1.12
2017.02.07 18:46:29.489,1.63943,1.63975,1.37,1.12
2017.02.07 18:46:29.941,1.63955,1.63975,1.00,1.12
2017.02.07 18:46:30.020,1.63943,1.63975,1.37,1.12
2017.02.07 18:46:30.564,1.63943,1.63975,1.12,1.12
2017.02.07 18:46:32.491,1.63941,1.63973,1.37,1.00
2017.02.07 18:46:33.001,1.63942,1.63974,1.00,1.00
2017.02.07 18:46:33.988,1.63942,1.63974,1.37,1.00
2017.02.07 18:46:37.017,1.63943,1.63975,1.37,1.87
2017.02.07 18:46:37.169,1.63941,1.63974,1.37,1.00
2017.02.07 18:46:37.700,1.63943,1.63973,1.00,1.00
2017.02.07 18:46:37.751,1.63943,1.63973,1.37,1.00
2017.02.07 18:46:38.517,1.63944,1.63973,1.00,1.00
2017.02.07 18:46:38.891,1.63944,1.63975,1.00,1.12
2017.02.07 18:46:39.516,1.63942,1.63975,1.87,1.12
2017.02.07 18:46:40.095,1.63942,1.63973,1.87,1.00
2017.02.07 18:46:40.428,1.63968,1.63973,1.00,1.00
2017.02.07 18:46:40.752,1.63969,1.63976,1.00,2.25
2017.02.07 18:46:43.012,1.63966,1.63974,1.00,1.00
2017.02.07 18:46:43.063,1.63957,1.63974,1.00,1.00
2017.02.07 18:46:43.482,1.63955,1.63969,1.00,1.00
2017.02.07 18:46:45.648,1.63957,1.63969,1.00,1.12
2017.02.07 18:46:45.730,1.63941,1.6397,1.00,1.50
2017.02.07 18:46:45.831,1.63956,1.63969,1.00,1.12
2017.02.07 18:46:46.336,1.63955,1.63969,1.00,1.12
2017.02.07 18:46:46.639,1.63957,1.63969,1.00,1.12
2017.02.07 18:46:46.740,1.63938,1.63969,1.00,1.12
2017.02.07 18:46:46.791,1.63957,1.63969,1.00,1.12
2017.02.07 18:46:47.357,1.63961,1.63973,1.00,1.75
2017.02.07 18:46:47.667,1.63967,1.63974,1.00,1.00
2017.02.07 18:46:48.225,1.63968,1.63976,1.00,1.50
2017.02.07 18:46:48.275,1.63968,1.63976,1.00,1.50
2017.02.07 18:46:48.377,1.63968,1.63978,1.00,1.75
2017.02.07 18:46:48.529,1.63971,1.63978,1.00,1.00
2017.02.07 18:46:48.580,1.63968,1.63978,1.00,1.00
2017.02.07 18:46:49.196,1.63969,1.63978,1.00,1.00
2017.02.07 18:46:49.500,1.63976,1.63983,1.00,1.00
2017.02.07 18:46:49.753,1.63965,1.63973,1.00,1.00
2017.02.07 18:46:49.854,1.6397,1.63975,1.00,1.00
2017.02.07 18:46:50.346,1.63971,1.63978,1.00,1.00
2017.02.07 18:46:50.548,1.63976,1.63983,1.00,1.00
2017.02.07 18:46:51.248,1.63971,1.63978,1.00,1.00
2017.02.07 18:46:51.455,1.63969,1.63978,1.00,1.00
2017.02.07 18:46:52.064,1.63967,1.63978,1.00,1.00
2017.02.07 18:46:52.417,1.63966,1.63983,1.00,1.50
2017.02.07 18:46:53.667,1.6395,1.63983,1.37,1.00
2017.02.07 18:46:54.419,1.63952,1.63983,1.87,1.50
2017.02.07 18:46:57.444,1.63951,1.63983,1.37,1.50
2017.02.07 18:46:58.092,1.63951,1.63983,1.00,1.50
2017.02.07 18:46:58.708,1.63951,1.63983,1.37,1.50
2017.02.07 18:47:00.597,1.6395,1.63979,1.50,1.00
2017.02.07 18:47:00.900,1.63956,1.63984,1.00,1.50
2017.02.07 18:47:01.052,1.63954,1.63984,2.25,1.12
2017.02.07 18:47:01.614,1.63954,1.63983,1.00,1.00
2017.02.07 18:47:01.816,1.63954,1.63978,1.00,1.00
2017.02.07 18:47:02.119,1.63953,1.63984,1.00,1.12
2017.02.07 18:47:02.422,1.63952,1.63979,1.50,1.00
2017.02.07 18:47:03.822,1.63955,1.63984,1.00,1.12
2017.02.07 18:47:04.553,1.63956,1.63983,1.00,1.00
2017.02.07 18:47:04.604,1.63958,1.63983,1.37,1.00
2017.02.07 18:47:05.196,1.63958,1.63988,1.87,1.00
2017.02.07 18:47:05.449,1.63958,1.63983,1.12,1.00
2017.02.07 18:47:05.997,1.63958,1.63984,1.00,1.00
2017.02.07 18:47:08.406,1.63957,1.63983,1.00,1.00
2017.02.07 18:47:08.844,1.63957,1.63978,1.00,1.00
2017.02.07 18:47:09.204,1.63965,1.63978,1.00,1.00
2017.02.07 18:47:09.560,1.63965,1.63984,1.00,1.00
2017.02.07 18:47:09.978,1.63973,1.63984,1.00,1.00
2017.02.07 18:47:12.416,1.63973,1.63989,1.00,1.12
2017.02.07 18:47:14.662,1.63975,1.63989,1.00,1.12
2017.02.07 18:47:15.147,1.63979,1.63989,1.00,1.12
2017.02.07 18:47:16.140,1.63962,1.63993,1.12,3.00
2017.02.07 18:47:16.191,1.63981,1.63994,1.00,1.75
2017.02.07 18:47:16.242,1.63965,1.63993,2.59,1.75
2017.02.07 18:47:16.293,1.63977,1.63993,1.00,1.75
2017.02.07 18:47:16.344,1.63977,1.63993,1.00,1.00
2017.02.07 18:47:16.445,1.63977,1.63997,1.00,1.50
2017.02.07 18:47:16.547,1.63984,1.63999,1.00,1.00
2017.02.07 18:47:16.877,1.63989,1.63998,1.00,1.00
2017.02.07 18:47:17.028,1.63971,1.64002,1.00,1.12
2017.02.07 18:47:17.180,1.63991,1.64004,1.00,1.75
2017.02.07 18:47:17.281,1.63974,1.64007,1.87,1.75
2017.02.07 18:47:17.332,1.63991,1.64007,1.00,1.75
2017.02.07 18:47:17.433,1.63991,1.64007,1.00,1.00
2017.02.07 18:47:18.095,1.63992,1.64004,1.00,1.00
2017.02.07 18:47:18.196,1.63974,1.64004,1.12,1.00
2017.02.07 18:47:18.246,1.63971,1.63998,1.37,1.00
2017.02.07 18:47:18.297,1.6397,1.64001,1.50,1.50
2017.02.07 18:47:18.348,1.6397,1.63998,1.00,1.00
2017.02.07 18:47:18.551,1.63965,1.63995,1.12,1.00
2017.02.07 18:47:18.602,1.63965,1.63997,1.00,1.50
2017.02.07 18:47:18.721,1.63965,1.63997,1.00,1.87
2017.02.07 18:47:19.261,1.63963,1.63996,1.37,1.75
2017.02.07 18:47:21.937,1.63963,1.63988,1.00,1.00
2017.02.07 18:47:22.190,1.63953,1.63983,2.25,1.00
2017.02.07 18:47:22.341,1.63953,1.63986,1.50,1.37
2017.02.07 18:47:23.008,1.63953,1.63986,1.50,1.12
2017.02.07 18:47:23.110,1.63954,1.63984,1.50,1.00
2017.02.07 18:47:23.161,1.63955,1.63988,1.00,2.25
2017.02.07 18:47:23.212,1.63958,1.63988,1.00,2.25
2017.02.07 18:47:23.515,1.63955,1.63983,1.87,1.00
2017.02.07 18:47:23.717,1.63952,1.63984,1.00,1.00
2017.02.07 18:47:23.819,1.63952,1.63987,1.50,1.37
2017.02.07 18:47:23.970,1.63954,1.63986,2.25,1.37
2017.02.07 18:47:24.372,1.63958,1.63989,1.46,1.00
2017.02.07 18:47:24.732,1.63956,1.63989,1.50,1.12
2017.02.07 18:47:25.270,1.63957,1.6399,1.00,1.50
2017.02.07 18:47:25.422,1.63956,1.63988,1.50,1.00
2017.02.07 18:47:25.725,1.63956,1.63987,1.50,1.50
2017.02.07 18:47:26.554,1.63954,1.63988,1.50,3.00
2017.02.07 18:47:26.655,1.63954,1.63983,1.50,1.00
2017.02.07 18:47:27.184,1.63953,1.63983,1.00,1.00
2017.02.07 18:47:27.639,1.63955,1.63984,1.00,1.00
2017.02.07 18:47:28.255,1.63954,1.63984,1.00,1.00
2017.02.07 18:47:28.408,1.63949,1.63983,1.50,1.87
2017.02.07 18:47:28.459,1.63949,1.63979,2.25,1.00
2017.02.07 18:47:29.362,1.6395,1.63978,1.12,1.00
2017.02.07 18:47:29.564,1.63948,1.63979,1.00,1.12
2017.02.07 18:47:30.662,1.63948,1.63969,1.50,1.00
2017.02.07 18:47:30.713,1.63945,1.63969,1.87,1.00
2017.02.07 18:47:30.808,1.63943,1.63968,1.12,1.00
2017.02.07 18:47:30.960,1.63934,1.63968,2.25,1.87
2017.02.07 18:47:31.529,1.63935,1.63968,1.00,1.12
2017.02.07 18:47:31.765,1.63937,1.63968,2.59,1.12
2017.02.07 18:47:32.069,1.63941,1.63974,1.34,1.00
2017.02.07 18:47:32.170,1.6394,1.63974,1.00,1.00
2017.02.07 18:47:32.358,1.6394,1.63968,1.00,1.00
2017.02.07 18:47:34.791,1.6394,1.63974,1.50,1.12
2017.02.07 18:47:36.861,1.6394,1.63969,1.50,1.00
2017.02.07 18:47:37.372,1.63939,1.63969,1.12,1.00
2017.02.07 18:47:40.419,1.63939,1.63968,1.12,1.00
2017.02.07 18:47:40.722,1.63939,1.63973,2.62,1.12
2017.02.07 18:47:40.980,1.63947,1.63974,1.00,1.00
2017.02.07 18:47:41.032,1.63947,1.63978,1.00,1.50
2017.02.07 18:47:41.135,1.63949,1.63978,1.00,1.50
2017.02.07 18:47:41.186,1.63949,1.63978,1.12,1.00
2017.02.07 18:47:41.731,1.63949,1.63979,1.00,1.00
2017.02.07 18:47:42.289,1.63948,1.63979,1.00,1.00
2017.02.07 18:47:42.839,1.63946,1.63979,1.87,1.00
2017.02.07 18:47:43.294,1.63946,1.63979,1.50,2.25
2017.02.07 18:47:43.597,1.63948,1.63981,1.87,1.12
2017.02.07 18:47:43.699,1.63948,1.63983,2.62,3.37
2017.02.07 18:47:44.002,1.6395,1.63982,1.00,1.37
2017.02.07 18:47:44.269,1.63948,1.63983,3.37,1.37
2017.02.07 18:47:44.821,1.63949,1.63983,1.00,2.62
2017.02.07 18:47:45.074,1.63949,1.63983,1.37,3.00
2017.02.07 18:47:45.200,1.63949,1.63983,1.12,2.62
2017.02.07 18:47:45.251,1.63949,1.63978,1.12,1.00
2017.02.07 18:47:45.804,1.63948,1.63978,2.62,1.00
2017.02.07 18:47:46.107,1.63951,1.63978,1.00,1.00
2017.02.07 18:47:46.209,1.63949,1.63978,1.87,1.00
2017.02.07 18:47:46.716,1.6395,1.63978,1.00,1.00
2017.02.07 18:47:47.274,1.63949,1.63978,1.12,1.00
2017.02.07 18:47:47.363,1.63951,1.63978,1.00,1.00
2017.02.07 18:47:48.340,1.6395,1.63983,1.50,1.37
2017.02.07 18:47:49.113,1.6395,1.63983,1.00,1.50
2017.02.07 18:47:50.631,1.6395,1.63983,1.00,1.87
2017.02.07 18:47:50.783,1.63948,1.63983,4.12,1.50
2017.02.07 18:47:50.852,1.63949,1.63981,1.00,1.00
2017.02.07 18:47:51.155,1.63948,1.63979,1.00,1.12
2017.02.07 18:47:53.333,1.63948,1.63973,1.00,1.00
2017.02.07 18:47:53.838,1.63944,1.63973,2.25,1.00
2017.02.07 18:47:54.212,1.63943,1.63973,1.00,1.00
2017.02.07 18:47:54.660,1.63941,1.63974,2.25,1.00
2017.02.07 18:47:56.693,1.63941,1.63973,1.50,1.00
2017.02.07 18:47:56.997,1.63944,1.63969,1.00,1.00
2017.02.07 18:47:57.151,1.63941,1.63969,1.50,1.00
2017.02.07 18:47:57.202,1.63943,1.63969,1.50,1.00
2017.02.07 18:47:57.505,1.63945,1.63969,1.00,1.00
2017.02.07 18:47:57.657,1.63945,1.63978,1.12,1.50
2017.02.07 18:47:57.923,1.63946,1.63979,3.00,1.50
2017.02.07 18:47:57.974,1.63949,1.63979,1.00,1.50
2017.02.07 18:47:58.024,1.63947,1.63979,1.00,1.50
2017.02.07 18:47:58.565,1.63947,1.63977,1.00,1.00
2017.02.07 18:47:59.152,1.63945,1.63976,1.50,1.00
2017.02.07 18:48:01.465,1.63945,1.63978,2.25,1.00
2017.02.07 18:48:01.972,1.63945,1.63977,1.50,1.00
2017.02.07 18:48:02.619,1.63945,1.63978,1.50,1.00
2017.02.07 18:48:03.169,1.63947,1.63979,1.50,1.00
2017.02.07 18:48:04.130,1.63949,1.63979,1.50,1.00
2017.02.07 18:48:04.433,1.6395,1.63978,3.00,1.00
2017.02.07 18:48:06.867,1.6395,1.63979,1.50,1.00
2017.02.07 18:48:08.674,1.63948,1.63963,2.62,1.00
2017.02.07 18:48:08.826,1.6394,1.63954,1.00,2.25
2017.02.07 18:48:08.877,1.6394,1.63944,1.00,1.00
2017.02.07 18:48:08.928,1.63921,1.63951,1.75,1.00
2017.02.07 18:48:08.978,1.6392,1.6395,2.25,1.37
2017.02.07 18:48:09.029,1.6392,1.63949,1.00,1.50
2017.02.07 18:48:09.131,1.63918,1.63949,1.00,1.50
2017.02.07 18:48:09.333,1.63916,1.63951,2.25,1.00
2017.02.07 18:48:09.384,1.63916,1.63949,1.50,1.00
2017.02.07 18:48:09.786,1.63913,1.63947,1.12,1.87
2017.02.07 18:48:09.938,1.63913,1.63947,1.50,3.00
2017.02.07 18:48:10.467,1.63914,1.63946,1.00,1.87
2017.02.07 18:48:10.518,1.63918,1.63946,1.00,1.12
2017.02.07 18:48:10.771,1.63911,1.63944,1.12,1.37
2017.02.07 18:48:10.885,1.6391,1.63944,1.37,1.75
2017.02.07 18:48:11.188,1.63908,1.63938,1.50,1.00
2017.02.07 18:48:11.239,1.63908,1.63942,1.50,1.50
2017.02.07 18:48:11.340,1.63908,1.63942,1.50,1.37
2017.02.07 18:48:11.441,1.63909,1.63943,1.12,3.00
2017.02.07 18:48:11.543,1.63909,1.63938,1.00,1.00
2017.02.07 18:48:11.644,1.63909,1.63942,1.12,1.00
2017.02.07 18:48:12.048,1.63909,1.63939,1.00,1.00
2017.02.07 18:48:12.680,1.63908,1.63939,1.00,1.00
2017.02.07 18:48:12.984,1.63913,1.63943,1.12,1.00
2017.02.07 18:48:14.175,1.63911,1.63943,1.50,1.00
2017.02.07 18:48:14.718,1.63915,1.63943,1.00,1.00
2017.02.07 18:48:14.819,1.63915,1.63946,1.00,1.50
2017.02.07 18:48:15.324,1.6391,1.63946,2.62,1.00
2017.02.07 18:48:15.417,1.6391,1.63946,2.25,1.37
2017.02.07 18:48:15.468,1.6391,1.63943,2.25,1.00
2017.02.07 18:48:15.772,1.63916,1.63944,1.00,1.00
2017.02.07 18:48:15.885,1.63914,1.63945,1.00,1.00
2017.02.07 18:48:16.079,1.63912,1.63944,1.00,1.50
2017.02.07 18:48:16.130,1.63908,1.63944,2.21,1.50
2017.02.07 18:48:16.383,1.63908,1.63944,2.96,1.50
2017.02.07 18:48:17.266,1.63908,1.63942,2.96,1.00
2017.02.07 18:48:20.094,1.63908,1.63944,4.46,1.50
2017.02.07 18:48:20.689,1.63908,1.63944,4.46,2.62
2017.02.07 18:48:21.175,1.63908,1.63941,4.46,1.00
2017.02.07 18:48:22.175,1.63908,1.63942,2.59,1.00
2017.02.07 18:48:22.393,1.6391,1.63944,1.12,2.25
2017.02.07 18:48:22.920,1.63913,1.63939,1.00,1.00
2017.02.07 18:48:23.071,1.6391,1.63939,1.50,1.00
2017.02.07 18:48:23.122,1.63909,1.63929,1.37,1.00
2017.02.07 18:48:24.364,1.63912,1.63938,1.00,1.00
2017.02.07 18:48:24.465,1.6391,1.63928,1.00,1.00
2017.02.07 18:48:25.624,1.63909,1.63933,1.37,1.00
2017.02.07 18:48:25.927,1.63908,1.63929,1.50,1.00
2017.02.07 18:48:26.648,1.63908,1.63928,1.50,1.00
2017.02.07 18:48:27.022,1.63908,1.63939,3.75,1.12
2017.02.07 18:48:27.203,1.63916,1.63938,1.12,1.00
2017.02.07 18:48:27.355,1.63918,1.63943,1.84,1.00
2017.02.07 18:48:27.506,1.63922,1.63943,1.00,1.00
2017.02.07 18:48:27.658,1.63921,1.63948,1.00,1.00
2017.02.07 18:48:27.759,1.63925,1.63953,1.00,1.00
2017.02.07 18:48:28.264,1.63926,1.63953,2.25,1.00
2017.02.07 18:48:28.567,1.63923,1.63949,1.87,1.00
2017.02.07 18:48:29.931,1.63924,1.6395,1.00,1.00
2017.02.07 18:48:31.557,1.63926,1.6395,1.37,1.00
2017.02.07 18:48:31.659,1.63929,1.63953,1.00,1.00
2017.02.07 18:48:32.162,1.63928,1.63954,1.87,1.00
2017.02.07 18:48:32.623,1.63927,1.63944,1.12,1.00
2017.02.07 18:48:32.777,1.63921,1.63944,1.37,1.00
2017.02.07 18:48:33.750,1.6392,1.63943,1.12,1.00
2017.02.07 18:48:33.902,1.63923,1.63943,1.00,1.00
2017.02.07 18:48:34.255,1.63921,1.63943,1.00,1.00
2017.02.07 18:48:34.817,1.63923,1.63946,1.00,1.00
2017.02.07 18:48:34.919,1.63926,1.63946,1.00,1.00
2017.02.07 18:48:35.426,1.63926,1.63947,1.00,1.00
2017.02.07 18:48:36.413,1.63923,1.63947,1.00,1.00
2017.02.07 18:48:37.148,1.63921,1.63943,1.00,1.00
2017.02.07 18:48:37.249,1.63918,1.63942,1.37,1.00
2017.02.07 18:48:38.685,1.63918,1.63942,1.71,1.00
2017.02.07 18:48:38.837,1.6392,1.63944,1.84,1.00
2017.02.07 18:48:38.938,1.63928,1.63948,1.09,1.00
2017.02.07 18:48:39.039,1.63924,1.63947,1.50,1.00
2017.02.07 18:48:39.090,1.63927,1.63947,1.00,1.00
2017.02.07 18:48:39.141,1.63923,1.63947,1.37,1.00
2017.02.07 18:48:39.192,1.63922,1.63947,3.71,1.00
2017.02.07 18:48:39.293,1.63924,1.63947,1.00,1.00
2017.02.07 18:48:39.548,1.63922,1.63948,2.25,1.00
2017.02.07 18:48:40.059,1.63922,1.63947,1.00,1.00
2017.02.07 18:48:40.540,1.63922,1.63945,1.00,1.00
2017.02.07 18:48:40.642,1.6392,1.63947,1.00,1.00
2017.02.07 18:48:40.785,1.6392,1.63944,1.00,1.00
2017.02.07 18:48:41.311,1.63918,1.63943,1.87,1.50
2017.02.07 18:48:42.262,1.63914,1.63939,3.00,1.00
2017.02.07 18:48:42.313,1.63914,1.63939,2.62,1.00
2017.02.07 18:48:42.466,1.63912,1.63939,1.50,1.50
2017.02.07 18:48:44.524,1.63916,1.63938,1.00,1.00
2017.02.07 18:48:45.134,1.63915,1.63938,1.00,1.00
2017.02.07 18:48:46.641,1.63912,1.63938,2.25,1.00
2017.02.07 18:48:46.843,1.63912,1.63934,1.00,1.00
2017.02.07 18:48:46.894,1.63909,1.63934,1.12,1.00
2017.02.07 18:48:47.056,1.63909,1.63934,1.37,1.00
2017.02.07 18:48:47.375,1.6391,1.63934,1.50,1.00
2017.02.07 18:48:48.171,1.63908,1.63934,3.37,1.00
2017.02.07 18:48:48.222,1.6391,1.63935,1.00,1.00
2017.02.07 18:48:48.740,1.63911,1.63936,1.00,1.00
2017.02.07 18:48:49.245,1.63913,1.63936,1.12,1.00
2017.02.07 18:48:49.549,1.63915,1.63936,1.00,1.00
2017.02.07 18:48:49.852,1.63908,1.63928,1.37,1.00
2017.02.07 18:48:50.079,1.63906,1.63926,1.50,1.00
2017.02.07 18:48:50.169,1.63904,1.63926,1.00,1.00
2017.02.07 18:48:50.271,1.63907,1.63926,1.00,1.00
2017.02.07 18:48:50.372,1.63906,1.63928,1.00,1.00
2017.02.07 18:48:50.726,1.63904,1.63928,1.12,1.00
2017.02.07 18:48:50.777,1.63906,1.63931,1.00,1.00
2017.02.07 18:48:50.878,1.63903,1.63931,1.12,1.00
2017.02.07 18:48:50.971,1.63903,1.63929,1.12,1.50
2017.02.07 18:48:51.274,1.63902,1.63925,1.00,1.00
2017.02.07 18:48:51.476,1.63903,1.63927,1.00,1.00
2017.02.07 18:48:51.667,1.63904,1.63931,1.00,1.00
2017.02.07 18:48:51.922,1.63903,1.63931,1.87,1.00
2017.02.07 18:48:52.125,1.63903,1.63931,1.00,1.00
2017.02.07 18:48:52.176,1.63903,1.63929,1.00,1.00
2017.02.07 18:48:52.648,1.63903,1.63931,1.37,1.00
2017.02.07 18:48:53.098,1.63903,1.63931,1.50,1.00
2017.02.07 18:48:53.307,1.63902,1.63931,1.00,1.00
2017.02.07 18:48:53.358,1.63901,1.63928,1.12,1.50
2017.02.07 18:48:53.661,1.63901,1.63926,1.12,1.00
2017.02.07 18:48:54.433,1.63901,1.63926,1.50,1.00
2017.02.07 18:48:55.413,1.639,1.63926,1.87,1.00
2017.02.07 18:48:56.561,1.63902,1.63926,1.00,1.00
2017.02.07 18:48:56.662,1.63902,1.63928,1.00,1.50
2017.02.07 18:48:57.227,1.63902,1.63928,1.37,1.00
2017.02.07 18:48:59.150,1.63902,1.63928,1.00,1.00
2017.02.07 18:48:59.664,1.63902,1.63928,1.37,1.00
2017.02.07 18:49:00.144,1.63902,1.63928,1.00,1.00
2017.02.07 18:49:00.790,1.63902,1.63928,1.37,1.00
2017.02.07 18:49:01.981,1.639,1.63926,2.62,1.00
2017.02.07 18:49:02.298,1.639,1.63924,2.62,1.00
2017.02.07 18:49:05.260,1.639,1.63926,1.87,1.00
2017.02.07 18:49:05.361,1.63901,1.63928,1.50,1.00
2017.02.07 18:49:05.682,1.63903,1.63929,1.37,1.00
2017.02.07 18:49:05.955,1.63906,1.63931,1.12,1.00
2017.02.07 18:49:06.207,1.63906,1.63931,1.50,1.00
2017.02.07 18:49:07.191,1.63906,1.63931,1.12,1.00
2017.02.07 18:49:09.167,1.63907,1.63931,2.25,1.00
2017.02.07 18:49:09.218,1.6391,1.63931,1.00,1.00
2017.02.07 18:49:09.269,1.63911,1.63934,1.50,1.00
2017.02.07 18:49:09.370,1.63911,1.63936,1.12,1.00
2017.02.07 18:49:09.673,1.63911,1.63936,2.62,1.00
2017.02.07 18:49:10.282,1.6391,1.63933,1.87,1.00
2017.02.07 18:49:10.612,1.63908,1.63933,1.75,1.00
2017.02.07 18:49:10.663,1.63907,1.63933,2.25,1.00
2017.02.07 18:49:11.069,1.63909,1.63933,1.50,1.50
2017.02.07 18:49:12.270,1.6391,1.63933,1.50,1.00
2017.02.07 18:49:12.814,1.6391,1.63934,1.00,1.00
2017.02.07 18:49:14.123,1.63914,1.63934,1.00,1.00
2017.02.07 18:49:14.426,1.63917,1.63942,1.12,1.00
2017.02.07 18:49:14.578,1.63917,1.63942,1.50,1.00
2017.02.07 18:49:15.081,1.63917,1.63943,2.25,1.00
2017.02.07 18:49:15.605,1.63926,1.63944,1.12,1.00
2017.02.07 18:49:15.656,1.63928,1.6395,1.50,1.00
2017.02.07 18:49:15.858,1.63927,1.63954,2.62,1.00
2017.02.07 18:49:16.641,1.63927,1.63953,1.12,1.00
2017.02.07 18:49:17.162,1.63927,1.63954,1.00,1.50
2017.02.07 18:49:17.869,1.63927,1.63953,3.00,1.50
2017.02.07 18:49:18.334,1.63927,1.63953,3.37,1.50
2017.02.07 18:49:19.717,1.63926,1.63948,4.87,1.00
2017.02.07 18:49:21.689,1.63926,1.63953,4.87,1.50
2017.02.07 18:49:23.209,1.63928,1.63948,1.37,1.00
2017.02.07 18:49:23.361,1.63931,1.63955,2.25,1.00
2017.02.07 18:49:23.412,1.63935,1.63955,1.00,1.00
2017.02.07 18:49:23.463,1.63935,1.63957,1.00,1.00
2017.02.07 18:49:23.514,1.63931,1.63957,2.25,1.00
2017.02.07 18:49:23.666,1.63932,1.63957,1.37,1.00
2017.02.07 18:49:24.000,1.63931,1.63957,1.87,1.00
2017.02.07 18:49:24.051,1.63931,1.63948,1.50,1.00
2017.02.07 18:49:28.057,1.63928,1.63948,1.00,1.00
2017.02.07 18:49:28.573,1.63927,1.63948,1.12,1.00
2017.02.07 18:49:28.737,1.63927,1.63948,1.50,1.00
2017.02.07 18:49:29.274,1.63931,1.63948,1.00,1.00
2017.02.07 18:49:29.426,1.63931,1.63954,1.00,1.00
2017.02.07 18:49:29.963,1.63933,1.63948,1.00,1.00
2017.02.07 18:49:30.028,1.63937,1.63953,1.00,1.00
2017.02.07 18:49:30.130,1.63932,1.63953,1.50,1.00
2017.02.07 18:49:30.182,1.63934,1.63953,1.00,1.00
2017.02.07 18:49:30.485,1.63937,1.63954,1.34,1.00
2017.02.07 18:49:34.234,1.63937,1.63959,2.21,1.00
2017.02.07 18:49:35.122,1.63937,1.63958,1.46,1.00
2017.02.07 18:49:36.146,1.63937,1.63959,2.62,1.00
2017.02.07 18:49:38.499,1.63938,1.63959,1.00,1.00
2017.02.07 18:49:40.294,1.63938,1.63958,1.00,1.00
2017.02.07 18:49:41.369,1.6394,1.63958,1.00,1.00
2017.02.07 18:49:42.381,1.63942,1.63962,1.00,1.00
2017.02.07 18:49:42.432,1.63942,1.63965,1.09,1.00
2017.02.07 18:49:42.622,1.63944,1.63969,1.12,1.00
2017.02.07 18:49:43.629,1.63944,1.63963,1.00,1.00
2017.02.07 18:49:43.934,1.63938,1.63959,2.62,1.00
2017.02.07 18:49:43.985,1.63938,1.63959,1.87,1.00
2017.02.07 18:49:44.086,1.63939,1.63959,1.00,1.00
2017.02.07 18:49:44.337,1.63939,1.63954,1.00,1.00
2017.02.07 18:49:44.388,1.63936,1.63954,1.12,1.00
2017.02.07 18:49:45.943,1.63936,1.63953,1.00,1.00
2017.02.07 18:49:46.112,1.63935,1.63958,1.00,1.00
2017.02.07 18:49:46.163,1.63935,1.63954,1.00,1.00
2017.02.07 18:49:46.314,1.63938,1.63958,1.00,1.00
2017.02.07 18:49:46.861,1.63937,1.63958,1.87,1.00
2017.02.07 18:49:47.215,1.63936,1.63953,1.87,1.00
2017.02.07 18:49:49.127,1.63936,1.63953,1.87,1.00
2017.02.07 18:49:49.228,1.63937,1.63958,1.12,1.00
2017.02.07 18:49:50.172,1.63938,1.63958,1.00,1.00
2017.02.07 18:49:50.781,1.63937,1.63958,1.00,1.00
2017.02.07 18:49:51.348,1.63936,1.63958,1.87,1.00
2017.02.07 18:49:52.259,1.63938,1.63961,1.00,1.00
2017.02.07 18:49:52.310,1.63941,1.63961,1.00,1.00
2017.02.07 18:49:52.610,1.63938,1.63961,1.50,1.00
2017.02.07 18:49:52.762,1.63938,1.63958,1.00,1.00
2017.02.07 18:49:53.638,1.63938,1.63954,1.00,1.00
2017.02.07 18:49:53.790,1.63932,1.63954,1.00,1.50
2017.02.07 18:49:53.841,1.63931,1.63943,1.37,1.00
2017.02.07 18:49:53.893,1.6393,1.63943,1.00,1.00
2017.02.07 18:49:53.944,1.6393,1.63948,1.50,1.00
2017.02.07 18:49:53.996,1.6393,1.63944,1.37,1.00
2017.02.07 18:49:54.048,1.6393,1.63949,1.50,1.00
2017.02.07 18:49:54.099,1.6393,1.63944,1.50,1.00
2017.02.07 18:49:54.150,1.6393,1.63949,1.50,1.00
2017.02.07 18:49:54.438,1.63927,1.63949,2.25,1.00
2017.02.07 18:49:54.490,1.63926,1.63944,1.46,1.00
2017.02.07 18:49:54.843,1.63925,1.63948,1.34,1.00
2017.02.07 18:49:55.214,1.63924,1.63944,1.46,1.00
2017.02.07 18:49:57.805,1.63924,1.63943,1.84,1.00
2017.02.07 18:49:57.856,1.6393,1.63948,1.00,1.50
2017.02.07 18:49:57.957,1.63927,1.63948,1.84,1.00
2017.02.07 18:49:58.008,1.63929,1.63951,1.87,1.00
2017.02.07 18:49:58.059,1.6393,1.63954,1.50,1.50
2017.02.07 18:49:58.588,1.63931,1.63953,1.00,1.00
2017.02.07 18:49:58.739,1.63932,1.63958,1.00,1.00
2017.02.07 18:49:58.841,1.63931,1.63955,1.37,1.00
2017.02.07 18:49:58.943,1.6393,1.63957,1.50,1.00
2017.02.07 18:49:59.044,1.6393,1.63957,1.50,1.00
2017.02.07 18:49:59.145,1.6393,1.63954,1.50,1.00
2017.02.07 18:49:59.552,1.63928,1.63954,1.00,1.50
2017.02.07 18:50:00.097,1.63927,1.63954,1.00,1.00
2017.02.07 18:50:00.603,1.63927,1.63953,1.37,1.00
2017.02.07 18:50:01.108,1.63929,1.63953,1.00,1.00
2017.02.07 18:50:02.141,1.63927,1.63953,1.50,1.00
2017.02.07 18:50:02.852,1.63927,1.63954,1.50,1.50
2017.02.07 18:50:03.458,1.63927,1.63954,1.37,1.50
2017.02.07 18:50:06.650,1.63932,1.63953,1.09,1.00
2017.02.07 18:50:08.462,1.63933,1.63953,1.00,1.00
2017.02.07 18:50:08.986,1.63934,1.63954,1.00,1.00
2017.02.07 18:50:09.244,1.63936,1.63958,1.00,1.00
2017.02.07 18:50:09.794,1.63933,1.63958,1.87,1.00
2017.02.07 18:50:10.357,1.63933,1.63958,1.87,1.00
2017.02.07 18:50:14.456,1.63933,1.63958,1.50,1.00
2017.02.07 18:50:15.219,1.63933,1.63958,1.37,1.00
2017.02.07 18:50:16.165,1.63934,1.63958,1.00,1.00
2017.02.07 18:50:16.469,1.63933,1.63953,1.12,1.00
2017.02.07 18:50:17.333,1.63932,1.63958,1.46,1.00
2017.02.07 18:50:17.435,1.63934,1.63964,1.00,1.00
2017.02.07 18:50:17.536,1.63933,1.63958,1.00,1.00
2017.02.07 18:50:18.091,1.63934,1.63958,1.12,1.00
2017.02.07 18:50:18.462,1.63936,1.63959,1.00,1.00
2017.02.07 18:50:18.809,1.63937,1.63959,1.37,1.00
2017.02.07 18:50:19.323,1.63937,1.63959,1.00,1.00
2017.02.07 18:50:19.872,1.63936,1.63959,1.50,1.00
2017.02.07 18:50:20.717,1.63936,1.63964,1.50,1.00
2017.02.07 18:50:24.816,1.63935,1.63964,2.25,1.00
2017.02.07 18:50:25.428,1.63935,1.63963,2.25,1.00
2017.02.07 18:50:25.825,1.63935,1.63963,1.50,1.00
2017.02.07 18:50:26.166,1.63935,1.63958,1.50,1.00
2017.02.07 18:50:27.938,1.63935,1.63958,1.37,1.00
2017.02.07 18:50:29.243,1.63936,1.63963,1.50,1.00
2017.02.07 18:50:29.394,1.63945,1.63965,1.00,1.00
2017.02.07 18:50:29.445,1.63946,1.63968,1.00,1.00
2017.02.07 18:50:29.982,1.63946,1.63969,1.37,1.00
2017.02.07 18:50:32.195,1.63944,1.63969,1.50,1.00
2017.02.07 18:50:32.481,1.63943,1.63969,1.12,1.00
2017.02.07 18:50:33.013,1.63942,1.63968,1.87,1.00
2017.02.07 18:50:34.123,1.63943,1.63968,1.37,1.00
2017.02.07 18:50:34.660,1.63941,1.63968,1.87,1.00
2017.02.07 18:50:34.711,1.6394,1.63968,1.75,1.00
2017.02.07 18:50:34.964,1.63944,1.63969,1.00,1.00
2017.02.07 18:50:35.240,1.63945,1.63973,1.00,1.00
2017.02.07 18:50:35.291,1.63947,1.63973,1.00,1.00
2017.02.07 18:50:35.611,1.63945,1.63969,1.00,1.00
2017.02.07 18:50:35.914,1.63941,1.63959,1.00,1.00
2017.02.07 18:50:35.965,1.63938,1.63968,2.21,1.00
2017.02.07 18:50:36.116,1.63943,1.63968,1.00,1.00
2017.02.07 18:50:36.482,1.63943,1.63968,1.87,1.00
2017.02.07 18:50:36.812,1.63943,1.63968,1.00,1.00
2017.02.07 18:50:37.922,1.63944,1.63969,1.00,1.00
2017.02.07 18:50:37.972,1.63947,1.63969,1.00,1.00
2017.02.07 18:50:38.175,1.63942,1.63968,2.25,1.00
2017.02.07 18:50:38.226,1.63943,1.63963,1.37,1.00
2017.02.07 18:50:38.633,1.63943,1.63963,3.75,1.00
2017.02.07 18:50:39.242,1.63944,1.63963,1.00,1.00
2017.02.07 18:50:39.774,1.63943,1.63963,3.00,1.00
2017.02.07 18:50:40.027,1.63942,1.63963,1.37,1.00
2017.02.07 18:50:40.229,1.63941,1.63963,2.25,1.00
2017.02.07 18:50:40.653,1.63942,1.63963,2.25,1.00
2017.02.07 18:50:40.755,1.63942,1.63968,1.75,1.00
2017.02.07 18:50:40.856,1.63942,1.63971,2.25,1.00
2017.02.07 18:50:41.161,1.63944,1.63971,1.37,1.00
2017.02.07 18:50:41.212,1.63944,1.63974,1.37,1.50
2017.02.07 18:50:41.744,1.63944,1.63973,1.37,1.00
2017.02.07 18:50:43.206,1.63944,1.63974,1.37,1.50
2017.02.07 18:50:43.900,1.63945,1.63974,1.12,1.50
2017.02.07 18:50:44.053,1.63949,1.63974,1.00,1.00
2017.02.07 18:50:44.357,1.6395,1.63974,2.25,1.00
2017.02.07 18:50:44.863,1.63952,1.63974,1.12,1.00
2017.02.07 18:50:45.166,1.63954,1.63974,1.00,1.00
2017.02.07 18:50:45.497,1.63952,1.63974,1.00,1.00
2017.02.07 18:50:45.548,1.63951,1.63968,1.00,1.00
2017.02.07 18:50:45.951,1.63951,1.63974,1.00,1.00
2017.02.07 18:50:48.875,1.6395,1.63974,1.50,1.00
2017.02.07 18:50:49.128,1.63951,1.63969,1.00,1.00
2017.02.07 18:50:49.178,1.6395,1.63974,2.25,1.00
2017.02.07 18:50:49.687,1.63951,1.63974,1.00,1.00
2017.02.07 18:50:50.034,1.63949,1.63974,2.59,1.00
2017.02.07 18:50:50.600,1.6395,1.63974,1.00,1.00
2017.02.07 18:50:51.393,1.63951,1.63974,1.00,1.00
2017.02.07 18:50:51.918,1.63952,1.63977,1.00,1.00
2017.02.07 18:50:52.020,1.63952,1.63973,1.46,1.00
2017.02.07 18:50:52.323,1.63956,1.63973,1.00,1.00
2017.02.07 18:50:52.424,1.63956,1.63983,1.00,1.50
2017.02.07 18:50:52.942,1.63956,1.63984,1.87,1.00
2017.02.07 18:50:53.710,1.63956,1.63984,1.00,1.00
2017.02.07 18:50:56.657,1.63956,1.63983,1.87,1.00
2017.02.07 18:50:57.141,1.63954,1.63983,1.87,1.00
2017.02.07 18:50:57.912,1.63954,1.63979,1.12,1.00
2017.02.07 18:50:58.441,1.63957,1.63979,1.00,1.00
2017.02.07 18:50:59.957,1.63956,1.63979,1.00,1.00
2017.02.07 18:51:00.260,1.6395,1.63969,1.87,1.00
2017.02.07 18:51:00.635,1.63953,1.63973,1.00,1.00
2017.02.07 18:51:00.887,1.63955,1.63973,1.00,1.00
2017.02.07 18:51:01.089,1.63952,1.63973,1.00,1.00
2017.02.07 18:51:01.140,1.63951,1.63968,1.00,1.00
2017.02.07 18:51:01.825,1.6395,1.63968,1.50,1.00
2017.02.07 18:51:03.119,1.6395,1.63973,1.12,1.00
2017.02.07 18:51:03.220,1.6395,1.63977,1.00,1.12
2017.02.07 18:51:03.271,1.63947,1.63974,1.00,1.00
2017.02.07 18:51:03.624,1.63952,1.63974,1.00,1.00
2017.02.07 18:51:03.675,1.63953,1.63978,1.00,1.00
2017.02.07 18:51:03.877,1.63951,1.63978,1.00,1.00
2017.02.07 18:51:03.987,1.63954,1.63978,1.00,1.00
2017.02.07 18:51:04.525,1.63954,1.63979,1.12,1.50
2017.02.07 18:51:08.338,1.63954,1.63978,1.12,1.00
2017.02.07 18:51:08.540,1.63952,1.63979,1.12,1.50
2017.02.07 18:51:08.641,1.63953,1.63977,1.00,1.00
2017.02.07 18:51:09.194,1.63952,1.63977,1.50,1.00
2017.02.07 18:51:09.561,1.63951,1.63973,1.87,1.00
2017.02.07 18:51:09.864,1.63949,1.63969,1.37,1.00
2017.02.07 18:51:10.016,1.63948,1.63969,1.09,1.00
2017.02.07 18:51:10.067,1.6395,1.63969,1.00,1.00
2017.02.07 18:51:10.522,1.63948,1.63969,1.84,1.00
2017.02.07 18:51:11.028,1.63948,1.63968,1.46,1.00
2017.02.07 18:51:11.565,1.63949,1.63968,1.00,1.00
2017.02.07 18:51:12.636,1.63948,1.63968,1.09,1.00
2017.02.07 18:51:12.822,1.63948,1.63973,1.09,1.00
2017.02.07 18:51:12.974,1.6395,1.63973,1.00,1.00
2017.02.07 18:51:13.600,1.63951,1.63973,1.00,1.00
2017.02.07 18:51:14.133,1.6395,1.63973,1.00,1.00
2017.02.07 18:51:15.514,1.63951,1.63973,1.00,1.00
2017.02.07 18:51:18.736,1.6395,1.63973,1.00,1.00
2017.02.07 18:51:19.039,1.63962,1.63983,1.84,1.00
2017.02.07 18:51:22.239,1.63962,1.63988,1.34,1.00
2017.02.07 18:51:24.121,1.63964,1.63989,1.34,1.50
2017.02.07 18:51:24.395,1.63963,1.63987,1.34,1.00
2017.02.07 18:51:24.446,1.63962,1.63987,1.00,1.00
2017.02.07 18:51:24.598,1.63961,1.63983,1.50,1.00
2017.02.07 18:51:25.140,1.63962,1.63983,1.00,1.00
2017.02.07 18:51:25.651,1.63961,1.63983,1.12,1.00
2017.02.07 18:51:29.188,1.63959,1.63983,1.87,1.00
2017.02.07 18:51:30.178,1.63961,1.63983,1.00,1.00
2017.02.07 18:51:30.481,1.63963,1.63984,1.00,1.00
2017.02.07 18:51:30.776,1.63964,1.63989,3.34,1.00
2017.02.07 18:51:30.827,1.63968,1.63989,1.09,1.00
2017.02.07 18:51:30.878,1.63966,1.63993,1.34,1.50
2017.02.07 18:51:30.928,1.63966,1.63989,1.34,1.00
2017.02.07 18:51:31.433,1.63966,1.63988,1.71,1.00
2017.02.07 18:51:31.736,1.63968,1.63994,1.46,1.00
2017.02.07 18:51:32.559,1.63966,1.63989,2.25,1.00
2017.02.07 18:51:32.862,1.63967,1.63994,1.00,1.50
2017.02.07 18:51:36.380,1.63967,1.63991,1.12,1.00
2017.02.07 18:51:36.633,1.63965,1.63991,1.50,1.00
2017.02.07 18:51:37.170,1.63966,1.63991,1.00,1.00
2017.02.07 18:51:40.262,1.63966,1.63991,1.34,1.00
2017.02.07 18:51:40.415,1.63968,1.63994,1.09,1.00
2017.02.07 18:51:40.617,1.63971,1.63994,1.00,1.00
2017.02.07 18:51:41.221,1.6397,1.63994,1.12,1.00
2017.02.07 18:51:45.138,1.63969,1.63993,1.37,1.00
2017.02.07 18:51:45.442,1.63966,1.63993,2.96,1.00
2017.02.07 18:51:45.619,1.63959,1.63983,1.12,1.00
2017.02.07 18:51:46.453,1.63958,1.63983,1.00,1.50
2017.02.07 18:51:47.740,1.63959,1.63979,1.00,1.00
2017.02.07 18:51:48.195,1.63959,1.63984,1.00,1.50
2017.02.07 18:51:48.711,1.63958,1.63984,1.87,1.00
2017.02.07 18:51:49.216,1.63958,1.63984,1.88,1.00
2017.02.07 18:51:49.267,1.63958,1.63978,1.88,1.00
2017.02.07 18:51:49.368,1.63958,1.63983,1.51,1.00
2017.02.07 18:51:49.728,1.63957,1.63983,1.87,1.00
2017.02.07 18:51:50.270,1.63958,1.63984,1.00,1.50
2017.02.07 18:51:50.624,1.63952,1.63978,1.87,1.00
2017.02.07 18:51:50.877,1.63945,1.63969,2.63,1.00
2017.02.07 18:51:51.029,1.63945,1.63974,3.38,1.50
2017.02.07 18:51:51.080,1.6395,1.63974,1.00,1.50
2017.02.07 18:51:51.355,1.63955,1.6398,1.00,1.00
2017.02.07 18:51:51.457,1.63953,1.63982,1.84,1.00
2017.02.07 18:51:51.558,1.63952,1.63974,1.50,1.00
2017.02.07 18:51:51.659,1.63949,1.63973,1.37,1.00
2017.02.07 18:51:51.710,1.63948,1.63973,1.00,1.00
2017.02.07 18:51:52.285,1.63947,1.63972,1.00,1.00
2017.02.07 18:51:52.851,1.63946,1.63972,1.00,1.00
2017.02.07 18:51:53.749,1.63946,1.63969,1.00,1.00
2017.02.07 18:51:59.183,1.63945,1.63969,1.12,1.00
2017.02.07 18:52:03.377,1.63947,1.63972,1.00,1.00
2017.02.07 18:52:03.529,1.63952,1.63972,1.10,1.00
2017.02.07 18:52:03.580,1.63951,1.63972,1.47,1.00
2017.02.07 18:52:03.631,1.63954,1.63979,1.15,1.50
2017.02.07 18:52:03.732,1.63954,1.63979,2.26,1.00
2017.02.07 18:52:03.783,1.63958,1.63979,1.00,1.00
2017.02.07 18:52:04.154,1.63955,1.6398,1.00,1.00
2017.02.07 18:52:04.255,1.63953,1.63977,1.12,1.00
2017.02.07 18:52:04.559,1.63955,1.63979,1.13,1.00
2017.02.07 18:52:06.681,1.63954,1.63979,1.09,1.00
2017.02.07 18:52:07.213,1.63954,1.63978,1.09,1.00
2017.02.07 18:52:08.222,1.63954,1.63979,1.09,1.50
2017.02.07 18:52:08.778,1.63955,1.63979,1.00,1.50
2017.02.07 18:52:08.829,1.63955,1.63981,1.50,1.00
2017.02.07 18:52:09.353,1.63956,1.63981,1.00,1.00
2017.02.07 18:52:10.189,1.63959,1.63981,1.00,1.00
2017.02.07 18:52:10.341,1.63959,1.63984,1.00,1.50
2017.02.07 18:52:10.846,1.63961,1.63984,1.00,1.00
2017.02.07 18:52:10.897,1.63959,1.63984,1.00,1.00
2017.02.07 18:52:10.948,1.63959,1.63982,1.00,1.00
2017.02.07 18:52:11.269,1.6396,1.63987,1.00,1.00
2017.02.07 18:52:11.517,1.63962,1.63986,1.00,1.00
2017.02.07 18:52:11.819,1.63962,1.63983,1.00,1.00
2017.02.07 18:52:12.721,1.6396,1.63983,1.00,1.50
2017.02.07 18:52:13.391,1.63959,1.63983,1.00,1.00
2017.02.07 18:52:18.302,1.63956,1.63979,1.00,1.00
2017.02.07 18:52:18.605,1.6395,1.63972,1.00,1.00
2017.02.07 18:52:18.706,1.63948,1.63972,1.00,1.00
2017.02.07 18:52:18.757,1.63948,1.63969,1.00,1.00
2017.02.07 18:52:18.966,1.63949,1.63972,1.00,1.00
2017.02.07 18:52:19.621,1.63948,1.63972,1.00,1.00
2017.02.07 18:52:20.044,1.63947,1.63968,1.12,1.00
2017.02.07 18:52:20.196,1.63948,1.63974,1.00,1.50
2017.02.07 18:52:20.486,1.63948,1.63971,1.00,1.00
2017.02.07 18:52:22.151,1.63947,1.63971,1.00,1.00
2017.02.07 18:52:22.652,1.63946,1.63971,1.00,1.00
2017.02.07 18:52:23.265,1.63946,1.63971,1.37,1.00
2017.02.07 18:52:23.572,1.63946,1.63969,1.37,1.00
2017.02.07 18:52:24.253,1.63946,1.63969,1.12,1.00
2017.02.07 18:52:24.555,1.63946,1.63963,1.00,1.00
2017.02.07 18:52:24.707,1.63944,1.63963,1.00,1.00
2017.02.07 18:52:25.355,1.63944,1.63964,1.00,1.00
2017.02.07 18:52:25.903,1.63943,1.63964,1.09,1.00
2017.02.07 18:52:27.625,1.63943,1.63963,1.09,1.00
2017.02.07 18:52:30.178,1.63944,1.63963,1.00,1.00
2017.02.07 18:52:30.280,1.63948,1.63963,1.00,1.00
2017.02.07 18:52:30.331,1.63949,1.63968,1.46,1.00
2017.02.07 18:52:30.534,1.63955,1.63973,1.34,1.00
2017.02.07 18:52:30.635,1.63956,1.63978,1.34,1.50
2017.02.07 18:52:31.145,1.63959,1.63978,1.09,1.00
2017.02.07 18:52:31.815,1.63961,1.63978,1.00,1.00
2017.02.07 18:52:32.318,1.6396,1.63978,1.00,1.00
2017.02.07 18:52:34.444,1.63961,1.63983,1.00,1.00
2017.02.07 18:52:34.648,1.63958,1.6398,1.12,1.00
2017.02.07 18:52:34.749,1.63957,1.63981,1.50,1.00
2017.02.07 18:52:34.800,1.63958,1.63979,1.00,1.00
2017.02.07 18:52:34.952,1.63958,1.63983,1.00,1.50
2017.02.07 18:52:35.086,1.6396,1.63983,1.00,1.50
2017.02.07 18:52:35.339,1.63955,1.6398,1.00,1.00
2017.02.07 18:52:35.440,1.63957,1.63981,1.00,1.00
2017.02.07 18:52:35.941,1.63957,1.6398,1.00,1.00
2017.02.07 18:52:36.543,1.63955,1.63977,1.12,1.00
2017.02.07 18:52:37.031,1.63956,1.63979,1.00,1.00
2017.02.07 18:52:38.150,1.63956,1.63978,1.00,1.00
2017.02.07 18:52:38.323,1.63954,1.63978,1.00,1.00
2017.02.07 18:52:38.424,1.63953,1.63973,1.00,1.00
2017.02.07 18:52:38.943,1.63954,1.63974,1.00,1.00
2017.02.07 18:52:39.397,1.63951,1.63974,1.37,1.00
2017.02.07 18:52:39.942,1.63951,1.63974,1.00,1.50
2017.02.07 18:52:40.450,1.6395,1.63974,1.00,1.50
2017.02.07 18:52:41.033,1.6395,1.63973,1.00,1.00
2017.02.07 18:52:41.084,1.6395,1.63968,1.00,1.00
2017.02.07 18:52:41.715,1.63949,1.63973,1.00,1.00
2017.02.07 18:52:47.325,1.63951,1.63974,1.00,1.00
2017.02.07 18:52:48.440,1.6395,1.63975,1.00,1.00
2017.02.07 18:52:48.845,1.63951,1.63973,1.00,1.00
2017.02.07 18:52:49.371,1.63952,1.63974,1.00,1.00
2017.02.07 18:52:50.185,1.63956,1.63978,1.00,1.50
2017.02.07 18:52:50.236,1.63958,1.63981,1.50,1.00
2017.02.07 18:52:50.288,1.63963,1.63981,1.00,1.00
2017.02.07 18:52:50.339,1.63963,1.63985,1.09,1.00
2017.02.07 18:52:50.390,1.63963,1.63985,1.34,1.00
2017.02.07 18:52:50.543,1.63961,1.63985,1.12,1.00
2017.02.07 18:52:50.644,1.63961,1.63987,2.25,1.00
2017.02.07 18:52:51.162,1.63966,1.63988,1.50,1.00
2017.02.07 18:52:51.263,1.6397,1.63993,1.00,1.00
2017.02.07 18:52:51.366,1.63975,1.63997,1.00,1.00
2017.02.07 18:52:51.457,1.63974,1.63999,1.00,1.50
2017.02.07 18:52:51.845,1.63972,1.63999,1.00,1.00
2017.02.07 18:52:52.135,1.63972,1.63996,1.00,1.00
2017.02.07 18:52:52.437,1.63972,1.63993,1.00,1.00
2017.02.07 18:52:52.538,1.63969,1.63993,1.00,1.00
2017.02.07 18:52:52.640,1.63969,1.63991,1.00,1.00
2017.02.07 18:52:52.741,1.63969,1.63996,1.00,1.12
2017.02.07 18:52:52.952,1.63968,1.63993,1.00,1.00
2017.02.07 18:52:53.570,1.63967,1.63993,1.00,1.00
2017.02.07 18:52:53.949,1.63967,1.63988,1.00,1.00
2017.02.07 18:52:54.001,1.63965,1.63988,1.00,1.00
2017.02.07 18:52:54.513,1.63966,1.63989,1.00,1.00
2017.02.07 18:52:55.150,1.63967,1.63989,1.00,1.00
2017.02.07 18:52:56.788,1.63966,1.63989,1.00,1.00
2017.02.07 18:52:56.839,1.63962,1.63989,1.37,1.00
2017.02.07 18:52:56.890,1.63961,1.63984,1.37,1.00
2017.02.07 18:52:56.991,1.63961,1.63984,1.00,1.00
2017.02.07 18:52:57.193,1.63958,1.63983,1.87,1.00
2017.02.07 18:52:57.244,1.63959,1.63985,1.00,1.00
2017.02.07 18:52:57.446,1.63959,1.63987,1.00,1.00
2017.02.07 18:52:57.653,1.63959,1.63983,1.00,1.00
2017.02.07 18:52:57.855,1.63959,1.63986,1.50,1.00
2017.02.07 18:52:58.108,1.63961,1.63986,1.00,1.00
2017.02.07 18:52:58.263,1.6396,1.63988,1.00,1.50
2017.02.07 18:52:58.314,1.63958,1.6398,1.12,1.00
2017.02.07 18:52:58.467,1.63949,1.63976,1.12,1.00
2017.02.07 18:52:58.568,1.63947,1.63976,1.50,1.00
2017.02.07 18:52:58.619,1.63948,1.63974,1.00,1.00
2017.02.07 18:52:58.821,1.63945,1.63973,2.25,1.00
2017.02.07 18:52:58.922,1.63945,1.63968,1.00,1.00
2017.02.07 18:52:59.079,1.63939,1.63968,1.00,1.00
2017.02.07 18:52:59.156,1.63941,1.63963,1.00,1.00
2017.02.07 18:52:59.257,1.63944,1.6397,1.00,1.00
2017.02.07 18:52:59.308,1.63948,1.6397,1.00,1.00
2017.02.07 18:52:59.359,1.63948,1.63973,1.00,1.00
2017.02.07 18:52:59.898,1.63947,1.63974,1.00,1.00
2017.02.07 18:53:00.181,1.63942,1.63967,1.00,1.00
2017.02.07 18:53:00.639,1.63942,1.63964,1.00,1.00
2017.02.07 18:53:00.842,1.63938,1.63965,1.37,1.00
2017.02.07 18:53:01.145,1.6394,1.63967,1.00,1.00
2017.02.07 18:53:01.398,1.63943,1.63967,1.00,1.00
2017.02.07 18:53:01.752,1.63936,1.63958,1.37,1.00
2017.02.07 18:53:01.803,1.63936,1.63958,1.00,1.00
2017.02.07 18:53:01.854,1.63934,1.63962,1.37,1.00
2017.02.07 18:53:01.955,1.63934,1.63959,1.37,1.00
2017.02.07 18:53:02.157,1.6394,1.63967,1.09,1.00
2017.02.07 18:53:02.259,1.63942,1.63967,1.00,1.00
2017.02.07 18:53:02.770,1.63941,1.63966,1.00,1.00
2017.02.07 18:53:02.821,1.63939,1.63966,1.00,1.00
2017.02.07 18:53:02.923,1.63939,1.63963,1.00,1.00
2017.02.07 18:53:03.075,1.63934,1.63961,2.62,1.00
2017.02.07 18:53:03.126,1.63934,1.63959,1.37,1.00
2017.02.07 18:53:03.277,1.63932,1.63959,1.00,1.00
2017.02.07 18:53:03.784,1.63933,1.63959,1.00,1.50
2017.02.07 18:53:04.315,1.63933,1.63958,1.00,1.00
2017.02.07 18:53:04.909,1.63933,1.63957,1.00,1.00
2017.02.07 18:53:05.001,1.6393,1.63957,1.12,1.00
2017.02.07 18:53:05.102,1.63925,1.63953,1.50,1.00
2017.02.07 18:53:05.405,1.63919,1.63946,1.00,1.00
2017.02.07 18:53:06.627,1.6392,1.63946,1.00,1.00
2017.02.07 18:53:07.025,1.63919,1.63943,1.00,1.00
2017.02.07 18:53:07.551,1.63918,1.63943,1.50,1.00
2017.02.07 18:53:07.880,1.63916,1.6394,1.37,1.00
2017.02.07 18:53:08.133,1.63916,1.63942,1.37,1.00
2017.02.07 18:53:10.379,1.63918,1.63942,1.00,1.00
2017.02.07 18:53:11.012,1.63918,1.63943,1.00,1.00
2017.02.07 18:53:11.624,1.63917,1.63943,1.12,1.00
2017.02.07 18:53:11.676,1.63919,1.63943,1.00,1.00
2017.02.07 18:53:15.726,1.63919,1.63946,1.00,1.00
2017.02.07 18:53:17.271,1.63918,1.63946,1.00,1.00
2017.02.07 18:53:17.322,1.6392,1.63946,1.00,1.00
2017.02.07 18:53:17.837,1.6392,1.63945,1.00,1.00
2017.02.07 18:53:20.302,1.63921,1.63945,1.00,1.00
2017.02.07 18:53:20.824,1.63922,1.63945,1.00,1.00
2017.02.07 18:53:20.875,1.6392,1.63945,1.00,1.00
2017.02.07 18:53:20.926,1.63927,1.63947,1.12,1.00
2017.02.07 18:53:21.028,1.6393,1.63954,1.87,1.00
2017.02.07 18:53:21.129,1.63931,1.63958,1.12,1.00
2017.02.07 18:53:22.234,1.63932,1.63958,1.00,1.00
2017.02.07 18:53:22.416,1.63936,1.63958,1.00,1.00
2017.02.07 18:53:22.520,1.6394,1.63968,2.21,1.00
2017.02.07 18:53:22.621,1.63944,1.63968,1.00,1.00
2017.02.07 18:53:23.380,1.63945,1.63969,1.00,1.00
2017.02.07 18:53:24.095,1.63943,1.63969,1.00,1.00
2017.02.07 18:53:24.679,1.63943,1.63968,1.00,1.00
2017.02.07 18:53:25.540,1.63941,1.63968,1.00,1.00
2017.02.07 18:53:25.641,1.63939,1.63963,1.37,1.00
2017.02.07 18:53:25.742,1.63937,1.63963,1.87,1.00
2017.02.07 18:53:25.793,1.6394,1.63963,1.00,1.00
2017.02.07 18:53:29.762,1.6394,1.63965,1.00,1.00
2017.02.07 18:53:29.863,1.63942,1.63969,1.00,1.00
2017.02.07 18:53:30.226,1.63943,1.63971,1.37,1.12
2017.02.07 18:53:30.744,1.63943,1.63971,1.00,1.12
2017.02.07 18:53:32.343,1.6394,1.6397,1.87,1.00
2017.02.07 18:53:32.394,1.63945,1.6397,1.00,1.00
2017.02.07 18:53:32.596,1.63949,1.63976,1.50,1.00
2017.02.07 18:53:32.748,1.63947,1.63974,1.87,1.00
2017.02.07 18:53:33.317,1.63947,1.63973,2.62,1.00
2017.02.07 18:53:33.831,1.63947,1.63973,2.25,1.00
2017.02.07 18:53:34.451,1.63947,1.63974,2.25,1.00
2017.02.07 18:53:34.968,1.63947,1.63973,1.87,1.50
2017.02.07 18:53:35.290,1.63945,1.63969,1.00,1.00
2017.02.07 18:53:35.623,1.63947,1.63969,1.00,1.00
2017.02.07 18:53:35.876,1.63945,1.6397,1.12,1.00
2017.02.07 18:53:36.431,1.63946,1.63974,1.00,1.00
2017.02.07 18:53:36.550,1.63948,1.63973,1.00,1.00
2017.02.07 18:53:37.742,1.63947,1.63973,1.12,1.00
2017.02.07 18:53:38.337,1.63947,1.63974,1.00,1.00
2017.02.07 18:53:39.258,1.63946,1.63974,1.00,1.00
2017.02.07 18:53:40.953,1.63949,1.63974,1.09,1.00
2017.02.07 18:53:41.054,1.63947,1.63976,2.59,1.00
2017.02.07 18:53:41.105,1.6395,1.63976,1.00,1.00
2017.02.07 18:53:41.156,1.6395,1.63978,1.00,1.00
2017.02.07 18:53:41.257,1.6395,1.63973,1.12,1.00
2017.02.07 18:53:41.587,1.63944,1.63968,1.00,1.00
2017.02.07 18:53:41.839,1.63943,1.6397,1.00,1.00
2017.02.07 18:53:42.603,1.63944,1.6397,1.00,1.00
2017.02.07 18:53:42.829,1.63944,1.63968,1.00,1.00
2017.02.07 18:53:42.880,1.63942,1.63968,1.46,1.00
2017.02.07 18:53:43.419,1.63942,1.63967,1.09,1.00
2017.02.07 18:53:44.868,1.6394,1.63963,1.71,1.00
2017.02.07 18:53:45.070,1.6394,1.63967,1.46,1.00
2017.02.07 18:53:46.045,1.63941,1.63965,1.34,1.00
2017.02.07 18:53:46.550,1.63942,1.63966,2.21,1.00
2017.02.07 18:53:47.136,1.63944,1.63966,1.00,1.00
2017.02.07 18:53:47.481,1.63941,1.63966,1.87,1.00
2017.02.07 18:53:47.784,1.63941,1.63963,1.00,1.00
2017.02.07 18:53:48.761,1.63941,1.63965,1.50,1.00
2017.02.07 18:53:49.441,1.63942,1.63965,1.12,1.00
2017.02.07 18:53:49.822,1.63944,1.63965,1.00,1.00
2017.02.07 18:53:49.947,1.63944,1.63967,1.00,1.00
2017.02.07 18:53:50.462,1.63941,1.63964,1.37,1.00
2017.02.07 18:53:50.513,1.6394,1.63964,1.12,1.00
2017.02.07 18:53:50.565,1.6394,1.63967,1.12,1.00
2017.02.07 18:53:50.817,1.63942,1.63967,1.00,1.00
2017.02.07 18:53:51.121,1.6394,1.63967,1.87,1.00
2017.02.07 18:53:51.222,1.6394,1.63967,1.50,1.00
2017.02.07 18:53:51.273,1.6394,1.63965,1.50,1.00
2017.02.07 18:53:51.374,1.63941,1.63967,1.00,1.00
2017.02.07 18:53:51.939,1.63942,1.63968,1.12,1.00
2017.02.07 18:53:52.271,1.63943,1.63965,1.00,1.00
2017.02.07 18:53:52.677,1.63943,1.63968,1.00,1.00
2017.02.07 18:53:53.080,1.63943,1.63965,1.00,1.00
2017.02.07 18:53:56.579,1.63942,1.63965,1.00,1.00
2017.02.07 18:53:56.681,1.63942,1.63967,1.00,1.00
2017.02.07 18:53:56.838,1.63944,1.63967,1.00,1.00
2017.02.07 18:53:56.980,1.63942,1.63966,1.00,1.00
2017.02.07 18:53:57.082,1.63942,1.63964,1.00,1.00
2017.02.07 18:53:57.385,1.63939,1.63961,1.00,1.00
2017.02.07 18:53:57.725,1.63943,1.63964,1.00,1.00
2017.02.07 18:53:58.389,1.63944,1.63966,1.00,1.00
2017.02.07 18:53:58.552,1.63947,1.63966,1.00,1.00
2017.02.07 18:53:58.913,1.63945,1.63966,1.12,1.00
2017.02.07 18:53:59.166,1.63943,1.63965,1.00,1.00
2017.02.07 18:53:59.368,1.63945,1.63965,1.00,1.00
2017.02.07 18:53:59.469,1.63945,1.63968,1.00,1.00
2017.02.07 18:53:59.520,1.63946,1.63968,1.84,1.00
2017.02.07 18:53:59.571,1.63949,1.6397,1.34,1.00
2017.02.07 18:53:59.773,1.63948,1.63972,1.84,1.00
2017.02.07 18:54:00.218,1.63948,1.63972,1.12,1.00
2017.02.07 18:54:00.268,1.63948,1.6397,1.12,1.00
2017.02.07 18:54:00.370,1.63948,1.63974,1.00,1.00
2017.02.07 18:54:00.421,1.6395,1.63974,1.00,1.00
2017.02.07 18:54:00.674,1.63954,1.63981,2.96,1.00
2017.02.07 18:54:00.725,1.63958,1.63981,1.00,1.00
2017.02.07 18:54:01.028,1.63956,1.63978,1.00,1.00
2017.02.07 18:54:01.642,1.63955,1.63978,1.00,1.00
2017.02.07 18:54:04.836,1.63955,1.63977,1.00,1.00
2017.02.07 18:54:05.140,1.63961,1.63981,1.00,1.00
2017.02.07 18:54:06.131,1.63961,1.63983,1.00,1.00
2017.02.07 18:54:07.331,1.63961,1.63981,1.00,1.00
2017.02.07 18:54:07.433,1.63961,1.63984,1.00,1.00
2017.02.07 18:54:07.970,1.63962,1.63984,1.00,1.00
2017.02.07 18:54:10.148,1.63961,1.63984,1.00,1.00
2017.02.07 18:54:10.250,1.63963,1.63984,1.00,1.00
2017.02.07 18:54:10.655,1.63962,1.63987,1.87,1.00
2017.02.07 18:54:10.756,1.63964,1.63983,1.00,1.00
2017.02.07 18:54:10.858,1.63963,1.63985,1.00,1.00
2017.02.07 18:54:11.010,1.63959,1.63985,3.00,1.00
2017.02.07 18:54:11.060,1.63959,1.63982,3.00,1.00
2017.02.07 18:54:11.696,1.6396,1.63982,1.00,1.00
2017.02.07 18:54:12.953,1.63959,1.63982,1.50,1.00
2017.02.07 18:54:13.289,1.63962,1.63983,1.00,1.00
2017.02.07 18:54:14.753,1.6396,1.63983,1.12,1.00
2017.02.07 18:54:14.957,1.63959,1.63979,1.50,1.00
2017.02.07 18:54:15.040,1.63959,1.63981,1.87,1.00
2017.02.07 18:54:15.141,1.63961,1.63981,1.00,1.00
2017.02.07 18:54:15.243,1.63959,1.63981,1.50,1.00
2017.02.07 18:54:15.344,1.63959,1.63979,1.50,1.00
2017.02.07 18:54:15.535,1.63959,1.63981,1.00,1.00
2017.02.07 18:54:16.040,1.63958,1.63979,1.87,1.00
2017.02.07 18:54:17.051,1.63957,1.6398,1.37,1.00
2017.02.07 18:54:17.481,1.63956,1.6398,1.87,1.00
2017.02.07 18:54:20.409,1.63957,1.6398,1.00,1.00
2017.02.07 18:54:20.662,1.63959,1.6398,1.00,1.00
2017.02.07 18:54:21.033,1.63957,1.63978,1.87,1.00
2017.02.07 18:54:21.794,1.63959,1.63978,1.00,1.00
2017.02.07 18:54:22.887,1.6396,1.63978,1.00,1.00
2017.02.07 18:54:23.448,1.63959,1.63981,1.00,1.00
2017.02.07 18:54:24.429,1.63957,1.63981,1.87,1.00
2017.02.07 18:54:24.535,1.63957,1.63981,1.37,1.00
2017.02.07 18:54:25.136,1.63955,1.6398,2.25,1.00
2017.02.07 18:54:25.450,1.63953,1.63971,1.12,1.00
2017.02.07 18:54:25.501,1.63949,1.63971,1.12,1.00
2017.02.07 18:54:25.770,1.63948,1.63968,1.00,1.00
2017.02.07 18:54:26.320,1.63948,1.63967,1.00,1.00
2017.02.07 18:54:26.815,1.63944,1.63966,1.37,1.00
2017.02.07 18:54:26.916,1.63944,1.63966,1.00,1.00
2017.02.07 18:54:27.017,1.63946,1.63966,1.00,1.00
2017.02.07 18:54:27.169,1.63946,1.63969,1.00,1.00
2017.02.07 18:54:27.636,1.63948,1.63969,1.00,1.00
2017.02.07 18:54:28.170,1.63947,1.63969,1.00,1.00
2017.02.07 18:54:28.271,1.63947,1.63971,1.00,1.00
2017.02.07 18:54:31.224,1.63948,1.63971,1.00,1.00
2017.02.07 18:54:32.100,1.63947,1.63971,1.00,1.00
2017.02.07 18:54:32.151,1.63947,1.63969,1.00,1.00
2017.02.07 18:54:32.522,1.63947,1.6397,1.87,1.00
2017.02.07 18:54:32.841,1.63947,1.63968,2.25,1.00
2017.02.07 18:54:33.070,1.63947,1.6397,1.75,1.00
2017.02.07 18:54:34.264,1.63947,1.63971,2.25,1.00
2017.02.07 18:54:34.773,1.63947,1.6397,2.25,1.00
2017.02.07 18:54:36.018,1.63947,1.63968,1.37,1.00
2017.02.07 18:54:36.533,1.63947,1.63968,1.00,1.00
2017.02.07 18:54:37.298,1.63948,1.63968,1.00,1.00
2017.02.07 18:54:37.348,1.63948,1.63971,1.00,1.00
2017.02.07 18:54:40.195,1.63949,1.63971,1.00,1.00
2017.02.07 18:54:41.614,1.63948,1.63971,1.12,1.00
2017.02.07 18:54:41.665,1.63948,1.63973,1.12,1.50
2017.02.07 18:54:42.222,1.63949,1.63974,1.00,1.00
2017.02.07 18:54:42.764,1.63949,1.63973,1.00,1.00
2017.02.07 18:54:42.967,1.63949,1.63971,1.00,1.00
2017.02.07 18:54:43.755,1.63948,1.63971,1.12,1.00
2017.02.07 18:54:44.535,1.63949,1.63971,1.00,1.00
2017.02.07 18:54:44.586,1.63949,1.63974,1.00,1.50
2017.02.07 18:54:45.100,1.6395,1.63975,1.00,1.00
2017.02.07 18:54:45.662,1.6395,1.63973,1.50,1.00
2017.02.07 18:54:46.497,1.6395,1.63976,1.00,1.00
2017.02.07 18:54:46.599,1.6395,1.63971,1.00,1.00
2017.02.07 18:54:46.876,1.6395,1.63973,1.00,1.00
2017.02.07 18:54:47.386,1.6395,1.63974,1.50,1.50
2017.02.07 18:54:49.876,1.63951,1.63974,1.00,1.00
2017.02.07 18:54:53.163,1.63951,1.63972,1.00,1.00
2017.02.07 18:54:53.739,1.63951,1.63973,1.00,1.00
2017.02.07 18:54:54.092,1.63951,1.63971,1.00,1.00
2017.02.07 18:54:54.143,1.63948,1.63971,1.12,1.00
2017.02.07 18:54:54.745,1.63948,1.6397,1.12,1.00
2017.02.07 18:54:58.860,1.63946,1.63964,2.62,1.00
2017.02.07 18:54:58.949,1.63944,1.63964,1.00,1.00
2017.02.07 18:54:59.000,1.63944,1.63961,1.00,1.00
2017.02.07 18:54:59.101,1.63944,1.63963,1.00,1.00
2017.02.07 18:54:59.202,1.63945,1.63968,1.00,1.00
2017.02.07 18:54:59.253,1.63945,1.63963,1.37,1.00
2017.02.07 18:54:59.485,1.63941,1.63967,1.12,1.00
2017.02.07 18:54:59.536,1.63941,1.63964,1.00,1.00
2017.02.07 18:54:59.839,1.63943,1.63963,1.00,1.00
2017.02.07 18:55:00.263,1.63941,1.63963,1.00,1.00
2017.02.07 18:55:00.515,1.63943,1.63963,1.00,1.00
2017.02.07 18:55:01.033,1.63943,1.63966,1.00,1.00
2017.02.07 18:55:01.135,1.63943,1.63969,1.00,1.50
2017.02.07 18:55:01.358,1.63943,1.63964,1.00,1.00
2017.02.07 18:55:01.628,1.63943,1.63966,1.00,1.00
2017.02.07 18:55:02.343,1.63943,1.63968,1.00,1.50
2017.02.07 18:55:02.564,1.63941,1.63968,1.00,1.50
2017.02.07 18:55:03.109,1.63943,1.63963,1.50,1.00
2017.02.07 18:55:03.160,1.63944,1.63969,1.00,1.00
2017.02.07 18:55:03.261,1.63947,1.63969,1.00,1.00
2017.02.07 18:55:03.312,1.63947,1.63973,1.12,1.00
2017.02.07 18:55:03.464,1.63949,1.63974,1.00,1.00
2017.02.07 18:55:03.861,1.6395,1.63972,1.00,1.00
2017.02.07 18:55:04.692,1.63951,1.63972,1.00,1.00
2017.02.07 18:55:05.615,1.63951,1.63974,1.00,1.50
2017.02.07 18:55:06.125,1.63947,1.63969,1.37,1.00
2017.02.07 18:55:06.177,1.63942,1.63969,1.75,1.00
2017.02.07 18:55:06.228,1.63941,1.63966,2.25,1.00
2017.02.07 18:55:06.330,1.63941,1.63966,1.84,1.00
2017.02.07 18:55:06.833,1.63944,1.63967,1.00,1.00
2017.02.07 18:55:08.415,1.63943,1.63967,1.00,1.00
2017.02.07 18:55:08.919,1.63941,1.63967,1.50,1.00
2017.02.07 18:55:09.340,1.63943,1.63966,1.00,1.00
2017.02.07 18:55:09.884,1.63944,1.63966,1.00,1.00
2017.02.07 18:55:10.036,1.63945,1.63973,1.00,1.00
2017.02.07 18:55:10.087,1.63945,1.63968,1.00,1.00
2017.02.07 18:55:10.389,1.63944,1.63965,1.00,1.00
2017.02.07 18:55:10.905,1.63943,1.63966,1.12,1.00
2017.02.07 18:55:10.956,1.63941,1.63968,2.62,1.00
2017.02.07 18:55:11.057,1.63941,1.63965,2.62,1.00
2017.02.07 18:55:11.108,1.63941,1.63965,1.87,1.00
2017.02.07 18:55:11.259,1.63938,1.63967,1.12,1.00
2017.02.07 18:55:11.327,1.63938,1.63962,1.12,1.00
2017.02.07 18:55:11.922,1.63942,1.63962,1.00,1.00
2017.02.07 18:55:11.973,1.63939,1.63962,1.00,1.00
2017.02.07 18:55:12.024,1.63939,1.63964,1.00,1.00
2017.02.07 18:55:12.377,1.63942,1.63964,1.00,1.00
2017.02.07 18:55:12.591,1.6394,1.63964,1.00,1.00
2017.02.07 18:55:13.388,1.63942,1.63964,1.00,1.00
2017.02.07 18:55:13.947,1.63942,1.63963,1.00,1.00
2017.02.07 18:55:14.560,1.63938,1.63963,1.12,1.00
2017.02.07 18:55:14.662,1.63939,1.63961,1.00,1.00
2017.02.07 18:55:14.763,1.63941,1.63964,1.00,1.00
2017.02.07 18:55:14.814,1.63939,1.63964,1.00,1.00
2017.02.07 18:55:14.966,1.6394,1.63962,1.00,1.00
2017.02.07 18:55:15.375,1.63941,1.63964,1.00,1.00
2017.02.07 18:55:17.567,1.6394,1.63964,1.00,1.00
2017.02.07 18:55:17.668,1.6394,1.63967,1.00,1.00
2017.02.07 18:55:17.832,1.6394,1.63964,1.00,1.00
2017.02.07 18:55:18.354,1.63941,1.63963,1.00,1.00
2017.02.07 18:55:18.558,1.63944,1.63967,1.12,1.00
2017.02.07 18:55:18.962,1.63942,1.63964,1.75,1.00
2017.02.07 18:55:19.620,1.63942,1.63967,1.75,1.00
2017.02.07 18:55:19.818,1.63942,1.63964,1.37,1.00
2017.02.07 18:55:19.870,1.6394,1.63964,1.00,1.50
2017.02.07 18:55:19.975,1.6394,1.63961,1.00,1.00
2017.02.07 18:55:20.177,1.63942,1.63964,1.00,1.50
2017.02.07 18:55:20.493,1.6394,1.63963,1.00,1.50
2017.02.07 18:55:20.544,1.63939,1.63961,1.50,1.00
2017.02.07 18:55:20.645,1.63938,1.63964,1.87,1.00
2017.02.07 18:55:20.746,1.63942,1.63967,1.00,1.00
2017.02.07 18:55:20.797,1.6394,1.63967,1.00,1.00
2017.02.07 18:55:20.848,1.6394,1.63963,1.00,1.00
2017.02.07 18:55:21.050,1.63938,1.63962,1.12,1.00
2017.02.07 18:55:21.151,1.63936,1.63957,1.75,1.00
2017.02.07 18:55:21.366,1.63934,1.63957,1.37,1.00
2017.02.07 18:55:21.676,1.63932,1.63956,1.50,1.00
2017.02.07 18:55:21.852,1.63937,1.63959,1.00,1.00
2017.02.07 18:55:22.256,1.63936,1.63961,1.00,1.00
2017.02.07 18:55:22.692,1.63938,1.6396,1.00,1.00
2017.02.07 18:55:22.743,1.63937,1.63962,1.00,1.00
2017.02.07 18:55:22.898,1.63939,1.63962,1.00,1.00
2017.02.07 18:55:23.466,1.6394,1.63963,1.00,1.00
2017.02.07 18:55:24.654,1.63941,1.63963,1.00,1.00
2017.02.07 18:55:24.984,1.63943,1.63963,1.00,1.00
2017.02.07 18:55:25.346,1.63941,1.63963,1.00,1.00
2017.02.07 18:55:25.887,1.6394,1.63966,1.50,1.00
2017.02.07 18:55:25.988,1.63942,1.63966,1.00,1.00
2017.02.07 18:55:26.530,1.63943,1.63967,1.00,1.00
2017.02.07 18:55:26.834,1.63942,1.63963,1.00,1.00
2017.02.07 18:55:27.277,1.63941,1.63965,1.00,1.00
2017.02.07 18:55:27.633,1.63943,1.63965,1.00,1.00
2017.02.07 18:55:27.684,1.63943,1.63967,1.00,1.00
2017.02.07 18:55:28.137,1.63942,1.63965,1.00,1.00
2017.02.07 18:55:28.682,1.63941,1.63965,1.00,1.00
2017.02.07 18:55:29.883,1.6394,1.63965,1.00,1.00
2017.02.07 18:55:30.510,1.6394,1.63964,1.50,1.00
2017.02.07 18:55:33.233,1.63942,1.63965,1.00,1.00
2017.02.07 18:55:33.536,1.63944,1.63966,1.12,1.00
2017.02.07 18:55:33.639,1.63945,1.63968,1.00,1.00
2017.02.07 18:55:34.169,1.63946,1.63973,1.50,1.50
2017.02.07 18:55:34.271,1.63947,1.63971,1.00,1.00
2017.02.07 18:55:34.573,1.63946,1.63969,1.00,1.00
2017.02.07 18:55:35.163,1.63947,1.63969,1.00,1.00
2017.02.07 18:55:35.821,1.63946,1.63969,1.00,1.00
2017.02.07 18:55:36.914,1.63947,1.6397,1.00,1.00
2017.02.07 18:55:37.559,1.63946,1.6397,1.00,1.00
2017.02.07 18:55:37.862,1.63948,1.63973,1.00,1.00
2017.02.07 18:55:39.631,1.63947,1.63973,1.00,1.00
2017.02.07 18:55:39.682,1.63949,1.63973,1.00,1.00
2017.02.07 18:55:40.206,1.63947,1.63972,1.00,1.00
2017.02.07 18:55:40.307,1.63947,1.6397,1.00,1.00
2017.02.07 18:55:40.886,1.63946,1.63971,1.00,1.00
2017.02.07 18:55:41.296,1.63948,1.63971,1.00,1.00
2017.02.07 18:55:42.128,1.63944,1.63971,1.87,1.00
2017.02.07 18:55:42.229,1.63944,1.63969,2.25,1.00
2017.02.07 18:55:42.534,1.63941,1.63968,3.00,1.00
2017.02.07 18:55:42.586,1.63941,1.63968,1.12,1.00
2017.02.07 18:55:42.968,1.63939,1.63961,1.75,1.00
2017.02.07 18:55:43.492,1.63937,1.63962,1.75,1.00
2017.02.07 18:55:44.397,1.63937,1.63963,1.75,1.00
2017.02.07 18:55:44.713,1.63937,1.63961,1.75,1.00
2017.02.07 18:55:46.006,1.6394,1.63962,2.25,1.00
2017.02.07 18:55:46.108,1.63941,1.63967,1.12,1.00
2017.02.07 18:55:46.260,1.63944,1.63967,1.00,1.00
2017.02.07 18:55:46.311,1.63941,1.63967,1.12,1.00
2017.02.07 18:55:46.413,1.63941,1.63969,1.12,1.50
2017.02.07 18:55:46.694,1.63941,1.63966,1.12,1.00
2017.02.07 18:55:47.025,1.63944,1.63973,1.84,1.00
2017.02.07 18:55:47.076,1.63944,1.63971,2.59,1.00
2017.02.07 18:55:47.611,1.63944,1.6397,2.59,1.00
2017.02.07 18:55:47.914,1.63944,1.63968,1.84,1.00
2017.02.07 18:55:48.317,1.63944,1.6397,1.84,1.00
2017.02.07 18:55:49.441,1.63946,1.63969,1.50,1.00
2017.02.07 18:55:49.542,1.63946,1.63971,1.50,1.00
2017.02.07 18:55:49.593,1.63947,1.63969,1.12,1.00
2017.02.07 18:55:50.501,1.63944,1.6397,2.59,1.00
2017.02.07 18:55:50.804,1.63946,1.63968,1.50,1.00
2017.02.07 18:55:51.309,1.63944,1.63969,1.84,1.00
2017.02.07 18:55:53.722,1.63947,1.63969,2.21,1.00
2017.02.07 18:55:53.823,1.63955,1.63977,1.00,1.00
2017.02.07 18:55:54.058,1.63956,1.63983,3.00,1.00
2017.02.07 18:55:54.209,1.63965,1.63983,1.00,1.00
2017.02.07 18:55:54.311,1.63966,1.63988,1.50,1.00
2017.02.07 18:55:54.408,1.63967,1.63994,1.00,1.00
2017.02.07 18:55:54.510,1.63969,1.63991,1.00,1.00
2017.02.07 18:55:56.052,1.63967,1.63991,1.12,1.00
2017.02.07 18:55:56.113,1.63969,1.63991,1.00,1.00
2017.02.07 18:55:56.813,1.63969,1.6399,1.00,1.00
2017.02.07 18:55:57.175,1.63967,1.6399,1.00,1.00
2017.02.07 18:55:57.328,1.63968,1.63993,1.87,1.00
2017.02.07 18:55:57.378,1.63971,1.63993,1.00,1.00
2017.02.07 18:55:57.429,1.6397,1.63995,1.00,1.00
2017.02.07 18:55:57.530,1.63969,1.63993,1.00,1.00
2017.02.07 18:55:57.631,1.63966,1.63992,1.37,1.00
2017.02.07 18:55:57.682,1.63963,1.63985,1.12,1.00
2017.02.07 18:55:57.734,1.63962,1.63985,1.75,1.00
2017.02.07 18:55:57.784,1.63961,1.63981,1.75,1.00
2017.02.07 18:55:57.936,1.63958,1.6398,1.12,1.00
2017.02.07 18:55:58.276,1.63958,1.63983,1.12,1.00
2017.02.07 18:55:58.327,1.63965,1.63983,1.00,1.00
2017.02.07 18:55:58.529,1.6397,1.63992,1.00,1.00
2017.02.07 18:55:58.833,1.63969,1.63988,1.00,1.00
2017.02.07 18:55:58.884,1.63967,1.63988,1.12,1.00
2017.02.07 18:55:58.985,1.63968,1.63991,1.00,1.00
2017.02.07 18:55:59.304,1.63969,1.63989,1.00,1.00
2017.02.07 18:55:59.506,1.63969,1.63993,1.00,1.00
2017.02.07 18:56:00.011,1.63968,1.63993,1.12,1.00
2017.02.07 18:56:00.112,1.6397,1.63993,1.00,1.00
2017.02.07 18:56:00.617,1.6397,1.63994,1.00,1.50
2017.02.07 18:56:02.444,1.6397,1.63993,1.00,1.00
2017.02.07 18:56:03.811,1.63969,1.63993,1.00,1.00
2017.02.07 18:56:03.913,1.63966,1.63992,2.25,1.00
2017.02.07 18:56:04.014,1.63966,1.6399,1.50,1.00
2017.02.07 18:56:04.355,1.63965,1.63987,3.00,1.00
2017.02.07 18:56:06.924,1.63967,1.63992,2.25,1.00
2017.02.07 18:56:07.026,1.63969,1.63992,1.00,1.00
2017.02.07 18:56:07.609,1.63969,1.63994,1.12,1.00
2017.02.07 18:56:08.141,1.63969,1.63992,1.12,1.00
2017.02.07 18:56:10.194,1.63971,1.63992,1.00,1.00
2017.02.07 18:56:10.295,1.63969,1.63991,1.00,1.00
2017.02.07 18:56:10.648,1.63967,1.63991,1.12,1.00
2017.02.07 18:56:11.162,1.63967,1.6399,1.12,1.00
2017.02.07 18:56:11.807,1.63967,1.63991,1.12,1.00
2017.02.07 18:56:12.500,1.63967,1.63989,1.12,1.00
2017.02.07 18:56:14.292,1.63971,1.63989,1.00,1.00
2017.02.07 18:56:14.444,1.63975,1.63994,1.00,1.00
2017.02.07 18:56:14.545,1.63973,1.63997,1.50,1.00
2017.02.07 18:56:14.596,1.63973,1.63994,1.00,1.00
2017.02.07 18:56:14.748,1.63974,1.63997,1.12,1.00
2017.02.07 18:56:14.849,1.63974,1.63993,1.12,1.00
2017.02.07 18:56:15.052,1.63973,1.63997,1.50,1.00
2017.02.07 18:56:15.461,1.63973,1.63994,1.00,1.00
2017.02.07 18:56:15.915,1.63974,1.63996,1.00,1.00
2017.02.07 18:56:16.117,1.63977,1.63997,1.00,1.00
2017.02.07 18:56:16.168,1.63975,1.63997,1.00,1.00
2017.02.07 18:56:16.219,1.6398,1.64,1.00,1.00
2017.02.07 18:56:16.320,1.63979,1.64004,1.00,1.00
2017.02.07 18:56:16.605,1.63978,1.64002,1.84,1.00
2017.02.07 18:56:17.218,1.63977,1.63999,1.84,1.00
2017.02.07 18:56:17.742,1.63978,1.63998,1.09,1.00
2017.02.07 18:56:22.555,1.63978,1.64,1.09,1.00
2017.02.07 18:56:22.657,1.6398,1.64003,1.00,1.50
2017.02.07 18:56:24.542,1.63978,1.64002,2.59,1.00
2017.02.07 18:56:24.644,1.63979,1.64,1.50,1.00
2017.02.07 18:56:24.947,1.6397,1.63991,1.75,1.00
2017.02.07 18:56:25.044,1.6397,1.63991,1.00,1.00
2017.02.07 18:56:25.801,1.63969,1.63991,1.87,1.00
2017.02.07 18:56:26.315,1.63969,1.6399,1.12,1.00
2017.02.07 18:56:26.467,1.6397,1.63987,1.00,1.00
2017.02.07 18:56:26.923,1.63971,1.63989,1.00,1.00
2017.02.07 18:56:26.974,1.63973,1.63989,1.00,1.00
2017.02.07 18:56:27.025,1.63973,1.63998,1.50,1.00
2017.02.07 18:56:27.076,1.63974,1.63998,2.25,1.00
2017.02.07 18:56:27.278,1.63976,1.64,1.50,1.00
2017.02.07 18:56:27.328,1.63978,1.64,1.00,1.00
2017.02.07 18:56:30.122,1.63977,1.64,1.00,1.00
2017.02.07 18:56:40.081,1.63976,1.64,1.00,1.00
2017.02.07 18:56:40.444,1.63974,1.63995,1.50,1.00
2017.02.07 18:56:40.494,1.63973,1.63995,1.00,1.00
2017.02.07 18:56:40.646,1.63973,1.63993,1.00,1.00
2017.02.07 18:56:40.747,1.63974,1.63997,1.00,1.00
2017.02.07 18:56:40.798,1.63977,1.63997,1.00,1.00
2017.02.07 18:56:40.849,1.63977,1.63999,1.00,1.00
2017.02.07 18:56:41.418,1.63976,1.63999,1.12,1.00
2017.02.07 18:56:43.544,1.63974,1.63998,1.12,1.00
2017.02.07 18:56:43.645,1.63974,1.64,1.87,1.00
2017.02.07 18:56:43.875,1.63974,1.63998,1.37,1.00
2017.02.07 18:56:46.527,1.63974,1.63997,1.50,1.00
2017.02.07 18:56:46.680,1.63976,1.63999,1.87,1.00
2017.02.07 18:56:47.186,1.63975,1.63995,1.00,1.00
2017.02.07 18:56:47.388,1.63968,1.63989,1.12,1.00
2017.02.07 18:56:48.070,1.63967,1.63988,1.50,1.00
2017.02.07 18:56:53.171,1.63966,1.63989,3.37,1.00
2017.02.07 18:56:53.791,1.63967,1.63987,1.00,1.00
2017.02.07 18:56:54.094,1.63967,1.63989,1.00,1.00
2017.02.07 18:56:54.644,1.63967,1.6399,1.12,1.00
2017.02.07 18:56:55.210,1.63968,1.6399,1.00,1.00
2017.02.07 18:56:55.261,1.63971,1.6399,1.00,1.00
2017.02.07 18:56:55.312,1.63969,1.6399,1.00,1.00
2017.02.07 18:56:55.463,1.63968,1.63992,1.12,1.00
2017.02.07 18:56:57.132,1.63969,1.63992,1.00,1.00
2017.02.07 18:56:57.182,1.63973,1.63994,1.00,1.00
2017.02.07 18:56:57.284,1.63973,1.64,1.00,1.00
2017.02.07 18:56:57.335,1.63978,1.64,1.00,1.00
2017.02.07 18:56:57.385,1.63977,1.64003,1.00,1.00
2017.02.07 18:56:57.436,1.63977,1.64004,1.37,1.00
2017.02.07 18:56:57.487,1.63978,1.64006,1.12,1.00
2017.02.07 18:56:57.589,1.63978,1.64003,1.12,1.00
2017.02.07 18:56:58.131,1.63978,1.64003,1.50,1.00
2017.02.07 18:56:58.636,1.63979,1.64004,1.00,1.00
2017.02.07 18:56:58.939,1.63976,1.63998,1.00,1.00
2017.02.07 18:56:59.393,1.63976,1.64,1.50,1.00
2017.02.07 18:56:59.929,1.63975,1.63999,3.00,1.50
2017.02.07 18:57:00.496,1.63972,1.63996,2.62,1.00
2017.02.07 18:57:00.647,1.63972,1.63996,1.87,1.00
2017.02.07 18:57:00.799,1.63977,1.64001,1.00,1.00
2017.02.07 18:57:01.001,1.63977,1.64004,1.00,1.00
2017.02.07 18:57:01.561,1.63977,1.64003,1.00,1.00
2017.02.07 18:57:02.093,1.63978,1.64003,1.00,1.00
2017.02.07 18:57:04.002,1.63977,1.63999,1.37,1.00
2017.02.07 18:57:04.154,1.63974,1.63996,1.00,1.00
2017.02.07 18:57:04.307,1.63976,1.63998,1.00,1.00
2017.02.07 18:57:04.358,1.63973,1.63998,1.50,1.00
2017.02.07 18:57:04.409,1.63973,1.63996,1.50,1.00
2017.02.07 18:57:04.675,1.63973,1.63999,1.37,1.00
2017.02.07 18:57:04.866,1.63972,1.63996,2.62,1.00
2017.02.07 18:57:05.069,1.63974,1.63999,1.50,1.00
2017.02.07 18:57:05.402,1.63976,1.63999,1.00,1.00
2017.02.07 18:57:05.776,1.6398,1.64003,1.87,1.00
2017.02.07 18:57:06.193,1.6398,1.64,2.25,1.00
2017.02.07 18:57:06.395,1.6398,1.64002,3.00,1.00
2017.02.07 18:57:06.951,1.6398,1.64001,2.25,1.00
2017.02.07 18:57:08.506,1.6398,1.64003,1.50,1.00
2017.02.07 18:57:10.199,1.6398,1.64005,1.50,1.00
2017.02.07 18:57:11.885,1.6398,1.64004,1.50,1.00
2017.02.07 18:57:12.420,1.6398,1.64005,1.50,1.00
2017.02.07 18:57:13.200,1.63982,1.64005,1.00,1.00
2017.02.07 18:57:13.402,1.63983,1.64003,1.00,1.00
2017.02.07 18:57:13.503,1.63983,1.64005,1.00,1.00
2017.02.07 18:57:13.975,1.63981,1.64006,1.12,1.00
2017.02.07 18:57:14.504,1.63981,1.64005,1.87,1.00
2017.02.07 18:57:15.258,1.63982,1.64005,1.00,1.00
2017.02.07 18:57:15.513,1.63981,1.64001,1.00,1.00
2017.02.07 18:57:15.767,1.63975,1.64002,1.87,1.00
2017.02.07 18:57:15.818,1.63975,1.63999,1.87,1.00
2017.02.07 18:57:16.431,1.63976,1.63999,1.12,1.00
2017.02.07 18:57:16.890,1.63977,1.64002,1.00,1.00
2017.02.07 18:57:17.412,1.63978,1.64002,1.00,1.00
2017.02.07 18:57:17.714,1.63977,1.63999,1.00,1.00
2017.02.07 18:57:18.229,1.63976,1.63999,1.00,1.00
2017.02.07 18:57:18.765,1.63977,1.63999,1.00,1.00
2017.02.07 18:57:19.615,1.63976,1.63999,1.00,1.00
2017.02.07 18:57:20.367,1.63978,1.63999,1.00,1.00
2017.02.07 18:57:20.418,1.63978,1.64002,1.00,1.00
2017.02.07 18:57:20.784,1.63979,1.64004,1.00,1.00
2017.02.07 18:57:22.653,1.63979,1.63999,1.00,1.00
2017.02.07 18:57:22.906,1.63977,1.63998,1.00,1.00
2017.02.07 18:57:23.443,1.63976,1.63999,1.00,1.00
2017.02.07 18:57:23.947,1.63975,1.63999,1.87,1.00
2017.02.07 18:57:24.406,1.63972,1.63997,1.50,1.00
2017.02.07 18:57:24.456,1.63974,1.63997,1.00,1.00
2017.02.07 18:57:25.978,1.63973,1.63997,1.00,1.00
2017.02.07 18:57:26.284,1.63975,1.63996,1.00,1.00
2017.02.07 18:57:26.335,1.63975,1.63998,1.12,1.00
2017.02.07 18:57:28.368,1.63976,1.64,1.00,1.00
2017.02.07 18:57:28.420,1.63978,1.64,1.00,1.00
2017.02.07 18:57:28.944,1.63978,1.63996,1.00,1.00
2017.02.07 18:57:28.995,1.63975,1.63996,1.00,1.00
2017.02.07 18:57:29.097,1.63978,1.63999,1.00,1.00
2017.02.07 18:57:29.198,1.63979,1.64004,1.00,1.00
2017.02.07 18:57:29.501,1.63979,1.64006,1.12,1.00
2017.02.07 18:57:30.050,1.6398,1.64005,1.00,1.00
2017.02.07 18:57:30.101,1.63981,1.64008,1.50,1.00
2017.02.07 18:57:30.203,1.63985,1.64008,1.00,1.00
2017.02.07 18:57:30.305,1.63985,1.6401,1.87,1.00
2017.02.07 18:57:30.356,1.63985,1.6401,2.25,1.00
2017.02.07 18:57:30.407,1.63985,1.64012,1.50,1.00
2017.02.07 18:57:30.629,1.63983,1.64008,1.75,1.00
2017.02.07 18:57:30.932,1.63983,1.64005,1.75,1.00
2017.02.07 18:57:31.399,1.63983,1.64008,2.25,1.00
2017.02.07 18:57:31.702,1.63985,1.64011,1.50,1.00
2017.02.07 18:57:31.803,1.63987,1.64013,1.12,1.00
2017.02.07 18:57:31.904,1.63989,1.64013,1.00,1.00
2017.02.07 18:57:32.450,1.6399,1.64013,1.00,1.00
2017.02.07 18:57:35.289,1.63988,1.64013,2.25,1.50
2017.02.07 18:57:40.811,1.63988,1.64012,1.00,1.00
2017.02.07 18:57:40.913,1.63988,1.6401,1.00,1.00
2017.02.07 18:57:41.262,1.63981,1.64003,1.37,1.00
2017.02.07 18:57:42.264,1.63978,1.64003,1.00,1.00
2017.02.07 18:57:42.416,1.63978,1.63999,1.12,1.00
2017.02.07 18:57:43.317,1.63975,1.63999,1.87,1.00
2017.02.07 18:57:43.819,1.63975,1.63999,1.50,1.00
2017.02.07 18:57:44.560,1.63973,1.63997,1.37,1.00
2017.02.07 18:57:44.611,1.63973,1.63997,1.00,1.00
2017.02.07 18:57:45.730,1.63972,1.63997,1.87,1.00
2017.02.07 18:57:45.836,1.63972,1.63997,1.87,1.00
2017.02.07 18:57:46.261,1.63969,1.63983,1.00,1.00
2017.02.07 18:57:46.312,1.63965,1.63988,1.50,1.00
2017.02.07 18:57:46.364,1.63965,1.63991,2.25,1.00
2017.02.07 18:57:46.465,1.63967,1.63992,2.62,1.00
2017.02.07 18:57:46.633,1.63971,1.63992,1.00,1.00
2017.02.07 18:57:46.735,1.63971,1.63994,1.00,1.00
2017.02.07 18:57:47.190,1.63973,1.63994,1.00,1.00
2017.02.07 18:57:47.240,1.63973,1.63996,1.00,1.00
2017.02.07 18:57:47.781,1.63974,1.63996,1.00,1.00
2017.02.07 18:57:48.144,1.63975,1.63998,1.00,1.00
2017.02.07 18:57:48.484,1.63973,1.63998,2.21,1.00
2017.02.07 18:57:48.535,1.63973,1.63994,1.46,1.00
2017.02.07 18:57:48.687,1.6397,1.63994,1.00,1.00
2017.02.07 18:57:48.738,1.6397,1.63988,1.00,1.00
2017.02.07 18:57:48.789,1.63966,1.63988,1.37,1.00
2017.02.07 18:57:48.992,1.63963,1.63988,1.12,1.50
2017.02.07 18:57:49.345,1.63962,1.63983,3.37,1.00
2017.02.07 18:57:49.784,1.6396,1.63983,1.46,1.50
2017.02.07 18:57:50.294,1.63961,1.63984,1.87,1.50
2017.02.07 18:57:50.965,1.63961,1.63983,1.12,1.00
2017.02.07 18:57:51.117,1.63961,1.63973,1.00,1.00
2017.02.07 18:57:51.319,1.63948,1.63972,1.37,1.00
2017.02.07 18:57:51.814,1.63952,1.63971,1.00,1.00
2017.02.07 18:57:51.865,1.63951,1.63973,1.00,1.00
2017.02.07 18:57:51.915,1.63954,1.63973,1.00,1.00
2017.02.07 18:57:51.999,1.63955,1.63977,1.37,1.00
2017.02.07 18:57:52.050,1.63955,1.63981,2.62,1.00
2017.02.07 18:57:52.101,1.63959,1.63981,1.00,1.00
2017.02.07 18:57:52.151,1.63959,1.63983,1.12,1.00
2017.02.07 18:57:52.666,1.63959,1.63984,1.00,1.00
2017.02.07 18:57:53.702,1.6396,1.63984,1.37,1.00
2017.02.07 18:57:54.121,1.6396,1.63986,1.37,1.00
2017.02.07 18:57:54.664,1.63961,1.63984,1.12,1.00
2017.02.07 18:57:54.715,1.63961,1.63986,1.00,1.00
2017.02.07 18:57:54.816,1.63959,1.63985,2.25,1.00
2017.02.07 18:57:54.969,1.63961,1.63984,1.00,1.00
2017.02.07 18:57:55.515,1.63962,1.63984,1.00,1.00
2017.02.07 18:57:55.717,1.6396,1.63987,1.50,1.00
2017.02.07 18:57:56.530,1.63962,1.63985,1.00,1.00
2017.02.07 18:57:57.082,1.6396,1.63985,1.87,1.00
2017.02.07 18:57:57.184,1.63964,1.63985,1.00,1.00
2017.02.07 18:57:57.235,1.63964,1.63989,1.00,1.50
2017.02.07 18:57:57.756,1.63964,1.63989,1.37,1.00
2017.02.07 18:57:58.271,1.63964,1.63989,1.75,1.00
2017.02.07 18:57:58.731,1.63967,1.63989,1.50,1.00
2017.02.07 18:57:58.782,1.63967,1.63993,1.12,1.00
2017.02.07 18:57:59.085,1.63969,1.63994,1.00,1.00
2017.02.07 18:58:00.061,1.63969,1.63995,1.00,1.00
2017.02.07 18:58:00.365,1.63966,1.63992,1.87,1.00
2017.02.07 18:58:00.466,1.63968,1.63994,1.12,1.50
2017.02.07 18:58:00.970,1.63969,1.63993,1.00,1.00
2017.02.07 18:58:02.671,1.63968,1.63993,1.12,1.00
2017.02.07 18:58:02.874,1.63966,1.63993,1.12,1.00
2017.02.07 18:58:03.076,1.63966,1.6399,1.50,1.00
2017.02.07 18:58:03.328,1.63968,1.63993,1.12,1.00
2017.02.07 18:58:03.909,1.63967,1.63993,1.12,1.00
2017.02.07 18:58:04.570,1.63967,1.63991,1.87,1.00
2017.02.07 18:58:05.953,1.63967,1.63992,1.50,1.00
2017.02.07 18:58:06.643,1.63967,1.63991,1.50,1.00
2017.02.07 18:58:08.549,1.63967,1.63993,1.00,1.00
2017.02.07 18:58:09.090,1.63967,1.63992,1.50,1.00
2017.02.07 18:58:09.243,1.63967,1.63994,2.62,1.00
2017.02.07 18:58:09.696,1.63969,1.63993,1.00,1.00
2017.02.07 18:58:10.379,1.63968,1.63994,1.37,1.00
2017.02.07 18:58:11.252,1.63968,1.63994,1.12,1.00
2017.02.07 18:58:12.275,1.63967,1.63994,1.50,1.00
2017.02.07 18:58:12.578,1.63965,1.6399,1.87,1.00
2017.02.07 18:58:13.248,1.63966,1.63991,1.00,1.00
2017.02.07 18:58:13.882,1.63966,1.63993,1.50,1.00
2017.02.07 18:58:14.646,1.63966,1.63994,1.12,1.00
2017.02.07 18:58:15.282,1.63967,1.63994,1.00,1.00
2017.02.07 18:58:15.883,1.63966,1.63993,1.37,1.00
2017.02.07 18:58:16.395,1.63968,1.63993,1.37,1.00
2017.02.07 18:58:16.749,1.63969,1.63997,1.00,1.00
2017.02.07 18:58:17.250,1.63969,1.63996,1.00,1.00
2017.02.07 18:58:19.646,1.63967,1.63994,1.00,1.00
2017.02.07 18:58:19.909,1.63963,1.63991,1.50,1.00
2017.02.07 18:58:19.959,1.63963,1.63988,1.37,1.00
2017.02.07 18:58:20.039,1.63962,1.63989,1.50,1.00
2017.02.07 18:58:20.341,1.63962,1.63987,1.50,1.00
2017.02.07 18:58:20.845,1.63962,1.63983,1.50,1.00
2017.02.07 18:58:21.390,1.63963,1.63983,1.00,1.00
2017.02.07 18:58:21.442,1.63963,1.63989,1.00,1.00
2017.02.07 18:58:21.982,1.63962,1.63988,1.50,1.00
2017.02.07 18:58:22.508,1.63961,1.63987,1.00,1.00
2017.02.07 18:58:22.970,1.63962,1.63987,1.37,1.00
2017.02.07 18:58:23.122,1.63961,1.63987,1.00,1.00
2017.02.07 18:58:23.525,1.63958,1.63978,2.62,1.00
2017.02.07 18:58:23.576,1.63958,1.63978,1.12,1.00
2017.02.07 18:58:23.626,1.63953,1.63973,1.37,1.00
2017.02.07 18:58:23.778,1.63951,1.63973,1.12,1.00
2017.02.07 18:58:23.829,1.63951,1.63976,1.12,1.00
2017.02.07 18:58:24.374,1.63952,1.63977,1.12,1.00
2017.02.07 18:58:25.490,1.63951,1.63977,1.50,1.00
2017.02.07 18:58:25.540,1.63951,1.63974,1.84,1.00
2017.02.07 18:58:25.642,1.63953,1.63977,1.34,1.00
2017.02.07 18:58:25.844,1.63953,1.63977,1.00,1.00
2017.02.07 18:58:25.996,1.63951,1.63977,1.12,1.00
2017.02.07 18:58:26.047,1.63951,1.63974,1.00,1.00
2017.02.07 18:58:26.199,1.63949,1.63974,1.87,1.00
2017.02.07 18:58:27.893,1.6395,1.63974,1.00,1.00
2017.02.07 18:58:28.055,1.6395,1.63978,1.00,1.00
2017.02.07 18:58:28.667,1.6395,1.63977,1.00,1.00
2017.02.07 18:58:30.156,1.6395,1.63974,1.00,1.00
2017.02.07 18:58:30.612,1.63945,1.63969,1.37,1.00
2017.02.07 18:58:30.864,1.63937,1.63964,1.37,1.00
2017.02.07 18:58:31.497,1.63938,1.63965,1.00,1.00
2017.02.07 18:58:31.838,1.63938,1.63967,1.00,1.00
2017.02.07 18:58:32.191,1.6394,1.63967,1.00,1.00
2017.02.07 18:58:32.343,1.63942,1.63972,1.50,1.00
2017.02.07 18:58:32.394,1.63944,1.63972,1.00,1.00
2017.02.07 18:58:32.748,1.6395,1.63973,1.00,1.00
2017.02.07 18:58:32.890,1.6395,1.63977,1.00,1.00
2017.02.07 18:58:33.143,1.63947,1.63976,1.50,1.00
2017.02.07 18:58:33.446,1.63948,1.63974,1.12,1.00
2017.02.07 18:58:34.655,1.63947,1.63974,1.12,1.00
2017.02.07 18:58:34.962,1.63946,1.63976,1.37,1.00
2017.02.07 18:58:35.037,1.6395,1.63976,1.00,1.00
2017.02.07 18:58:35.138,1.63948,1.63976,1.12,1.00
2017.02.07 18:58:35.303,1.6395,1.63976,1.00,1.00
2017.02.07 18:58:35.505,1.63948,1.63976,1.12,1.00
2017.02.07 18:58:36.033,1.63949,1.63976,1.00,1.00
2017.02.07 18:58:36.483,1.63948,1.63974,1.12,1.00
2017.02.07 18:58:36.736,1.63946,1.63977,1.84,1.00
2017.02.07 18:58:36.838,1.63947,1.63975,1.00,1.00
2017.02.07 18:58:37.293,1.63947,1.63973,1.00,1.00
2017.02.07 18:58:37.481,1.63944,1.63973,1.12,1.00
2017.02.07 18:58:37.990,1.63943,1.63973,1.00,1.00
2017.02.07 18:58:38.041,1.63939,1.63968,2.62,1.00
2017.02.07 18:58:38.244,1.63938,1.63965,1.00,1.00
2017.02.07 18:58:38.459,1.6394,1.63965,1.37,1.00
2017.02.07 18:58:38.676,1.6394,1.63966,1.00,1.00
2017.02.07 18:58:39.271,1.63941,1.63966,1.00,1.00
2017.02.07 18:58:39.322,1.63941,1.63968,1.00,1.00
2017.02.07 18:58:39.825,1.63943,1.63968,1.00,1.00
2017.02.07 18:58:40.765,1.63941,1.63968,1.00,1.00
2017.02.07 18:58:41.221,1.6394,1.63966,1.12,1.00
2017.02.07 18:58:41.727,1.63939,1.63966,1.12,1.00
2017.02.07 18:58:42.723,1.6394,1.63966,1.00,1.00
2017.02.07 18:58:42.925,1.6394,1.63969,1.12,1.50
2017.02.07 18:58:43.566,1.63941,1.63969,1.12,1.50
2017.02.07 18:58:44.069,1.63942,1.63969,1.00,1.00
2017.02.07 18:58:44.120,1.6394,1.63969,1.12,1.00
2017.02.07 18:58:44.322,1.6394,1.63966,1.00,1.00
2017.02.07 18:58:45.087,1.63939,1.63966,1.00,1.00
2017.02.07 18:58:47.408,1.6394,1.63966,1.00,1.00
2017.02.07 18:58:47.519,1.6394,1.63968,1.00,1.00
2017.02.07 18:58:47.770,1.63941,1.63966,1.00,1.00
2017.02.07 18:58:47.820,1.63941,1.63968,1.12,1.00
2017.02.07 18:58:49.358,1.63942,1.63968,1.00,1.50
2017.02.07 18:58:49.459,1.6394,1.63968,1.00,1.00
2017.02.07 18:58:49.730,1.63942,1.63968,1.87,1.00
2017.02.07 18:58:49.933,1.63943,1.63971,1.00,1.00
2017.02.07 18:58:50.054,1.63941,1.63968,1.50,1.00
2017.02.07 18:58:50.559,1.63941,1.63969,1.00,1.00
2017.02.07 18:58:50.871,1.63943,1.63973,1.00,1.75
2017.02.07 18:58:51.205,1.6394,1.63968,1.50,1.00
2017.02.07 18:58:51.357,1.63939,1.63973,1.50,1.75
2017.02.07 18:58:51.408,1.63941,1.63973,1.00,1.75
2017.02.07 18:58:51.711,1.63943,1.63972,1.00,1.37
2017.02.07 18:58:51.977,1.63941,1.63972,1.00,1.37
2017.02.07 18:58:52.354,1.63941,1.63973,1.12,1.50
2017.02.07 18:58:53.792,1.63941,1.63973,1.37,1.37
2017.02.07 18:58:53.843,1.63941,1.63969,1.37,1.00
2017.02.07 18:58:54.147,1.6394,1.63968,1.00,1.00
2017.02.07 18:58:54.353,1.63942,1.63968,1.00,1.00
2017.02.07 18:58:54.662,1.63943,1.63974,2.62,1.12
2017.02.07 18:58:54.814,1.63946,1.63978,1.84,1.50
2017.02.07 18:58:54.991,1.63947,1.6398,1.37,1.87
2017.02.07 18:58:55.218,1.63945,1.63978,1.87,1.87
2017.02.07 18:58:55.370,1.63946,1.63977,1.00,1.37
2017.02.07 18:58:55.887,1.63945,1.63978,1.37,1.87
2017.02.07 18:58:56.267,1.63944,1.63979,1.50,2.62
2017.02.07 18:58:56.381,1.63943,1.63976,1.12,1.37
2017.02.07 18:58:56.684,1.63942,1.63969,1.12,1.00
2017.02.07 18:58:56.735,1.63941,1.63974,1.37,3.00
2017.02.07 18:58:56.786,1.63941,1.63974,2.62,3.00
2017.02.07 18:58:57.317,1.63941,1.63969,2.25,1.00
2017.02.07 18:58:58.376,1.6394,1.63969,1.00,1.00
2017.02.07 18:58:58.680,1.63942,1.63969,1.00,1.00
2017.02.07 18:58:59.182,1.63941,1.63969,1.50,1.00
2017.02.07 18:59:00.421,1.63941,1.63969,1.37,1.00
2017.02.07 18:59:01.910,1.63941,1.63969,1.00,1.00
2017.02.07 18:59:02.515,1.63941,1.63969,1.37,1.00
2017.02.07 18:59:03.081,1.63943,1.63969,1.00,1.00
2017.02.07 18:59:03.636,1.63943,1.63968,1.00,1.00
2017.02.07 18:59:03.687,1.63941,1.63968,1.50,1.00
2017.02.07 18:59:04.219,1.63941,1.63968,1.37,1.00
2017.02.07 18:59:04.720,1.63943,1.63968,1.00,1.00
2017.02.07 18:59:06.249,1.63943,1.63973,1.00,1.00
2017.02.07 18:59:06.502,1.63944,1.63973,1.37,1.12
2017.02.07 18:59:06.603,1.63946,1.63978,1.00,1.50
2017.02.07 18:59:06.805,1.63948,1.6398,1.00,2.25
2017.02.07 18:59:07.160,1.63949,1.63982,2.25,1.37
2017.02.07 18:59:07.262,1.63952,1.63982,1.00,1.12
2017.02.07 18:59:07.759,1.6395,1.63982,1.50,1.37
2017.02.07 18:59:08.114,1.63952,1.63983,1.00,1.37
2017.02.07 18:59:08.164,1.63952,1.63983,1.12,1.50
2017.02.07 18:59:08.576,1.63952,1.63983,1.87,1.50
2017.02.07 18:59:08.677,1.63951,1.63983,1.37,1.50
2017.02.07 18:59:09.144,1.63951,1.63983,2.25,1.87
2017.02.07 18:59:09.668,1.63952,1.63983,1.00,1.87
2017.02.07 18:59:10.186,1.63951,1.63983,1.87,1.87
2017.02.07 18:59:10.579,1.63953,1.63983,1.37,1.50
2017.02.07 18:59:10.782,1.63952,1.63983,1.50,1.00
2017.02.07 18:59:10.833,1.63954,1.63986,1.00,1.50
2017.02.07 18:59:11.416,1.63955,1.63986,1.00,1.37
2017.02.07 18:59:12.003,1.63954,1.63986,1.50,1.37
2017.02.07 18:59:12.345,1.63956,1.63986,1.00,1.37
2017.02.07 18:59:12.496,1.63955,1.63987,2.25,1.12
2017.02.07 18:59:12.547,1.63957,1.63987,1.00,1.12
2017.02.07 18:59:12.928,1.63958,1.63989,1.37,2.62
2017.02.07 18:59:13.130,1.63958,1.63989,1.37,1.12
2017.02.07 18:59:13.647,1.63958,1.63988,1.37,1.00
2017.02.07 18:59:14.338,1.63958,1.63989,1.12,1.87
2017.02.07 18:59:16.420,1.63957,1.63988,1.12,1.87
2017.02.07 18:59:17.605,1.63957,1.63989,1.37,1.87
2017.02.07 18:59:17.706,1.63955,1.63987,1.00,1.00
2017.02.07 18:59:18.228,1.63956,1.63988,1.00,1.37
2017.02.07 18:59:18.714,1.63957,1.63988,1.37,1.00
2017.02.07 18:59:19.145,1.63956,1.63988,1.00,1.37
2017.02.07 18:59:19.297,1.63954,1.63986,1.00,1.12
2017.02.07 18:59:19.348,1.63954,1.63987,1.37,1.37
2017.02.07 18:59:19.406,1.63954,1.63987,1.50,1.37
2017.02.07 18:59:19.507,1.63954,1.63982,1.50,1.00
2017.02.07 18:59:19.732,1.63951,1.63981,1.00,1.00
2017.02.07 18:59:20.580,1.63949,1.63981,1.87,1.00
2017.02.07 18:59:20.630,1.63949,1.63981,1.37,1.00
2017.02.07 18:59:21.421,1.63949,1.63983,1.50,1.87
2017.02.07 18:59:22.640,1.63948,1.63981,1.37,1.00
2017.02.07 18:59:23.660,1.63948,1.63981,1.37,1.50
2017.02.07 18:59:24.840,1.63949,1.63983,1.37,1.87
2017.02.07 18:59:26.806,1.63949,1.63984,1.37,3.00
2017.02.07 18:59:27.109,1.63952,1.63984,1.37,1.37
2017.02.07 18:59:27.614,1.63952,1.63984,1.00,1.87
2017.02.07 18:59:28.239,1.63951,1.63984,1.12,1.87
2017.02.07 18:59:28.625,1.63951,1.63984,1.12,1.87
2017.02.07 18:59:29.678,1.63949,1.63982,1.00,1.50
2017.02.07 18:59:29.779,1.63949,1.63978,1.00,1.00
2017.02.07 18:59:30.083,1.63946,1.63977,1.12,1.12
2017.02.07 18:59:30.134,1.63943,1.63974,1.37,1.00
2017.02.07 18:59:30.336,1.63942,1.63974,1.37,3.00
2017.02.07 18:59:30.488,1.63942,1.63973,1.12,1.50
2017.02.07 18:59:30.690,1.63942,1.63973,1.00,1.12
2017.02.07 18:59:31.211,1.63941,1.63973,1.87,1.50
2017.02.07 18:59:31.827,1.6394,1.63973,1.00,3.37
2017.02.07 18:59:31.928,1.6394,1.63972,2.62,1.50
2017.02.07 18:59:32.030,1.6394,1.63971,1.50,1.00
2017.02.07 18:59:32.432,1.6394,1.63973,1.37,2.62
2017.02.07 18:59:32.743,1.63941,1.63972,1.87,1.37
2017.02.07 18:59:33.259,1.63942,1.63972,1.00,1.37
2017.02.07 18:59:33.808,1.63941,1.63973,1.12,2.25
2017.02.07 18:59:35.111,1.63942,1.63973,1.00,1.50
2017.02.07 18:59:35.692,1.63942,1.63974,1.12,2.25
2017.02.07 18:59:35.844,1.63942,1.63973,1.00,1.87
2017.02.07 18:59:36.146,1.63944,1.63972,1.00,1.50
2017.02.07 18:59:36.698,1.63943,1.63973,1.00,2.62
2017.02.07 18:59:36.749,1.63941,1.63973,1.00,2.62
2017.02.07 18:59:37.045,1.63941,1.63973,1.50,1.50
2017.02.07 18:59:37.586,1.63942,1.63973,1.00,1.12
2017.02.07 18:59:38.118,1.63942,1.63972,1.12,1.00
2017.02.07 18:59:42.590,1.63943,1.63972,1.00,1.00
2017.02.07 18:59:42.745,1.63944,1.63974,1.50,1.00
2017.02.07 18:59:42.846,1.63946,1.63974,1.00,1.00
2017.02.07 18:59:43.091,1.63947,1.63977,1.37,2.25
2017.02.07 18:59:43.192,1.63944,1.63975,2.59,1.00
2017.02.07 18:59:43.596,1.63944,1.63974,2.21,1.37
2017.02.07 18:59:43.798,1.63946,1.63975,1.00,1.00
2017.02.07 18:59:44.252,1.63948,1.63976,1.00,1.00
2017.02.07 18:59:44.684,1.63946,1.63977,1.12,2.25
2017.02.07 18:59:45.508,1.63945,1.63976,2.21,1.00
2017.02.07 18:59:47.399,1.63945,1.63976,1.46,1.37
2017.02.07 18:59:47.619,1.63951,1.63978,1.12,1.00
2017.02.07 18:59:47.721,1.63951,1.63982,1.00,1.12
2017.02.07 18:59:48.023,1.63953,1.63982,1.37,1.12
2017.02.07 18:59:48.206,1.63952,1.63982,1.50,1.37
2017.02.07 18:59:49.089,1.63953,1.63982,1.00,1.37
2017.02.07 18:59:49.606,1.63952,1.63982,1.50,1.37
2017.02.07 18:59:50.132,1.63953,1.63982,1.00,1.00
2017.02.07 18:59:50.730,1.63952,1.63982,1.00,1.00
2017.02.07 18:59:51.332,1.63951,1.63976,1.87,1.00
2017.02.07 18:59:51.383,1.63943,1.63971,1.50,1.00
2017.02.07 18:59:51.434,1.63945,1.63972,1.00,1.00
2017.02.07 18:59:51.536,1.63946,1.63976,1.37,1.00
2017.02.07 18:59:51.738,1.63949,1.63976,1.00,1.00
2017.02.07 18:59:52.260,1.63948,1.63975,1.00,1.00
2017.02.07 18:59:52.311,1.63948,1.63977,1.00,1.12
2017.02.07 18:59:53.164,1.63949,1.63978,1.00,2.62
2017.02.07 18:59:53.265,1.63949,1.63973,1.00,1.00
2017.02.07 18:59:54.110,1.63948,1.63973,1.50,1.00
2017.02.07 18:59:54.614,1.63949,1.63973,1.00,1.00
2017.02.07 18:59:54.665,1.63949,1.63978,1.00,1.50
2017.02.07 18:59:54.766,1.63951,1.63978,1.00,1.50
2017.02.07 18:59:55.277,1.63951,1.6398,1.12,2.25
2017.02.07 18:59:55.780,1.63949,1.6398,2.62,1.50
2017.02.07 18:59:57.164,1.63949,1.63975,2.62,1.00
2017.02.07 18:59:58.680,1.63949,1.63975,1.50,1.00
2017.02.07 18:59:59.019,1.63948,1.63972,1.12,1.00
2017.02.07 18:59:59.780,1.63947,1.63972,1.50,1.00
