2011.10.19 04:00:06.862,1.53068,1.53114,1.67,1.50
2011.10.19 04:00:08.300,1.53071,1.5311,1.13,1.50
2011.10.19 04:00:10.478,1.53071,1.53109,1.05,1.13
2011.10.19 04:00:10.700,1.53066,1.53108,1.39,1.13
2011.10.19 04:00:10.819,1.53063,1.53108,1.13,1.13
2011.10.19 04:00:11.160,1.53063,1.53109,1.13,1.13
2011.10.19 04:00:11.613,1.53063,1.53108,1.13,1.13
2011.10.19 04:00:11.950,1.53068,1.53109,1.13,1.50
2011.10.19 04:00:12.335,1.5307,1.5311,1.13,1.50
2011.10.19 04:00:12.779,1.53069,1.53109,1.13,1.50
2011.10.19 04:00:13.343,1.53067,1.53109,1.13,1.50
2011.10.19 04:00:16.153,1.53073,1.53113,1.05,1.50
2011.10.19 04:00:17.431,1.53074,1.53109,1.05,1.13
2011.10.19 04:00:17.550,1.53068,1.53108,1.13,1.13
2011.10.19 04:00:26.858,1.53069,1.53108,1.35,1.88
2011.10.19 04:00:28.160,1.53069,1.53109,1.73,1.50
2011.10.19 04:00:28.391,1.53065,1.53109,1.32,1.50
2011.10.19 04:00:28.620,1.53062,1.53109,1.67,1.50
2011.10.19 04:00:30.210,1.53059,1.53096,1.56,1.13
2011.10.19 04:00:30.754,1.53059,1.53096,1.02,1.13
2011.10.19 04:00:30.873,1.53062,1.53097,1.28,1.13
2011.10.19 04:00:31.433,1.53062,1.53099,1.65,1.50
2011.10.19 04:00:31.774,1.53063,1.53109,1.35,2.63
2011.10.19 04:00:32.328,1.53063,1.53109,1.35,2.63
2011.10.19 04:00:33.464,1.53062,1.53103,1.13,1.50
2011.10.19 04:00:35.464,1.53059,1.53097,1.29,1.13
2011.10.19 04:00:35.690,1.53053,1.53094,1.58,1.13
2011.10.19 04:00:36.461,1.53052,1.53092,1.50,1.13
2011.10.19 04:00:36.690,1.53053,1.53092,1.05,1.50
2011.10.19 04:00:37.381,1.53053,1.53096,1.35,1.88
2011.10.19 04:00:38.160,1.53053,1.53095,1.35,1.50
2011.10.19 04:00:38.721,1.53052,1.53092,1.50,1.88
2011.10.19 04:00:39.018,1.53053,1.53092,1.50,1.88
2011.10.19 04:00:39.581,1.53053,1.5309,1.50,1.13
2011.10.19 04:00:40.721,1.53053,1.5309,1.50,1.88
2011.10.19 04:00:41.266,1.53053,1.5309,1.50,1.88
2011.10.19 04:00:42.373,1.53052,1.53089,1.50,1.50
2011.10.19 04:00:43.861,1.53052,1.53089,1.50,1.88
2011.10.19 04:00:44.445,1.5305,1.53088,1.05,1.50
2011.10.19 04:00:45.412,1.53051,1.53089,1.50,2.25
2011.10.19 04:00:45.931,1.53051,1.53088,1.65,1.50
2011.10.19 04:00:48.698,1.53051,1.53089,1.50,2.25
2011.10.19 04:00:55.410,1.53051,1.53089,1.65,2.25
2011.10.19 04:00:55.644,1.53055,1.53089,1.13,1.50
2011.10.19 04:00:56.686,1.53058,1.53094,1.09,1.13
2011.10.19 04:00:57.240,1.53064,1.53097,1.73,1.20
2011.10.19 04:00:59.563,1.53065,1.53104,1.05,1.72
2011.10.19 04:01:00.119,1.53066,1.53105,1.28,2.09
2011.10.19 04:01:00.243,1.53066,1.53104,1.28,1.34
2011.10.19 04:01:00.475,1.53067,1.53107,1.09,2.18
2011.10.19 04:01:00.593,1.53066,1.53105,1.28,1.13
2011.10.19 04:01:01.012,1.53064,1.53102,1.35,1.88
2011.10.19 04:01:01.574,1.53061,1.53099,1.29,2.25
2011.10.19 04:01:02.679,1.53061,1.53102,1.50,1.50
2011.10.19 04:01:04.124,1.53061,1.53098,1.29,1.13
2011.10.19 04:01:05.340,1.53054,1.53095,1.13,1.13
2011.10.19 04:01:05.464,1.53051,1.53093,1.65,1.13
2011.10.19 04:01:05.802,1.53051,1.53088,1.50,1.13
2011.10.19 04:01:06.139,1.53049,1.53085,1.13,1.13
2011.10.19 04:01:06.259,1.53051,1.53086,1.50,1.50
2011.10.19 04:01:07.976,1.53051,1.53086,1.88,1.13
2011.10.19 04:01:08.613,1.53051,1.53091,1.88,1.88
2011.10.19 04:01:10.149,1.53051,1.53086,1.50,1.88
2011.10.19 04:01:12.938,1.53051,1.53086,1.50,1.88
2011.10.19 04:01:13.519,1.53051,1.53086,1.50,1.88
2011.10.19 04:01:17.989,1.53051,1.53085,1.50,1.13
2011.10.19 04:01:18.330,1.53051,1.53083,1.50,1.13
2011.10.19 04:01:18.890,1.53051,1.53079,1.50,1.13
2011.10.19 04:01:19.477,1.53044,1.53079,1.50,1.13
2011.10.19 04:01:20.000,1.53044,1.5308,1.50,1.50
2011.10.19 04:01:20.118,1.53044,1.53082,1.50,1.88
2011.10.19 04:01:20.949,1.53044,1.53079,1.50,1.13
2011.10.19 04:01:21.630,1.53044,1.53079,1.50,1.13
2011.10.19 04:01:21.749,1.53051,1.53079,1.50,1.13
2011.10.19 04:01:21.982,1.53047,1.53088,1.13,1.50
2011.10.19 04:01:22.099,1.53047,1.53081,1.13,1.13
2011.10.19 04:01:22.647,1.53047,1.53081,1.13,1.13
2011.10.19 04:01:22.981,1.53059,1.53091,1.13,1.05
2011.10.19 04:01:23.099,1.53059,1.53094,1.13,1.05
2011.10.19 04:01:23.220,1.53054,1.53092,1.29,1.05
2011.10.19 04:01:23.563,1.53051,1.5309,1.50,1.13
2011.10.19 04:01:37.245,1.53046,1.53094,1.13,2.63
2011.10.19 04:01:37.471,1.53045,1.53085,1.29,1.13
2011.10.19 04:01:38.490,1.53042,1.53088,1.65,1.88
2011.10.19 04:01:38.719,1.53049,1.53089,1.13,1.50
2011.10.19 04:01:39.610,1.53052,1.53094,1.13,1.13
2011.10.19 04:01:40.460,1.53052,1.53094,1.73,1.13
2011.10.19 04:01:42.446,1.53052,1.53094,1.73,1.13
2011.10.19 04:01:43.137,1.53055,1.53094,1.05,1.13
2011.10.19 04:01:43.490,1.53068,1.53105,1.50,1.34
2011.10.19 04:01:43.722,1.5307,1.53113,1.05,1.13
2011.10.19 04:01:44.062,1.53065,1.53101,1.29,1.13
2011.10.19 04:01:44.180,1.53064,1.53101,1.09,1.13
2011.10.19 04:01:45.541,1.53061,1.53101,1.09,1.88
2011.10.19 04:01:46.155,1.53061,1.53101,1.09,1.88
2011.10.19 04:01:46.492,1.53065,1.53101,1.50,1.50
2011.10.19 04:01:46.830,1.5307,1.53108,1.13,1.50
2011.10.19 04:01:47.609,1.5307,1.53108,1.13,1.50
2011.10.19 04:01:47.729,1.5307,1.53108,1.13,1.50
2011.10.19 04:01:48.125,1.5307,1.53108,1.13,1.50
2011.10.19 04:01:49.269,1.5307,1.53108,1.13,1.50
2011.10.19 04:01:49.405,1.5307,1.53108,1.13,1.50
2011.10.19 04:01:49.883,1.5307,1.53114,1.13,1.88
2011.10.19 04:01:50.002,1.53067,1.53108,1.29,1.13
2011.10.19 04:01:50.686,1.53067,1.53106,1.05,1.13
2011.10.19 04:01:51.022,1.53067,1.53105,1.05,1.50
2011.10.19 04:01:51.803,1.53066,1.531,1.13,1.13
2011.10.19 04:01:52.470,1.53064,1.53099,1.29,1.13
2011.10.19 04:01:52.920,1.53055,1.53098,1.43,1.13
2011.10.19 04:01:53.441,1.53063,1.53095,1.13,1.13
2011.10.19 04:01:53.894,1.53063,1.53101,1.13,1.13
2011.10.19 04:01:54.679,1.53066,1.53101,1.50,1.13
2011.10.19 04:01:55.023,1.53075,1.53113,1.29,1.50
2011.10.19 04:01:55.142,1.53075,1.53108,1.29,1.13
2011.10.19 04:01:56.199,1.5307,1.53104,1.50,1.88
2011.10.19 04:01:56.320,1.53078,1.53113,1.13,1.50
2011.10.19 04:01:56.440,1.53078,1.53115,1.13,1.05
2011.10.19 04:01:56.919,1.53078,1.53118,1.13,1.05
2011.10.19 04:01:57.629,1.53092,1.53123,1.13,1.50
2011.10.19 04:01:58.519,1.53092,1.53133,1.13,1.50
2011.10.19 04:01:59.182,1.53095,1.53133,1.13,1.50
2011.10.19 04:02:02.079,1.53095,1.53133,1.13,1.50
2011.10.19 04:02:02.427,1.53097,1.53133,1.50,1.50
2011.10.19 04:02:02.760,1.53102,1.53141,1.13,1.50
2011.10.19 04:02:03.324,1.53099,1.53134,1.29,1.50
2011.10.19 04:02:03.945,1.53091,1.53134,1.43,1.50
2011.10.19 04:02:05.342,1.53099,1.53134,1.13,1.50
2011.10.19 04:02:07.152,1.53099,1.53134,1.13,1.50
2011.10.19 04:02:07.493,1.53089,1.53128,1.29,1.88
2011.10.19 04:02:07.609,1.53084,1.53128,1.50,1.88
2011.10.19 04:02:07.842,1.53084,1.53128,1.13,1.13
2011.10.19 04:02:08.072,1.53084,1.53128,1.13,1.88
2011.10.19 04:02:09.619,1.53084,1.53128,1.13,1.13
2011.10.19 04:02:09.849,1.53084,1.53128,1.13,1.88
2011.10.19 04:02:09.970,1.53084,1.53126,1.05,1.13
2011.10.19 04:02:10.984,1.53091,1.53128,1.13,1.50
2011.10.19 04:02:12.631,1.53094,1.53133,1.13,1.50
2011.10.19 04:02:13.680,1.5309,1.53128,1.29,1.50
2011.10.19 04:02:13.800,1.53081,1.53123,1.43,1.13
2011.10.19 04:02:15.682,1.53084,1.53123,1.09,1.13
2011.10.19 04:02:15.801,1.53094,1.53132,1.13,2.25
2011.10.19 04:02:15.923,1.53094,1.53134,1.28,1.50
2011.10.19 04:02:17.392,1.53094,1.53138,1.13,1.13
2011.10.19 04:02:18.612,1.53094,1.53134,1.05,1.50
2011.10.19 04:02:18.953,1.5308,1.53124,1.24,1.13
2011.10.19 04:02:21.521,1.53088,1.53132,1.05,1.13
2011.10.19 04:02:23.221,1.53088,1.53127,1.05,1.13
2011.10.19 04:02:23.558,1.53085,1.53123,1.43,1.13
2011.10.19 04:02:23.679,1.53085,1.53123,1.13,1.13
2011.10.19 04:02:24.208,1.5308,1.53123,1.24,1.13
2011.10.19 04:02:28.323,1.53081,1.53127,1.09,1.13
2011.10.19 04:02:28.992,1.53092,1.53138,1.13,1.13
2011.10.19 04:02:33.252,1.53081,1.53124,3.13,1.13
2011.10.19 04:02:33.481,1.53081,1.53125,1.50,1.13
2011.10.19 04:02:34.266,1.53091,1.53132,1.13,1.50
2011.10.19 04:02:34.383,1.53091,1.53135,1.13,1.13
2011.10.19 04:02:37.298,1.53088,1.53135,1.73,1.13
2011.10.19 04:02:37.814,1.53088,1.53135,1.73,1.13
2011.10.19 04:02:38.709,1.53088,1.53135,1.73,1.13
2011.10.19 04:02:39.640,1.53089,1.53138,1.22,1.50
2011.10.19 04:02:46.751,1.53081,1.53123,1.59,1.13
2011.10.19 04:02:46.981,1.5308,1.53123,1.09,1.13
2011.10.19 04:02:47.213,1.53079,1.53117,1.13,1.50
2011.10.19 04:02:47.448,1.53074,1.53108,1.50,1.13
2011.10.19 04:02:47.676,1.53071,1.53108,1.50,1.13
2011.10.19 04:02:48.381,1.53068,1.53108,1.50,1.13
2011.10.19 04:02:50.050,1.53071,1.53112,1.50,1.50
2011.10.19 04:02:51.000,1.53077,1.53113,1.50,1.13
2011.10.19 04:02:55.932,1.53072,1.53113,1.50,1.13
2011.10.19 04:03:05.179,1.53066,1.53111,1.50,1.50
2011.10.19 04:03:05.301,1.53066,1.53102,1.50,1.13
2011.10.19 04:03:07.676,1.53072,1.53111,1.50,1.13
2011.10.19 04:03:07.807,1.53072,1.53113,1.50,1.50
2011.10.19 04:03:08.031,1.53078,1.53118,1.13,1.50
2011.10.19 04:03:08.151,1.53078,1.53125,1.13,1.13
2011.10.19 04:03:10.953,1.53091,1.53126,1.13,2.25
2011.10.19 04:03:11.182,1.53093,1.53133,1.13,1.50
2011.10.19 04:03:11.627,1.53093,1.53138,1.13,1.13
2011.10.19 04:03:11.746,1.53093,1.53133,1.13,1.50
2011.10.19 04:03:13.210,1.53091,1.53133,1.13,1.50
2011.10.19 04:03:14.419,1.53091,1.53133,1.13,1.50
2011.10.19 04:03:15.779,1.53091,1.53133,1.13,1.50
2011.10.19 04:03:16.405,1.53091,1.53133,1.13,1.50
2011.10.19 04:03:18.160,1.53091,1.53133,1.13,1.50
2011.10.19 04:03:24.666,1.53091,1.53133,1.13,1.50
2011.10.19 04:03:25.766,1.53091,1.53133,1.13,1.50
2011.10.19 04:03:26.103,1.53091,1.53133,1.13,1.50
2011.10.19 04:03:26.441,1.53097,1.53133,1.13,1.50
2011.10.19 04:03:26.779,1.53101,1.53141,1.28,1.50
2011.10.19 04:03:27.872,1.53098,1.53132,1.73,1.50
2011.10.19 04:03:28.101,1.53098,1.53132,1.05,1.50
2011.10.19 04:03:28.524,1.53091,1.53125,1.13,1.50
2011.10.19 04:03:30.561,1.53091,1.53125,1.13,1.50
2011.10.19 04:03:30.900,1.53083,1.53117,1.05,1.50
2011.10.19 04:03:31.242,1.53092,1.53126,1.13,1.50
2011.10.19 04:03:31.580,1.53093,1.53132,1.13,1.50
2011.10.19 04:03:32.636,1.53098,1.53132,1.13,1.50
2011.10.19 04:03:32.970,1.53101,1.53139,1.13,1.50
2011.10.19 04:03:35.240,1.53096,1.53139,1.28,1.50
2011.10.19 04:03:35.359,1.53096,1.53139,1.28,1.50
2011.10.19 04:03:35.478,1.53096,1.53139,1.28,1.50
2011.10.19 04:03:35.931,1.53096,1.53139,1.28,1.50
2011.10.19 04:03:40.723,1.53096,1.5314,1.13,1.13
2011.10.19 04:03:42.274,1.531,1.53145,1.13,2.25
2011.10.19 04:03:42.505,1.531,1.53144,1.13,1.50
2011.10.19 04:03:42.624,1.53097,1.53138,1.63,1.50
2011.10.19 04:03:42.851,1.5309,1.53132,1.05,1.13
2011.10.19 04:03:46.360,1.53093,1.53141,2.33,1.13
2011.10.19 04:03:50.530,1.53094,1.53138,1.05,1.13
2011.10.19 04:04:10.000,1.53098,1.53134,1.13,1.50
2011.10.19 04:04:10.344,1.531,1.53145,1.13,1.50
2011.10.19 04:04:11.012,1.531,1.53137,1.13,1.50
2011.10.19 04:04:14.769,1.53103,1.53137,1.47,1.50
2011.10.19 04:04:15.101,1.53109,1.53145,1.13,1.50
2011.10.19 04:04:15.661,1.53107,1.53145,1.09,1.50
2011.10.19 04:04:16.001,1.53101,1.53135,1.13,1.50
2011.10.19 04:04:16.230,1.53096,1.53135,1.28,1.50
2011.10.19 04:04:19.631,1.53089,1.53134,1.67,1.50
2011.10.19 04:04:20.531,1.53093,1.53134,1.13,1.50
2011.10.19 04:04:21.094,1.53093,1.5314,1.28,1.13
2011.10.19 04:04:21.541,1.53093,1.53138,1.43,1.13
2011.10.19 04:04:21.992,1.53088,1.53131,1.59,1.13
2011.10.19 04:04:22.219,1.53086,1.53131,1.13,1.13
2011.10.19 04:04:23.399,1.53089,1.53136,1.50,1.50
2011.10.19 04:04:23.521,1.531,1.53136,1.13,1.50
2011.10.19 04:04:24.125,1.531,1.53144,1.13,1.50
2011.10.19 04:04:27.950,1.53093,1.53139,1.13,1.13
2011.10.19 04:04:28.180,1.53093,1.53138,1.13,1.13
2011.10.19 04:04:28.740,1.53102,1.53143,1.29,1.50
2011.10.19 04:04:28.860,1.53107,1.53145,1.13,1.50
2011.10.19 04:04:29.090,1.53103,1.53143,1.67,1.50
2011.10.19 04:04:29.210,1.53103,1.53139,1.29,1.13
2011.10.19 04:04:31.992,1.53095,1.53141,1.13,1.13
2011.10.19 04:04:36.230,1.53092,1.53139,1.67,1.88
2011.10.19 04:04:46.470,1.53092,1.53132,1.50,1.13
2011.10.19 04:04:46.810,1.53089,1.53131,1.50,1.13
2011.10.19 04:04:46.929,1.53086,1.53131,1.28,1.13
2011.10.19 04:04:51.289,1.53082,1.53123,1.13,1.13
2011.10.19 04:04:51.522,1.53082,1.53123,1.50,1.13
2011.10.19 04:04:55.160,1.53083,1.53127,1.50,1.13
2011.10.19 04:04:55.280,1.53093,1.53131,1.13,1.50
2011.10.19 04:04:55.688,1.53093,1.53138,1.13,1.13
2011.10.19 04:04:55.811,1.53093,1.53139,1.13,1.13
2011.10.19 04:04:57.250,1.53093,1.53138,1.13,1.13
2011.10.19 04:05:11.841,1.53089,1.53137,1.67,1.50
2011.10.19 04:05:14.740,1.53088,1.53127,1.29,1.13
2011.10.19 04:05:17.283,1.5308,1.53127,1.13,1.13
2011.10.19 04:05:34.240,1.53081,1.53126,1.43,1.13
2011.10.19 04:05:34.361,1.53083,1.53126,1.05,1.13
2011.10.19 04:05:36.900,1.53084,1.53126,1.05,1.88
2011.10.19 04:05:37.241,1.53083,1.53124,1.05,1.13
2011.10.19 04:05:37.362,1.53081,1.53122,1.43,1.13
2011.10.19 04:05:38.644,1.53076,1.5312,1.13,1.50
2011.10.19 04:05:38.983,1.5308,1.53119,1.13,1.50
2011.10.19 04:05:39.321,1.5308,1.53119,1.13,1.05
2011.10.19 04:05:39.661,1.5307,1.53109,1.80,1.13
2011.10.19 04:05:41.439,1.53074,1.53113,1.13,1.13
2011.10.19 04:05:41.670,1.53074,1.53112,1.13,1.88
2011.10.19 04:05:42.229,1.5308,1.53112,1.13,1.13
2011.10.19 04:05:42.460,1.5308,1.53119,1.13,1.05
2011.10.19 04:05:43.260,1.5308,1.53119,1.13,1.43
2011.10.19 04:05:44.040,1.53077,1.53114,1.29,1.50
2011.10.19 04:05:45.764,1.53068,1.53109,1.73,1.13
2011.10.19 04:05:45.991,1.53068,1.53108,1.13,1.50
2011.10.19 04:05:46.111,1.53068,1.53102,1.13,1.13
2011.10.19 04:05:46.452,1.53068,1.53107,1.13,1.13
2011.10.19 04:05:47.010,1.53073,1.53107,1.13,1.13
2011.10.19 04:05:47.241,1.53073,1.53114,1.13,1.13
2011.10.19 04:05:47.362,1.53073,1.53107,1.13,1.13
2011.10.19 04:05:47.919,1.53073,1.53107,1.13,1.13
2011.10.19 04:05:48.479,1.53073,1.53107,1.13,1.13
2011.10.19 04:05:48.990,1.53073,1.53107,1.13,1.13
2011.10.19 04:05:49.919,1.53073,1.53107,1.13,1.13
2011.10.19 04:05:52.040,1.53073,1.53107,1.13,1.13
2011.10.19 04:05:52.611,1.53067,1.53103,1.50,1.50
2011.10.19 04:05:52.729,1.53063,1.53103,1.13,1.88
2011.10.19 04:05:53.179,1.53062,1.53106,1.13,1.13
2011.10.19 04:05:53.630,1.53062,1.53106,1.13,1.13
2011.10.19 04:05:53.971,1.53062,1.53098,1.13,1.13
2011.10.19 04:05:54.710,1.53062,1.53098,1.13,1.13
2011.10.19 04:05:55.990,1.53062,1.53098,1.13,1.13
2011.10.19 04:05:57.521,1.53062,1.53098,1.13,1.13
2011.10.19 04:05:57.859,1.53062,1.53102,1.13,1.13
2011.10.19 04:05:58.869,1.53067,1.53103,1.13,1.50
2011.10.19 04:05:59.980,1.53067,1.53106,1.50,1.05
2011.10.19 04:06:00.319,1.53072,1.53108,1.13,1.05
2011.10.19 04:06:06.409,1.53072,1.53107,1.13,1.43
2011.10.19 04:06:06.981,1.53069,1.53107,1.29,1.43
2011.10.19 04:06:10.211,1.53066,1.53107,1.13,1.43
2011.10.19 04:06:10.720,1.53066,1.53107,1.13,1.43
2011.10.19 04:06:12.333,1.53074,1.53107,1.13,1.43
2011.10.19 04:06:12.456,1.53074,1.53112,1.13,1.05
2011.10.19 04:06:12.984,1.53074,1.53106,1.13,1.43
2011.10.19 04:06:13.986,1.5308,1.53113,1.50,1.05
2011.10.19 04:06:14.541,1.53083,1.53115,1.05,1.02
2011.10.19 04:06:15.775,1.53078,1.53109,1.05,1.43
2011.10.19 04:06:15.897,1.53068,1.5311,1.13,1.43
2011.10.19 04:06:16.463,1.53068,1.53109,1.28,1.43
2011.10.19 04:06:16.584,1.53067,1.531,1.65,1.13
2011.10.19 04:06:16.813,1.53061,1.53095,1.50,1.13
2011.10.19 04:06:16.932,1.53058,1.53095,1.05,1.88
2011.10.19 04:06:17.275,1.53055,1.53081,1.50,1.13
2011.10.19 04:06:17.726,1.53052,1.53074,1.50,1.13
2011.10.19 04:06:17.955,1.53052,1.53081,1.50,1.13
2011.10.19 04:06:18.073,1.53038,1.53081,1.65,1.13
2011.10.19 04:06:18.193,1.53038,1.53081,1.80,1.13
2011.10.19 04:06:18.312,1.53052,1.53086,1.13,1.72
2011.10.19 04:06:18.545,1.53054,1.53093,1.13,1.13
2011.10.19 04:06:19.095,1.53054,1.53093,1.13,1.13
2011.10.19 04:06:19.217,1.53054,1.53093,2.18,1.13
2011.10.19 04:06:19.441,1.53056,1.53101,1.13,1.50
2011.10.19 04:06:21.931,1.53056,1.53101,1.50,1.35
2011.10.19 04:06:22.052,1.53057,1.531,1.13,1.13
2011.10.19 04:06:22.500,1.53056,1.53101,1.50,1.35
2011.10.19 04:06:23.890,1.53058,1.53101,1.35,1.35
2011.10.19 04:06:25.283,1.53058,1.53102,1.35,1.13
2011.10.19 04:06:27.823,1.5306,1.53106,1.28,1.13
2011.10.19 04:06:29.932,1.53057,1.53096,1.67,1.13
2011.10.19 04:06:30.341,1.53053,1.53094,1.13,1.88
2011.10.19 04:06:30.465,1.53049,1.53089,1.13,1.13
2011.10.19 04:06:31.164,1.53053,1.53096,1.28,1.50
2011.10.19 04:06:31.284,1.53053,1.53097,1.28,1.88
2011.10.19 04:06:31.514,1.53053,1.53096,1.13,1.13
2011.10.19 04:06:31.964,1.5305,1.53086,1.05,1.13
2011.10.19 04:06:37.942,1.53057,1.53093,1.13,1.34
2011.10.19 04:06:38.172,1.53057,1.53098,1.13,1.50
2011.10.19 04:06:38.982,1.53062,1.53098,1.13,1.50
2011.10.19 04:06:39.325,1.53064,1.53109,1.13,1.13
2011.10.19 04:06:39.661,1.53064,1.53112,1.13,1.13
2011.10.19 04:06:40.004,1.53067,1.53112,1.13,1.13
2011.10.19 04:06:40.672,1.53067,1.5311,1.13,1.13
2011.10.19 04:06:40.791,1.53067,1.5311,1.13,1.13
2011.10.19 04:06:43.083,1.53067,1.53104,1.13,1.13
2011.10.19 04:06:43.422,1.53055,1.53095,2.03,1.13
2011.10.19 04:06:43.763,1.53066,1.531,1.13,1.50
2011.10.19 04:06:44.323,1.53066,1.53105,1.13,1.50
2011.10.19 04:06:48.492,1.53066,1.53107,1.13,1.50
2011.10.19 04:06:49.925,1.53066,1.53107,1.13,1.13
2011.10.19 04:06:50.153,1.53074,1.53113,1.13,1.13
2011.10.19 04:06:50.385,1.53077,1.53116,1.50,1.13
2011.10.19 04:06:50.613,1.53074,1.53115,1.13,1.13
2011.10.19 04:06:50.982,1.53076,1.53111,1.50,1.13
2011.10.19 04:06:51.211,1.53077,1.53116,1.13,1.13
2011.10.19 04:06:51.552,1.53084,1.53117,1.50,1.13
2011.10.19 04:06:51.671,1.53084,1.53123,1.50,1.50
2011.10.19 04:06:52.535,1.53078,1.53121,1.50,1.13
2011.10.19 04:06:52.663,1.53077,1.53125,1.88,1.13
2011.10.19 04:06:55.233,1.53077,1.53121,1.13,1.13
2011.10.19 04:07:00.961,1.53077,1.53125,1.88,1.88
2011.10.19 04:07:02.390,1.53084,1.53125,1.13,1.50
2011.10.19 04:07:02.622,1.53085,1.53129,1.50,1.13
2011.10.19 04:07:10.748,1.53095,1.53136,1.50,1.13
2011.10.19 04:07:17.102,1.53088,1.5313,1.65,1.13
2011.10.19 04:07:17.332,1.53098,1.53142,1.13,2.25
2011.10.19 04:07:18.111,1.53095,1.53132,1.29,1.13
2011.10.19 04:07:18.454,1.53089,1.53136,1.50,1.72
2011.10.19 04:07:18.573,1.53086,1.53132,1.13,1.50
2011.10.19 04:07:18.959,1.53082,1.53129,1.67,1.13
2011.10.19 04:07:24.482,1.53086,1.5313,1.13,1.50
2011.10.19 04:07:26.154,1.53094,1.53136,1.13,1.88
2011.10.19 04:07:29.334,1.53094,1.53134,1.13,1.13
2011.10.19 04:07:29.672,1.5309,1.53133,1.29,1.50
2011.10.19 04:07:31.110,1.5308,1.53128,1.50,1.50
2011.10.19 04:07:31.457,1.53087,1.53128,1.13,1.13
2011.10.19 04:07:31.575,1.53087,1.53131,1.13,1.13
2011.10.19 04:07:32.024,1.53093,1.53135,1.50,1.50
2011.10.19 04:07:32.363,1.53101,1.53147,1.13,1.13
2011.10.19 04:07:33.034,1.53101,1.5314,1.13,1.13
2011.10.19 04:07:33.579,1.53101,1.53148,1.13,1.88
2011.10.19 04:07:33.802,1.531,1.53146,1.50,2.25
2011.10.19 04:07:34.542,1.53094,1.53136,1.05,1.13
2011.10.19 04:07:34.771,1.53094,1.53138,1.50,1.88
2011.10.19 04:07:41.650,1.53088,1.53136,1.50,1.88
2011.10.19 04:07:46.305,1.53085,1.5313,1.05,1.13
2011.10.19 04:07:47.072,1.53082,1.53128,1.50,1.13
2011.10.19 04:07:47.742,1.53085,1.53129,1.13,1.13
2011.10.19 04:07:47.863,1.53085,1.53129,1.13,1.13
2011.10.19 04:07:50.742,1.53081,1.53129,1.13,1.13
2011.10.19 04:07:55.952,1.53079,1.53129,1.50,1.50
2011.10.19 04:07:56.181,1.53075,1.53123,1.13,1.88
2011.10.19 04:07:56.523,1.53075,1.53119,1.13,1.13
2011.10.19 04:07:57.930,1.53075,1.53119,1.13,1.13
2011.10.19 04:07:58.492,1.53071,1.53115,1.50,1.13
2011.10.19 04:07:58.870,1.53071,1.53114,1.50,1.13
2011.10.19 04:07:58.999,1.53069,1.53116,1.28,1.13
2011.10.19 04:08:00.511,1.53073,1.53118,1.13,1.50
2011.10.19 04:08:13.908,1.53079,1.53124,1.13,1.13
2011.10.19 04:08:14.682,1.53081,1.5313,2.03,1.13
2011.10.19 04:08:15.672,1.53093,1.53131,1.13,1.50
2011.10.19 04:08:15.793,1.53093,1.53134,1.13,1.50
2011.10.19 04:08:15.911,1.53093,1.53139,1.13,1.13
2011.10.19 04:08:19.094,1.53093,1.53134,1.13,1.50
2011.10.19 04:08:19.789,1.53086,1.53132,1.13,1.13
2011.10.19 04:08:20.433,1.53093,1.53134,1.13,1.50
2011.10.19 04:08:20.663,1.53093,1.53139,1.13,1.13
2011.10.19 04:08:21.455,1.53098,1.5314,1.13,1.50
2011.10.19 04:08:21.573,1.53103,1.53143,1.50,1.50
2011.10.19 04:08:21.911,1.53098,1.53145,1.88,1.13
2011.10.19 04:08:28.983,1.53102,1.53137,1.29,1.50
2011.10.19 04:08:29.102,1.53103,1.53137,1.50,1.50
2011.10.19 04:08:29.993,1.53109,1.53145,2.34,1.50
2011.10.19 04:08:30.442,1.53119,1.53155,1.29,1.50
2011.10.19 04:08:30.564,1.53114,1.53155,1.43,1.50
2011.10.19 04:08:41.112,1.53117,1.53155,1.29,1.50
2011.10.19 04:08:41.232,1.53119,1.53155,1.13,1.50
2011.10.19 04:08:42.331,1.53119,1.53155,1.13,1.50
2011.10.19 04:08:43.000,1.53119,1.53155,1.13,1.50
2011.10.19 04:08:43.221,1.53119,1.53155,1.13,1.50
2011.10.19 04:08:44.666,1.53119,1.53155,1.13,1.50
2011.10.19 04:08:44.785,1.53117,1.53155,1.29,1.50
2011.10.19 04:08:44.906,1.53111,1.53155,1.13,1.50
2011.10.19 04:08:45.513,1.53111,1.53157,1.13,1.13
2011.10.19 04:08:46.072,1.53111,1.53155,1.13,1.13
2011.10.19 04:08:46.413,1.53111,1.53154,1.13,1.13
2011.10.19 04:08:46.536,1.53111,1.53157,1.13,1.13
2011.10.19 04:08:53.852,1.53107,1.53155,1.29,1.50
2011.10.19 04:08:54.692,1.53118,1.53155,1.13,1.50
2011.10.19 04:08:55.251,1.53118,1.53165,1.13,1.13
2011.10.19 04:09:00.862,1.53114,1.53155,1.29,1.13
2011.10.19 04:09:08.903,1.53113,1.53155,1.13,1.50
2011.10.19 04:09:09.354,1.53116,1.5316,1.50,1.13
2011.10.19 04:09:09.864,1.53116,1.53164,1.50,1.88
2011.10.19 04:09:12.932,1.53122,1.53164,1.13,1.50
2011.10.19 04:09:13.162,1.53123,1.53169,1.50,1.13
2011.10.19 04:09:18.202,1.53131,1.5317,1.50,1.13
2011.10.19 04:09:18.321,1.53131,1.53179,1.50,1.88
2011.10.19 04:09:19.703,1.53137,1.53179,1.13,1.50
2011.10.19 04:09:26.222,1.53132,1.53179,1.29,1.50
2011.10.19 04:09:26.671,1.53129,1.53174,1.13,1.13
2011.10.19 04:09:27.341,1.53125,1.53172,1.29,1.50
2011.10.19 04:09:30.964,1.53129,1.53172,1.13,1.50
2011.10.19 04:09:31.192,1.53133,1.53174,1.50,1.13
2011.10.19 04:09:40.461,1.53129,1.53174,1.13,1.13
2011.10.19 04:09:40.805,1.53129,1.53174,1.13,1.13
2011.10.19 04:09:49.512,1.53124,1.53166,1.29,1.50
2011.10.19 04:09:50.723,1.53122,1.53166,1.13,1.88
2011.10.19 04:09:50.841,1.53122,1.53166,1.13,1.13
2011.10.19 04:09:50.964,1.53117,1.53166,1.29,1.50
2011.10.19 04:10:19.583,1.53113,1.5316,1.13,1.13
2011.10.19 04:10:22.563,1.53119,1.53166,1.13,1.13
2011.10.19 04:10:32.638,1.53124,1.53167,1.50,1.13
2011.10.19 04:10:35.456,1.5313,1.53172,1.13,1.50
2011.10.19 04:10:35.682,1.5313,1.53173,1.13,1.50
2011.10.19 04:10:36.950,1.53116,1.53161,1.13,1.13
2011.10.19 04:11:29.243,1.53119,1.53167,1.50,1.50
2011.10.19 04:11:29.996,1.53124,1.53166,1.65,1.50
2011.10.19 04:11:30.114,1.53133,1.53179,1.13,1.13
2011.10.19 04:11:30.233,1.53133,1.53181,1.88,1.13
2011.10.19 04:11:31.261,1.5314,1.53182,1.13,1.50
2011.10.19 04:11:33.704,1.53149,1.5319,1.13,1.50
2011.10.19 04:11:34.465,1.53141,1.53179,1.29,1.13
2011.10.19 04:11:34.585,1.53135,1.53179,1.13,1.13
2011.10.19 04:11:34.924,1.53141,1.53182,1.67,1.13
2011.10.19 04:11:36.254,1.53147,1.53183,1.50,2.25
2011.10.19 04:11:36.706,1.53153,1.53196,1.13,1.50
2011.10.19 04:11:37.582,1.53153,1.53196,1.13,1.50
2011.10.19 04:11:39.656,1.53147,1.53188,1.13,1.50
2011.10.19 04:11:40.113,1.53145,1.53184,1.13,1.50
2011.10.19 04:11:40.451,1.53147,1.53186,1.13,2.25
2011.10.19 04:11:44.397,1.53145,1.53184,1.13,1.50
2011.10.19 04:11:44.927,1.53143,1.53185,1.29,1.13
2011.10.19 04:11:45.374,1.53138,1.53184,1.13,1.50
2011.10.19 04:11:46.235,1.53135,1.53181,1.29,1.13
2011.10.19 04:11:46.355,1.53134,1.5318,1.13,1.13
2011.10.19 04:11:46.808,1.53131,1.53169,1.67,1.50
2011.10.19 04:11:47.252,1.53134,1.5318,1.13,1.13
2011.10.19 04:11:48.491,1.53145,1.53181,1.67,1.50
2011.10.19 04:11:50.424,1.53145,1.53181,1.67,1.50
2011.10.19 04:11:50.783,1.53145,1.53183,1.67,1.50
2011.10.19 04:11:51.519,1.53145,1.53191,1.67,1.13
2011.10.19 04:11:54.896,1.53142,1.53179,1.29,1.13
2011.10.19 04:11:55.237,1.53131,1.53177,1.13,1.13
2011.10.19 04:12:01.491,1.53128,1.5317,1.29,1.13
2011.10.19 04:12:01.834,1.53122,1.5317,1.28,1.13
2011.10.19 04:12:02.063,1.53124,1.5317,1.13,3.00
2011.10.19 04:12:02.402,1.53122,1.5317,1.13,3.00
2011.10.19 04:12:02.742,1.53124,1.53166,1.13,1.50
2011.10.19 04:12:03.303,1.53127,1.53166,1.50,1.50
2011.10.19 04:12:03.941,1.5313,1.53166,1.13,1.50
2011.10.19 04:12:04.172,1.53132,1.53176,1.13,1.13
2011.10.19 04:12:05.721,1.53137,1.53181,1.13,1.13
2011.10.19 04:12:10.213,1.53134,1.53181,1.13,1.13
2011.10.19 04:12:10.552,1.53134,1.53179,1.13,1.13
2011.10.19 04:12:11.285,1.5313,1.53157,1.29,2.25
2011.10.19 04:12:11.405,1.53114,1.53149,1.50,1.13
2011.10.19 04:12:12.386,1.53121,1.53157,1.50,1.50
2011.10.19 04:12:12.506,1.53115,1.53152,1.29,1.13
2011.10.19 04:12:13.723,1.53127,1.53155,1.50,1.13
2011.10.19 04:12:14.402,1.53127,1.53162,1.50,1.50
2011.10.19 04:12:14.632,1.53127,1.53168,1.50,1.13
2011.10.19 04:12:15.262,1.53128,1.53172,1.50,1.13
2011.10.19 04:12:33.872,1.53124,1.5317,1.13,1.13
2011.10.19 04:12:33.992,1.53136,1.53173,1.13,1.50
2011.10.19 04:12:39.133,1.53125,1.53171,1.13,2.25
2011.10.19 04:12:41.803,1.53127,1.53168,1.50,1.88
2011.10.19 04:12:46.868,1.53133,1.53168,1.29,1.13
2011.10.19 04:12:46.982,1.53133,1.53171,1.29,1.13
2011.10.19 04:12:51.725,1.53122,1.53168,1.29,1.50
2011.10.19 04:12:51.843,1.53118,1.53157,1.05,1.13
2011.10.19 04:12:53.672,1.53116,1.53157,1.50,1.50
2011.10.19 04:12:54.683,1.53121,1.53157,1.50,1.50
2011.10.19 04:12:54.803,1.53121,1.53165,1.50,1.13
2011.10.19 04:12:55.031,1.53121,1.53168,1.50,1.13
2011.10.19 04:13:00.254,1.53122,1.53167,1.13,1.88
2011.10.19 04:13:00.483,1.53122,1.53166,1.13,1.13
2011.10.19 04:13:01.154,1.53122,1.53166,1.13,1.13
2011.10.19 04:13:01.494,1.53131,1.5317,1.13,1.50
2011.10.19 04:13:02.653,1.5313,1.53172,1.29,1.13
2011.10.19 04:13:03.412,1.53126,1.53165,1.13,1.05
2011.10.19 04:13:03.982,1.53117,1.53161,3.92,1.05
2011.10.19 04:13:04.212,1.53117,1.53158,1.88,1.88
2011.10.19 04:13:04.442,1.53117,1.5315,1.50,1.50
2011.10.19 04:13:04.562,1.53115,1.5315,1.29,2.25
2011.10.19 04:13:04.901,1.53109,1.53144,1.50,1.13
2011.10.19 04:13:05.243,1.53103,1.53143,1.13,1.50
2011.10.19 04:13:11.503,1.53097,1.53128,1.13,1.50
2011.10.19 04:13:11.844,1.53087,1.53122,1.50,1.13
2011.10.19 04:13:12.183,1.53103,1.53116,1.13,1.13
2011.10.19 04:13:12.584,1.531,1.53132,1.29,1.13
2011.10.19 04:13:12.705,1.53098,1.53127,1.13,1.88
2011.10.19 04:13:14.934,1.53098,1.53134,1.13,1.13
2011.10.19 04:13:17.258,1.53092,1.53126,1.50,1.13
2011.10.19 04:13:17.861,1.53092,1.53123,1.50,1.13
2011.10.19 04:13:18.204,1.53092,1.5312,1.50,1.13
2011.10.19 04:13:18.971,1.53092,1.53119,1.50,1.13
2011.10.19 04:13:19.532,1.53081,1.53114,1.50,1.13
2011.10.19 04:13:20.002,1.53074,1.53111,1.13,1.13
2011.10.19 04:13:20.233,1.53079,1.53112,1.13,1.88
2011.10.19 04:13:20.792,1.5308,1.53119,1.13,1.88
2011.10.19 04:13:22.012,1.53087,1.53124,1.50,1.50
2011.10.19 04:13:23.233,1.53093,1.53129,1.50,1.50
2011.10.19 04:13:23.571,1.53088,1.53129,1.50,1.50
2011.10.19 04:13:25.469,1.53096,1.5313,1.50,2.25
2011.10.19 04:13:25.964,1.53096,1.5313,1.50,2.25
2011.10.19 04:13:26.302,1.53096,1.53123,1.50,1.13
2011.10.19 04:13:26.644,1.53086,1.53114,1.50,1.13
2011.10.19 04:13:27.092,1.53096,1.53123,1.50,1.50
2011.10.19 04:13:36.282,1.5311,1.53133,1.50,1.65
2011.10.19 04:13:36.841,1.5311,1.53131,1.50,1.32
2011.10.19 04:13:39.454,1.5311,1.53132,1.50,1.43
2011.10.19 04:13:40.016,1.53102,1.53133,1.29,1.69
2011.10.19 04:13:40.571,1.53099,1.53132,1.50,1.35
2011.10.19 04:13:48.996,1.53103,1.53127,1.50,1.50
2011.10.19 04:13:49.221,1.53103,1.53131,1.50,1.13
2011.10.19 04:13:49.671,1.53103,1.5313,1.50,1.13
2011.10.19 04:13:52.372,1.53103,1.53131,1.50,1.13
2011.10.19 04:13:52.754,1.53103,1.5313,1.50,1.13
2011.10.19 04:13:55.615,1.53095,1.53131,1.50,1.13
2011.10.19 04:13:56.161,1.53095,1.53129,1.50,1.13
2011.10.19 04:13:56.721,1.53095,1.53128,1.50,1.50
2011.10.19 04:13:58.434,1.53095,1.53128,1.50,1.50
2011.10.19 04:13:59.627,1.53095,1.53139,1.50,1.13
2011.10.19 04:14:00.263,1.53104,1.53138,1.50,1.13
2011.10.19 04:14:00.715,1.5311,1.53142,1.50,1.13
2011.10.19 04:14:05.257,1.5311,1.53152,1.50,1.13
2011.10.19 04:14:06.061,1.53105,1.53145,1.13,1.50
2011.10.19 04:14:06.293,1.53111,1.53152,1.50,1.13
2011.10.19 04:14:06.416,1.53104,1.53147,1.50,1.13
2011.10.19 04:14:06.864,1.53097,1.53131,1.29,1.13
2011.10.19 04:14:08.605,1.53096,1.5313,1.50,1.13
2011.10.19 04:14:11.651,1.53096,1.5313,1.50,1.13
2011.10.19 04:14:12.853,1.53096,1.5313,1.50,1.50
2011.10.19 04:14:16.731,1.53096,1.5313,1.50,1.50
2011.10.19 04:14:16.851,1.53096,1.53131,1.50,1.13
2011.10.19 04:14:23.352,1.53096,1.5313,1.50,1.13
2011.10.19 04:14:23.914,1.53096,1.53131,1.50,1.50
2011.10.19 04:14:24.252,1.53096,1.53137,1.88,1.50
2011.10.19 04:14:24.373,1.53096,1.53145,1.88,1.88
2011.10.19 04:14:26.213,1.53103,1.53145,1.13,1.50
2011.10.19 04:14:26.453,1.53105,1.53153,1.50,1.88
2011.10.19 04:14:30.153,1.53114,1.53157,1.13,2.25
2011.10.19 04:14:31.045,1.53109,1.53156,1.29,1.50
2011.10.19 04:14:31.164,1.53106,1.53146,1.29,1.13
2011.10.19 04:14:31.391,1.53102,1.53146,1.13,1.13
2011.10.19 04:14:35.533,1.53097,1.53142,1.67,1.50
2011.10.19 04:14:35.982,1.53101,1.53142,1.13,1.88
2011.10.19 04:14:36.106,1.531,1.53142,1.13,1.13
2011.10.19 04:14:36.444,1.531,1.53134,1.29,1.13
2011.10.19 04:14:36.894,1.53091,1.5313,1.50,1.13
2011.10.19 04:14:43.605,1.53085,1.5313,1.50,1.13
2011.10.19 04:14:46.957,1.53091,1.5313,1.50,1.13
2011.10.19 04:14:47.077,1.53084,1.5313,1.50,1.13
2011.10.19 04:14:51.434,1.53091,1.53127,1.50,1.88
2011.10.19 04:14:51.663,1.53091,1.53127,1.50,1.50
2011.10.19 04:14:51.894,1.53104,1.5314,1.13,1.50
2011.10.19 04:14:52.123,1.53104,1.53148,1.13,1.13
2011.10.19 04:14:52.243,1.53099,1.53146,1.29,1.50
2011.10.19 04:14:54.145,1.53104,1.53148,1.13,1.13
2011.10.19 04:15:07.770,1.53099,1.53142,2.04,1.35
2011.10.19 04:15:08.753,1.53104,1.53143,1.13,1.35
2011.10.19 04:15:09.312,1.53111,1.53148,1.13,2.10
2011.10.19 04:15:09.873,1.53105,1.53141,1.29,2.25
2011.10.19 04:15:10.212,1.53096,1.53133,1.50,1.88
2011.10.19 04:15:11.048,1.53096,1.53133,1.50,1.88
2011.10.19 04:15:11.373,1.53096,1.53133,1.50,2.25
2011.10.19 04:15:11.492,1.53088,1.53132,1.29,1.88
2011.10.19 04:15:11.723,1.53086,1.53127,1.13,1.88
2011.10.19 04:15:17.663,1.53082,1.53122,1.13,1.13
2011.10.19 04:15:18.172,1.53082,1.53122,1.13,1.13
2011.10.19 04:15:18.797,1.53082,1.53122,1.13,1.13
2011.10.19 04:15:19.313,1.53087,1.53121,1.13,1.13
2011.10.19 04:15:19.652,1.53073,1.53113,1.29,1.13
2011.10.19 04:15:19.772,1.53072,1.53113,1.13,1.88
2011.10.19 04:15:20.114,1.53072,1.53116,1.13,1.13
2011.10.19 04:15:20.344,1.53072,1.53115,1.13,1.13
2011.10.19 04:15:20.684,1.53072,1.53117,1.50,1.13
2011.10.19 04:15:20.802,1.53077,1.53118,1.13,1.50
2011.10.19 04:15:21.443,1.53077,1.53109,1.13,1.13
2011.10.19 04:15:22.112,1.53077,1.53118,1.13,1.88
2011.10.19 04:15:23.231,1.53082,1.53123,2.04,2.10
2011.10.19 04:15:24.453,1.53082,1.53126,2.04,1.35
2011.10.19 04:15:24.682,1.5309,1.53129,1.13,1.35
2011.10.19 04:15:25.802,1.5309,1.53128,1.13,2.10
2011.10.19 04:15:26.381,1.5309,1.53128,1.13,1.35
2011.10.19 04:15:29.324,1.5309,1.53127,1.13,1.73
2011.10.19 04:15:33.970,1.53082,1.53126,1.67,1.35
2011.10.19 04:15:34.080,1.53082,1.53124,1.13,1.73
2011.10.19 04:15:37.732,1.53088,1.53124,1.13,1.35
2011.10.19 04:15:38.076,1.53088,1.53132,1.13,1.54
2011.10.19 04:15:38.609,1.53088,1.53134,1.13,2.51
2011.10.19 04:15:39.381,1.53087,1.53133,1.13,1.38
2011.10.19 04:15:39.941,1.53086,1.53132,1.13,1.87
2011.10.19 04:15:41.356,1.53086,1.53132,1.13,1.35
2011.10.19 04:16:09.214,1.53089,1.53134,1.29,1.13
2011.10.19 04:16:09.333,1.53094,1.53135,1.13,1.50
2011.10.19 04:16:11.312,1.53089,1.53132,1.29,1.13
2011.10.19 04:16:12.653,1.53094,1.53135,1.13,1.50
2011.10.19 04:16:12.882,1.53096,1.5314,1.50,1.50
2011.10.19 04:16:13.006,1.53104,1.53141,1.50,1.50
2011.10.19 04:16:13.443,1.53109,1.53154,1.13,1.13
2011.10.19 04:16:15.601,1.53101,1.53147,1.13,1.13
2011.10.19 04:16:30.903,1.53103,1.53149,1.13,1.88
2011.10.19 04:16:31.251,1.53096,1.5314,1.50,1.13
2011.10.19 04:16:31.485,1.53096,1.5314,1.50,1.50
2011.10.19 04:16:32.725,1.53103,1.5315,2.78,1.13
2011.10.19 04:16:33.063,1.53104,1.53152,1.80,1.13
2011.10.19 04:16:34.564,1.53103,1.5315,1.43,1.13
2011.10.19 04:16:35.173,1.531,1.53145,1.28,1.13
2011.10.19 04:16:35.733,1.531,1.53145,1.13,1.13
2011.10.19 04:16:44.243,1.531,1.53135,1.29,1.13
2011.10.19 04:16:44.375,1.53086,1.53128,1.50,1.88
2011.10.19 04:16:44.715,1.53092,1.53129,1.50,1.50
2011.10.19 04:16:46.003,1.53088,1.53135,1.13,1.13
2011.10.19 04:16:55.762,1.53092,1.53132,2.04,1.50
2011.10.19 04:17:08.992,1.53104,1.53144,1.13,1.88
2011.10.19 04:17:14.135,1.53104,1.53149,1.13,1.13
2011.10.19 04:17:18.563,1.53102,1.53147,1.29,1.13
2011.10.19 04:17:28.688,1.53102,1.53149,1.50,1.50
2011.10.19 04:17:28.805,1.53108,1.53149,1.13,1.50
2011.10.19 04:17:29.147,1.53108,1.53152,1.13,1.50
2011.10.19 04:17:29.638,1.53123,1.53159,1.13,1.50
2011.10.19 04:17:30.531,1.53115,1.53151,1.67,1.50
2011.10.19 04:17:30.659,1.53114,1.53151,1.29,1.88
2011.10.19 04:17:30.888,1.53107,1.53149,1.67,1.50
2011.10.19 04:17:31.007,1.53107,1.53149,1.13,1.50
2011.10.19 04:17:31.125,1.53107,1.53151,1.13,1.88
2011.10.19 04:17:32.244,1.53109,1.53149,1.13,1.50
2011.10.19 04:17:45.973,1.53098,1.53139,1.29,1.13
2011.10.19 04:17:46.093,1.53097,1.53139,1.50,1.13
2011.10.19 04:17:46.211,1.53094,1.53135,1.13,1.50
2011.10.19 04:17:47.184,1.53094,1.53135,1.13,1.50
2011.10.19 04:17:47.697,1.53094,1.53135,1.13,1.50
2011.10.19 04:17:48.376,1.53094,1.53135,1.13,1.50
2011.10.19 04:17:49.491,1.53089,1.53135,1.29,1.50
2011.10.19 04:18:03.073,1.53094,1.53139,1.13,1.13
2011.10.19 04:18:03.964,1.53102,1.53143,1.13,2.09
2011.10.19 04:18:04.416,1.53104,1.53151,1.50,1.50
2011.10.19 04:18:04.533,1.53117,1.53153,1.13,2.25
2011.10.19 04:18:04.654,1.53117,1.53161,1.13,1.13
2011.10.19 04:18:05.553,1.53112,1.53159,1.29,1.88
2011.10.19 04:18:05.892,1.53101,1.53147,1.13,1.13
2011.10.19 04:18:09.403,1.53096,1.5314,1.50,1.13
2011.10.19 04:18:11.356,1.53097,1.53143,1.50,1.50
2011.10.19 04:18:11.829,1.53102,1.53146,1.13,1.13
2011.10.19 04:18:14.493,1.53102,1.53146,1.13,1.13
2011.10.19 04:18:14.854,1.53116,1.53162,1.13,1.13
2011.10.19 04:18:28.698,1.53109,1.53154,1.88,1.13
2011.10.19 04:18:31.171,1.53109,1.53154,1.13,1.13
2011.10.19 04:19:11.053,1.53109,1.53154,1.13,1.13
2011.10.19 04:19:13.133,1.53116,1.53162,1.13,1.13
2011.10.19 04:19:17.953,1.53115,1.53162,1.13,1.13
2011.10.19 04:19:19.481,1.53114,1.53158,1.13,1.88
2011.10.19 04:19:32.433,1.53114,1.53159,1.13,1.13
2011.10.19 04:19:32.773,1.53126,1.53168,1.13,1.13
2011.10.19 04:19:39.463,1.53121,1.53167,1.13,1.13
2011.10.19 04:19:44.535,1.53127,1.5317,1.13,3.38
2011.10.19 04:19:45.094,1.53127,1.53171,1.13,1.13
2011.10.19 04:19:45.593,1.53124,1.5317,1.13,1.50
2011.10.19 04:19:48.394,1.53123,1.5316,1.29,1.13
2011.10.19 04:19:48.623,1.53117,1.53159,1.29,1.13
2011.10.19 04:19:48.742,1.53115,1.53159,1.13,1.13
2011.10.19 04:19:49.083,1.5311,1.53157,1.29,1.50
2011.10.19 04:19:52.492,1.53109,1.53156,1.67,1.13
2011.10.19 04:19:52.614,1.53112,1.53156,1.13,1.13
2011.10.19 04:19:53.248,1.53125,1.53172,1.13,1.13
2011.10.19 04:19:53.582,1.5312,1.53167,1.29,2.25
2011.10.19 04:19:53.703,1.53117,1.53157,1.29,1.13
2011.10.19 04:19:53.822,1.53112,1.53157,1.13,1.13
2011.10.19 04:19:56.384,1.53107,1.53153,2.42,1.13
2011.10.19 04:19:59.339,1.5311,1.53156,1.50,1.50
2011.10.19 04:19:59.783,1.53118,1.53164,1.13,1.13
2011.10.19 04:20:01.232,1.53114,1.5316,1.67,1.13
2011.10.19 04:20:19.265,1.53116,1.53162,2.63,1.13
2011.10.19 04:20:19.383,1.53131,1.53173,1.13,1.50
2011.10.19 04:20:21.544,1.53131,1.53177,1.13,1.13
2011.10.19 04:20:24.895,1.53127,1.53173,1.29,1.13
2011.10.19 04:20:26.044,1.53124,1.53169,1.13,1.13
2011.10.19 04:20:26.494,1.5312,1.53167,1.29,1.50
2011.10.19 04:20:26.615,1.5312,1.53161,1.29,1.13
2011.10.19 04:20:37.295,1.53108,1.53157,1.13,1.13
2011.10.19 04:20:40.265,1.53105,1.53147,1.29,1.13
2011.10.19 04:20:57.962,1.53108,1.5315,1.13,1.13
2011.10.19 04:20:58.575,1.53108,1.53152,1.13,1.13
2011.10.19 04:20:59.022,1.53104,1.53151,1.29,1.13
2011.10.19 04:21:03.193,1.53103,1.53149,1.50,1.88
2011.10.19 04:21:03.314,1.53097,1.53145,2.04,1.88
2011.10.19 04:21:03.543,1.53097,1.5314,1.50,1.13
2011.10.19 04:21:06.072,1.53101,1.53143,1.50,1.34
2011.10.19 04:21:06.743,1.53108,1.53152,1.13,1.13
2011.10.19 04:21:06.973,1.53108,1.53155,1.13,1.13
2011.10.19 04:21:10.761,1.53117,1.53158,1.13,1.34
2011.10.19 04:21:10.878,1.53117,1.53163,1.13,1.88
2011.10.19 04:21:10.992,1.53117,1.53161,1.13,1.13
2011.10.19 04:21:11.112,1.53117,1.53159,1.13,1.50
2011.10.19 04:21:11.563,1.53107,1.53155,1.50,1.50
2011.10.19 04:21:11.904,1.53123,1.53163,1.13,1.50
2011.10.19 04:21:12.166,1.5312,1.53163,1.29,1.50
2011.10.19 04:21:12.288,1.53124,1.53163,1.13,1.72
2011.10.19 04:21:12.409,1.53124,1.53169,1.13,1.13
2011.10.19 04:21:12.523,1.53124,1.53164,1.13,1.13
2011.10.19 04:21:14.494,1.53119,1.53155,1.29,1.13
2011.10.19 04:21:14.724,1.53108,1.53155,1.13,1.13
2011.10.19 04:21:19.803,1.53108,1.53154,1.13,1.13
2011.10.19 04:21:20.253,1.53112,1.53159,1.50,1.13
2011.10.19 04:21:20.482,1.53108,1.53155,1.13,1.13
2011.10.19 04:21:23.634,1.53113,1.53159,1.50,1.13
2011.10.19 04:21:23.759,1.53111,1.53155,1.50,1.13
2011.10.19 04:21:24.585,1.53116,1.53162,1.13,1.88
2011.10.19 04:21:25.145,1.53116,1.5316,1.13,1.50
2011.10.19 04:21:25.484,1.53116,1.53162,1.13,1.13
2011.10.19 04:21:26.022,1.53113,1.53159,2.04,1.13
2011.10.19 04:21:26.254,1.53111,1.53154,1.50,1.13
2011.10.19 04:21:26.592,1.53111,1.53153,1.50,1.88
2011.10.19 04:21:27.153,1.53111,1.53147,1.50,1.13
2011.10.19 04:21:27.919,1.53111,1.53147,1.50,1.13
2011.10.19 04:21:29.373,1.53111,1.53147,1.50,1.13
2011.10.19 04:21:29.492,1.53107,1.53147,1.50,1.13
2011.10.19 04:21:31.905,1.53108,1.5315,1.13,1.50
2011.10.19 04:21:32.134,1.53108,1.53152,1.13,1.13
2011.10.19 04:21:32.253,1.53108,1.53155,1.13,1.13
2011.10.19 04:21:34.834,1.53108,1.53153,1.13,1.50
2011.10.19 04:21:37.143,1.53108,1.53153,1.13,1.50
2011.10.19 04:21:43.738,1.53108,1.53154,1.13,1.50
2011.10.19 04:21:44.323,1.53116,1.53162,1.13,1.13
2011.10.19 04:21:50.146,1.53112,1.53161,1.29,1.50
2011.10.19 04:21:50.264,1.53109,1.53147,1.29,1.13
2011.10.19 04:21:50.496,1.53102,1.53147,1.13,1.13
2011.10.19 04:21:52.524,1.53095,1.53139,1.13,1.13
2011.10.19 04:21:54.013,1.53092,1.53136,1.50,1.13
2011.10.19 04:21:55.003,1.53097,1.53138,1.13,1.50
2011.10.19 04:21:55.789,1.53089,1.53128,1.50,1.13
2011.10.19 04:22:00.305,1.53097,1.5314,1.13,1.50
2011.10.19 04:22:00.424,1.53101,1.53142,1.29,1.13
2011.10.19 04:22:01.793,1.53104,1.53142,1.67,1.13
2011.10.19 04:22:02.469,1.53104,1.53142,1.67,1.13
2011.10.19 04:22:03.353,1.53104,1.53142,1.67,1.13
2011.10.19 04:22:04.069,1.53101,1.53142,1.13,1.13
2011.10.19 04:22:05.833,1.53104,1.53142,1.67,1.13
2011.10.19 04:22:09.663,1.53101,1.53142,1.67,1.13
2011.10.19 04:22:15.742,1.53102,1.5314,1.29,1.50
2011.10.19 04:22:16.413,1.53103,1.53138,1.29,1.50
2011.10.19 04:22:16.758,1.53083,1.53119,1.50,1.13
2011.10.19 04:22:17.105,1.53083,1.53119,1.50,1.13
2011.10.19 04:22:17.954,1.53083,1.53117,1.50,1.13
2011.10.19 04:22:19.973,1.53074,1.53108,1.29,1.13
2011.10.19 04:22:20.094,1.53075,1.53108,1.29,1.13
2011.10.19 04:22:20.654,1.5307,1.53108,1.88,1.13
2011.10.19 04:22:22.255,1.5307,1.53108,1.50,1.13
2011.10.19 04:22:22.617,1.5307,1.53108,1.50,1.13
2011.10.19 04:22:24.027,1.5307,1.53108,1.50,1.13
2011.10.19 04:22:26.065,1.5307,1.53104,1.50,1.50
2011.10.19 04:22:26.406,1.5307,1.53103,1.13,1.13
2011.10.19 04:22:27.463,1.53069,1.53105,2.63,1.50
2011.10.19 04:22:27.585,1.53083,1.53119,1.13,1.50
2011.10.19 04:22:27.938,1.53084,1.53136,1.13,1.13
2011.10.19 04:22:28.061,1.53084,1.53119,1.13,1.13
2011.10.19 04:22:28.283,1.53079,1.53119,1.13,1.88
2011.10.19 04:22:32.603,1.53083,1.53118,1.50,1.13
2011.10.19 04:22:34.202,1.53084,1.53119,1.13,1.50
2011.10.19 04:22:34.652,1.53086,1.5313,1.13,2.63
2011.10.19 04:22:35.103,1.53087,1.5313,1.29,2.63
2011.10.19 04:22:35.333,1.53097,1.53134,1.13,1.50
2011.10.19 04:22:35.895,1.53097,1.53137,1.13,1.13
2011.10.19 04:22:42.234,1.53091,1.53134,1.13,1.50
2011.10.19 04:22:42.355,1.53088,1.53127,1.50,1.13
2011.10.19 04:22:42.989,1.53088,1.53127,1.50,1.13
2011.10.19 04:22:43.638,1.53088,1.53124,1.50,1.50
2011.10.19 04:22:44.006,1.53088,1.53124,1.50,1.50
2011.10.19 04:22:44.338,1.53088,1.53124,1.50,1.50
2011.10.19 04:22:47.125,1.53088,1.53124,2.04,1.50
2011.10.19 04:22:47.465,1.53088,1.53127,2.04,1.13
2011.10.19 04:22:50.063,1.53088,1.53124,1.13,1.13
2011.10.19 04:22:51.414,1.53088,1.53124,1.67,1.13
2011.10.19 04:22:52.215,1.53088,1.53126,1.13,1.50
2011.10.19 04:22:53.343,1.53082,1.53124,1.88,1.50
2011.10.19 04:22:53.985,1.53082,1.53116,1.13,1.13
2011.10.19 04:22:54.323,1.53074,1.53112,1.65,1.13
2011.10.19 04:22:55.042,1.53074,1.53112,1.65,1.13
2011.10.19 04:22:55.658,1.53088,1.53123,1.13,1.13
2011.10.19 04:22:56.213,1.53088,1.53123,1.13,1.13
2011.10.19 04:22:57.307,1.53088,1.53123,1.13,1.13
2011.10.19 04:22:58.853,1.53088,1.53124,1.13,1.88
2011.10.19 04:23:01.098,1.5308,1.5312,3.02,1.13
2011.10.19 04:23:01.475,1.5308,1.53104,1.78,1.13
2011.10.19 04:23:01.704,1.53077,1.53111,1.62,1.50
2011.10.19 04:23:01.823,1.53078,1.53114,1.41,2.25
2011.10.19 04:23:03.760,1.53079,1.53111,1.39,1.50
2011.10.19 04:23:03.877,1.5306,1.53098,1.29,1.13
2011.10.19 04:23:04.773,1.53063,1.53098,1.05,1.13
2011.10.19 04:23:04.895,1.53063,1.53098,1.05,1.13
2011.10.19 04:23:05.016,1.53062,1.53098,1.05,1.13
2011.10.19 04:23:05.136,1.53063,1.53098,1.05,1.13
2011.10.19 04:23:05.443,1.53062,1.53098,1.05,1.13
2011.10.19 04:23:06.983,1.5306,1.53101,1.59,1.50
2011.10.19 04:23:07.102,1.53062,1.53104,1.22,1.13
2011.10.19 04:23:07.994,1.53065,1.53104,1.67,1.13
2011.10.19 04:23:17.111,1.53066,1.5311,1.67,1.13
2011.10.19 04:23:17.701,1.53066,1.5311,1.13,1.13
2011.10.19 04:23:24.177,1.53066,1.5311,1.43,1.13
2011.10.19 04:23:50.883,1.53066,1.5311,1.97,1.13
2011.10.19 04:23:51.222,1.53067,1.53103,1.22,1.50
2011.10.19 04:23:51.454,1.53067,1.5311,1.22,1.13
2011.10.19 04:23:53.507,1.53066,1.5311,1.22,1.13
2011.10.19 04:23:54.064,1.53068,1.53102,1.05,1.13
2011.10.19 04:23:55.702,1.53059,1.53105,1.67,1.13
2011.10.19 04:23:55.821,1.53059,1.53106,1.67,1.13
2011.10.19 04:23:59.916,1.53067,1.53113,1.13,1.13
2011.10.19 04:24:00.444,1.5307,1.53116,1.29,1.88
2011.10.19 04:24:00.564,1.53076,1.53116,1.13,1.13
2011.10.19 04:24:00.681,1.53082,1.53118,1.13,1.50
2011.10.19 04:24:00.911,1.53084,1.53127,1.29,1.50
2011.10.19 04:24:02.321,1.53085,1.5313,1.29,1.13
2011.10.19 04:24:08.278,1.53085,1.53123,1.67,1.13
2011.10.19 04:24:12.375,1.53082,1.53124,1.13,2.25
2011.10.19 04:24:12.604,1.53087,1.53127,1.13,1.13
2011.10.19 04:24:13.601,1.53087,1.5313,1.67,1.13
2011.10.19 04:24:17.012,1.53087,1.53123,1.29,1.88
2011.10.19 04:24:31.934,1.53081,1.53124,1.88,1.50
2011.10.19 04:24:38.720,1.53081,1.53129,1.88,1.13
2011.10.19 04:25:16.244,1.53077,1.53113,1.67,1.13
2011.10.19 04:25:16.362,1.53076,1.53113,1.50,1.13
2011.10.19 04:25:16.483,1.53082,1.53121,1.13,2.25
2011.10.19 04:25:16.606,1.53082,1.53127,1.13,1.13
2011.10.19 04:25:18.412,1.53078,1.53126,2.04,1.50
2011.10.19 04:25:18.754,1.53068,1.53113,1.50,2.63
2011.10.19 04:25:18.984,1.53082,1.53113,1.13,1.50
2011.10.19 04:25:19.106,1.53082,1.53127,1.13,1.13
2011.10.19 04:25:20.894,1.53078,1.53126,1.29,1.50
2011.10.19 04:25:21.123,1.53068,1.53104,1.50,1.13
2011.10.19 04:25:21.464,1.5306,1.53104,1.13,1.13
2011.10.19 04:25:21.915,1.5306,1.53104,1.13,1.13
2011.10.19 04:25:26.451,1.53061,1.53104,1.50,1.13
2011.10.19 04:25:27.201,1.5306,1.53104,1.13,1.13
2011.10.19 04:25:27.694,1.5306,1.53104,1.13,1.13
2011.10.19 04:25:30.686,1.53056,1.53097,1.29,1.13
2011.10.19 04:25:35.865,1.53057,1.53106,1.13,1.13
2011.10.19 04:25:43.928,1.5307,1.53106,1.50,1.50
2011.10.19 04:25:44.266,1.53084,1.53129,1.13,1.50
2011.10.19 04:25:44.494,1.5308,1.53115,1.29,1.13
2011.10.19 04:25:48.782,1.53079,1.53125,1.88,1.13
2011.10.19 04:25:49.363,1.53093,1.53139,1.13,1.88
2011.10.19 04:25:49.592,1.53093,1.53132,1.13,1.50
2011.10.19 04:25:50.042,1.53093,1.53139,1.13,1.13
2011.10.19 04:25:50.272,1.5309,1.53129,1.29,1.13
2011.10.19 04:25:51.245,1.53084,1.5313,1.13,1.13
2011.10.19 04:25:51.567,1.53084,1.53129,1.13,1.13
2011.10.19 04:25:53.094,1.5309,1.53129,1.50,1.13
2011.10.19 04:25:53.763,1.53099,1.53143,1.88,1.13
2011.10.19 04:25:55.926,1.53099,1.53143,1.88,1.13
2011.10.19 04:25:56.154,1.53099,1.53143,1.88,1.13
2011.10.19 04:25:56.273,1.53099,1.53143,1.88,1.13
2011.10.19 04:25:56.500,1.53099,1.53144,1.88,1.13
2011.10.19 04:26:00.733,1.53106,1.53149,1.13,1.50
2011.10.19 04:26:01.291,1.53106,1.53152,1.13,1.13
2011.10.19 04:26:02.771,1.53102,1.53143,1.29,1.13
2011.10.19 04:26:05.124,1.53094,1.5314,1.29,1.50
2011.10.19 04:26:05.246,1.53092,1.53129,2.04,1.13
2011.10.19 04:26:05.474,1.53092,1.53129,1.65,1.13
2011.10.19 04:26:05.900,1.53079,1.53117,1.29,1.13
2011.10.19 04:26:06.236,1.53072,1.5311,1.50,1.09
2011.10.19 04:26:06.581,1.53065,1.53101,1.50,1.13
2011.10.19 04:26:07.260,1.53063,1.53101,1.50,1.13
2011.10.19 04:26:07.614,1.53067,1.53105,1.50,1.13
2011.10.19 04:26:08.146,1.53074,1.53118,1.13,1.13
2011.10.19 04:26:08.712,1.53066,1.53103,1.29,1.13
2011.10.19 04:26:08.832,1.53059,1.53103,1.50,1.13
2011.10.19 04:26:10.874,1.53066,1.53108,1.13,1.50
2011.10.19 04:26:10.996,1.53067,1.53114,1.13,1.13
2011.10.19 04:26:12.167,1.53066,1.53114,1.13,1.13
2011.10.19 04:26:12.286,1.53056,1.53102,1.29,1.13
2011.10.19 04:26:12.624,1.53075,1.53121,1.67,1.50
2011.10.19 04:26:14.174,1.53078,1.53123,1.13,1.50
2011.10.19 04:26:14.535,1.53078,1.53124,1.13,1.13
2011.10.19 04:26:15.841,1.53078,1.53124,1.13,1.13
2011.10.19 04:26:17.961,1.53078,1.53124,1.13,1.13
2011.10.19 04:26:20.131,1.53098,1.53124,1.50,1.13
2011.10.19 04:26:20.477,1.53106,1.5314,1.13,1.50
2011.10.19 04:26:20.601,1.53104,1.53128,1.29,1.13
2011.10.19 04:26:20.718,1.53089,1.53128,2.25,1.13
2011.10.19 04:26:20.839,1.53099,1.53133,1.13,1.50
2011.10.19 04:26:21.598,1.53099,1.53143,1.13,1.13
2011.10.19 04:26:23.755,1.53088,1.53128,1.13,1.50
2011.10.19 04:26:24.180,1.53092,1.53128,1.50,1.50
2011.10.19 04:26:25.241,1.53099,1.53135,1.29,1.50
2011.10.19 04:26:26.023,1.53087,1.53125,1.13,1.50
2011.10.19 04:26:27.022,1.53077,1.53121,1.50,1.13
2011.10.19 04:26:32.412,1.53074,1.53121,1.13,1.13
2011.10.19 04:26:32.533,1.53069,1.53114,1.13,1.13
2011.10.19 04:26:34.132,1.53069,1.53117,1.29,1.50
2011.10.19 04:26:35.482,1.53067,1.53117,1.67,1.88
2011.10.19 04:26:35.602,1.53071,1.53117,1.13,1.13
2011.10.19 04:26:36.622,1.53071,1.53117,1.13,1.13
2011.10.19 04:26:49.862,1.53071,1.53119,1.13,1.88
2011.10.19 04:26:49.983,1.53074,1.53119,1.13,1.13
2011.10.19 04:26:53.262,1.53068,1.53112,1.29,1.13
2011.10.19 04:26:53.382,1.53066,1.53112,1.13,1.13
2011.10.19 04:26:54.892,1.53067,1.53115,1.50,1.13
2011.10.19 04:26:55.425,1.53061,1.53106,1.29,1.50
2011.10.19 04:26:55.546,1.53058,1.53092,2.04,1.13
2011.10.19 04:26:55.773,1.53047,1.53092,1.50,1.13
2011.10.19 04:26:56.113,1.53047,1.5309,1.50,1.13
2011.10.19 04:26:56.453,1.53043,1.53087,1.13,2.25
2011.10.19 04:26:56.795,1.53042,1.53078,1.50,1.13
2011.10.19 04:26:57.132,1.53047,1.5308,1.50,1.13
2011.10.19 04:26:58.001,1.53058,1.53095,1.13,1.88
2011.10.19 04:26:58.123,1.53058,1.53102,1.13,1.50
2011.10.19 04:26:58.244,1.53058,1.53104,1.13,1.13
2011.10.19 04:27:00.655,1.53058,1.53101,1.13,1.50
2011.10.19 04:27:00.886,1.53055,1.53102,1.29,1.50
2011.10.19 04:27:02.254,1.53058,1.53102,1.13,1.50
2011.10.19 04:27:02.380,1.53058,1.53105,1.13,1.13
2011.10.19 04:27:02.506,1.53064,1.53108,1.50,1.13
2011.10.19 04:27:03.232,1.53066,1.53112,1.13,1.13
2011.10.19 04:27:03.355,1.53066,1.53114,1.13,1.13
2011.10.19 04:27:03.927,1.53066,1.53112,1.13,1.13
2011.10.19 04:27:04.265,1.53062,1.53104,1.29,1.50
2011.10.19 04:27:04.383,1.53052,1.53097,1.13,1.13
2011.10.19 04:27:05.652,1.53052,1.53096,1.13,1.13
2011.10.19 04:27:06.433,1.53047,1.53089,2.04,1.50
2011.10.19 04:27:13.455,1.53047,1.53087,1.50,1.13
2011.10.19 04:27:13.574,1.53047,1.53089,1.50,1.13
2011.10.19 04:27:20.518,1.53041,1.53087,1.35,1.13
2011.10.19 04:27:32.511,1.53037,1.53082,1.29,1.50
2011.10.19 04:27:33.390,1.53037,1.53081,1.13,1.13
2011.10.19 04:27:33.622,1.53037,1.53082,1.13,1.13
2011.10.19 04:27:36.121,1.53044,1.53085,1.13,1.50
2011.10.19 04:27:36.243,1.53044,1.53089,1.13,1.13
2011.10.19 04:27:36.362,1.53044,1.5309,1.13,1.13
2011.10.19 04:27:37.424,1.53042,1.5309,1.50,1.50
2011.10.19 04:27:39.444,1.53043,1.5309,1.13,1.88
2011.10.19 04:27:39.572,1.53043,1.5309,1.13,1.13
2011.10.19 04:27:39.804,1.53054,1.53093,1.50,1.13
2011.10.19 04:27:39.922,1.53059,1.53102,1.13,1.50
2011.10.19 04:27:40.043,1.5306,1.53108,1.50,1.88
2011.10.19 04:27:40.678,1.5306,1.53108,1.50,1.13
2011.10.19 04:27:41.233,1.5306,1.53109,1.50,1.50
2011.10.19 04:27:41.352,1.53053,1.531,1.50,1.13
2011.10.19 04:27:42.071,1.53047,1.53087,1.29,1.50
2011.10.19 04:27:44.160,1.53053,1.53087,1.50,1.50
2011.10.19 04:27:44.495,1.53059,1.53104,1.13,1.13
2011.10.19 04:27:47.912,1.5306,1.53108,1.50,1.13
2011.10.19 04:27:49.021,1.5306,1.53108,1.50,1.50
2011.10.19 04:27:49.326,1.53056,1.53094,2.25,1.50
2011.10.19 04:27:49.445,1.53054,1.53094,1.50,1.50
2011.10.19 04:27:58.950,1.53046,1.53094,3.00,2.25
2011.10.19 04:28:01.000,1.53044,1.53089,1.13,1.13
2011.10.19 04:28:06.952,1.53054,1.53093,2.63,1.50
2011.10.19 04:28:07.182,1.53058,1.53105,1.13,1.13
2011.10.19 04:28:09.003,1.53055,1.53103,1.50,1.50
2011.10.19 04:28:09.123,1.53049,1.5309,1.05,1.13
2011.10.19 04:28:09.351,1.53049,1.53094,1.05,1.88
2011.10.19 04:28:09.695,1.53058,1.53094,1.13,1.50
2011.10.19 04:28:10.145,1.53058,1.53105,1.13,1.13
2011.10.19 04:28:11.270,1.53055,1.53105,1.73,1.88
2011.10.19 04:28:11.394,1.53076,1.5312,2.25,1.13
2011.10.19 04:28:11.733,1.53074,1.5312,2.25,1.13
2011.10.19 04:28:12.402,1.53084,1.53124,1.50,1.50
2011.10.19 04:28:12.523,1.53092,1.53133,1.13,1.13
2011.10.19 04:28:13.153,1.53087,1.53126,1.29,1.50
2011.10.19 04:28:13.382,1.53068,1.53115,1.13,1.13
2011.10.19 04:28:13.502,1.53063,1.53112,1.29,1.50
2011.10.19 04:28:13.844,1.53068,1.53115,1.13,1.13
2011.10.19 04:28:16.542,1.53063,1.53107,1.63,1.13
2011.10.19 04:28:17.031,1.53056,1.53104,2.79,1.50
2011.10.19 04:28:17.265,1.53061,1.53107,1.13,1.13
2011.10.19 04:28:17.952,1.53064,1.5311,1.09,1.50
2011.10.19 04:28:18.072,1.53069,1.53111,1.13,1.50
2011.10.19 04:28:18.525,1.53064,1.53111,1.29,1.50
2011.10.19 04:28:19.922,1.53063,1.531,1.29,1.13
2011.10.19 04:28:20.041,1.53057,1.531,2.04,1.13
2011.10.19 04:28:20.273,1.53053,1.531,1.58,1.13
2011.10.19 04:28:20.839,1.53048,1.53097,2.79,1.50
2011.10.19 04:28:21.365,1.53051,1.53097,1.28,1.13
2011.10.19 04:28:24.402,1.53058,1.531,1.13,1.50
2011.10.19 04:28:24.524,1.53059,1.53104,1.13,1.13
2011.10.19 04:28:24.644,1.53058,1.53104,1.13,1.13
2011.10.19 04:28:28.192,1.53059,1.53104,1.29,1.13
2011.10.19 04:28:28.997,1.53059,1.53104,1.29,1.13
2011.10.19 04:28:36.463,1.53058,1.53096,1.13,1.13
2011.10.19 04:28:37.583,1.5305,1.53096,1.13,1.13
2011.10.19 04:28:39.354,1.5305,1.531,2.04,2.25
2011.10.19 04:28:39.583,1.53058,1.53105,1.29,1.13
2011.10.19 04:28:49.402,1.53058,1.53105,2.04,1.13
2011.10.19 04:28:52.001,1.53063,1.53108,1.50,1.13
2011.10.19 04:28:52.344,1.53063,1.53108,2.34,1.13
2011.10.19 04:28:52.681,1.53064,1.53108,1.29,1.13
2011.10.19 04:28:54.663,1.53063,1.53105,2.85,1.13
2011.10.19 04:28:55.224,1.53064,1.53105,1.14,1.13
2011.10.19 04:28:55.781,1.53064,1.53105,1.22,1.13
2011.10.19 04:28:57.594,1.53057,1.53096,1.22,1.13
2011.10.19 04:28:58.186,1.53057,1.53096,1.22,1.13
2011.10.19 04:29:00.984,1.53057,1.53096,1.22,1.13
2011.10.19 04:29:01.213,1.53057,1.53101,1.97,1.50
2011.10.19 04:29:01.772,1.53062,1.53102,1.05,1.13
2011.10.19 04:29:02.454,1.53063,1.53102,1.22,1.13
2011.10.19 04:29:02.574,1.53058,1.53102,1.29,1.13
2011.10.19 04:29:03.131,1.53058,1.53096,1.14,1.13
2011.10.19 04:29:04.014,1.53059,1.53104,1.52,1.28
2011.10.19 04:29:04.134,1.53063,1.53104,1.67,1.28
2011.10.19 04:29:04.751,1.53063,1.53104,1.67,1.28
2011.10.19 04:29:06.463,1.53065,1.53105,1.29,1.05
2011.10.19 04:29:06.693,1.53078,1.53113,1.13,1.05
2011.10.19 04:29:06.812,1.53059,1.53096,1.14,1.13
2011.10.19 04:29:06.932,1.53058,1.53096,1.89,1.13
2011.10.19 04:29:16.413,1.53058,1.53096,1.89,1.13
2011.10.19 04:29:17.776,1.53067,1.53102,1.13,1.50
2011.10.19 04:29:18.002,1.53068,1.53104,1.13,1.13
2011.10.19 04:29:18.346,1.53071,1.53109,1.67,2.25
2011.10.19 04:29:19.745,1.53066,1.53104,2.04,1.13
2011.10.19 04:29:20.082,1.53059,1.53104,1.35,1.13
2011.10.19 04:29:20.201,1.53058,1.53104,2.27,1.13
2011.10.19 04:29:22.903,1.53058,1.53104,1.35,1.13
2011.10.19 04:29:23.572,1.53058,1.53104,1.35,1.13
2011.10.19 04:29:27.001,1.53067,1.53106,1.29,1.13
2011.10.19 04:29:27.225,1.5307,1.53106,1.67,1.13
2011.10.19 04:29:27.455,1.53068,1.53106,1.13,1.13
2011.10.19 04:29:27.902,1.5307,1.53111,1.67,1.13
2011.10.19 04:29:28.021,1.53068,1.53111,1.67,1.13
2011.10.19 04:29:29.763,1.5306,1.53101,1.29,1.13
2011.10.19 04:29:29.992,1.53057,1.53101,1.13,1.47
2011.10.19 04:29:33.694,1.5306,1.53106,1.13,1.05
2011.10.19 04:29:33.813,1.53064,1.53106,1.13,1.35
2011.10.19 04:29:35.013,1.53071,1.5311,1.13,1.35
2011.10.19 04:29:35.133,1.53071,1.53113,1.13,1.50
2011.10.19 04:29:35.692,1.53071,1.5311,1.13,1.50
2011.10.19 04:29:36.861,1.53071,1.5311,1.13,1.50
2011.10.19 04:29:37.344,1.53071,1.5311,1.13,1.50
2011.10.19 04:29:38.053,1.53071,1.53114,1.13,1.88
2011.10.19 04:29:38.569,1.53071,1.5311,1.13,1.50
2011.10.19 04:29:39.503,1.53071,1.53114,1.13,1.13
2011.10.19 04:29:43.371,1.53067,1.5311,1.29,1.13
2011.10.19 04:29:43.492,1.53067,1.53109,1.29,1.13
2011.10.19 04:29:43.833,1.53059,1.53106,1.67,1.05
2011.10.19 04:29:44.502,1.53059,1.53104,1.67,1.50
2011.10.19 04:29:46.944,1.53056,1.53102,1.13,1.13
2011.10.19 04:30:00.443,1.53059,1.53102,1.50,1.13
2011.10.19 04:30:05.042,1.53057,1.53102,1.50,1.13
2011.10.19 04:30:15.163,1.53053,1.53095,1.29,1.50
2011.10.19 04:30:15.394,1.53038,1.5308,1.50,1.13
2011.10.19 04:30:15.736,1.53033,1.5308,1.13,1.13
2011.10.19 04:30:15.861,1.53048,1.53094,2.63,1.09
2011.10.19 04:30:16.204,1.53035,1.53083,1.50,1.13
2011.10.19 04:30:23.859,1.53037,1.53083,1.50,2.25
2011.10.19 04:30:23.976,1.53034,1.53065,1.50,1.13
2011.10.19 04:30:24.313,1.53018,1.53065,1.13,1.13
2011.10.19 04:30:24.769,1.53018,1.53066,1.88,1.13
2011.10.19 04:30:25.325,1.53029,1.53074,1.13,1.13
2011.10.19 04:30:29.222,1.53029,1.53074,1.13,1.13
2011.10.19 04:30:41.284,1.5304,1.53087,1.13,1.13
2011.10.19 04:30:44.856,1.53025,1.53073,1.88,1.13
2011.10.19 04:30:46.497,1.53025,1.53073,1.50,1.50
2011.10.19 04:30:46.845,1.53018,1.53053,1.50,1.13
2011.10.19 04:30:46.968,1.53017,1.53054,1.50,1.13
2011.10.19 04:30:47.785,1.5301,1.53044,1.50,1.13
2011.10.19 04:30:48.346,1.53017,1.53045,1.50,1.13
2011.10.19 04:30:48.908,1.53017,1.53045,1.50,1.50
2011.10.19 04:30:49.464,1.53006,1.53039,1.50,1.50
2011.10.19 04:30:49.582,1.52997,1.53031,1.50,1.50
2011.10.19 04:30:49.817,1.52989,1.53023,1.50,1.13
2011.10.19 04:30:52.934,1.52987,1.53024,1.50,1.50
2011.10.19 04:30:53.272,1.52982,1.53019,1.50,1.13
2011.10.19 04:30:54.799,1.52977,1.5302,1.50,1.13
2011.10.19 04:30:55.135,1.52987,1.53032,1.50,1.43
2011.10.19 04:30:55.255,1.52987,1.53038,2.04,1.50
2011.10.19 04:30:55.373,1.53003,1.53042,1.50,1.13
2011.10.19 04:30:55.494,1.52997,1.53042,2.25,1.13
2011.10.19 04:30:57.179,1.52995,1.53042,1.50,1.13
2011.10.19 04:30:58.185,1.53004,1.53042,1.50,1.13
2011.10.19 04:30:58.657,1.53004,1.53052,1.50,1.50
2011.10.19 04:30:59.103,1.52996,1.53046,1.50,1.50
2011.10.19 04:30:59.444,1.52997,1.53046,2.25,1.50
2011.10.19 04:31:00.006,1.52996,1.53053,1.50,1.50
2011.10.19 04:31:01.054,1.52989,1.53053,1.50,1.50
2011.10.19 04:31:01.393,1.52986,1.53044,1.50,1.50
2011.10.19 04:31:02.723,1.52994,1.53044,1.28,1.50
2011.10.19 04:31:04.025,1.52994,1.53044,2.19,1.50
2011.10.19 04:31:04.142,1.53002,1.53052,1.13,1.50
2011.10.19 04:31:04.262,1.53002,1.53057,1.13,1.43
2011.10.19 04:31:07.555,1.53009,1.53046,1.13,1.13
2011.10.19 04:31:09.373,1.53009,1.53045,1.67,1.50
2011.10.19 04:31:09.712,1.53001,1.53043,1.50,1.13
2011.10.19 04:31:09.834,1.53,1.5304,1.88,1.13
2011.10.19 04:31:10.391,1.53,1.5304,1.13,1.13
2011.10.19 04:31:11.703,1.53,1.5304,1.67,1.13
2011.10.19 04:31:12.576,1.53009,1.53049,2.04,1.50
2011.10.19 04:31:12.694,1.53004,1.53043,1.67,1.13
2011.10.19 04:31:17.445,1.53003,1.53042,1.29,1.13
2011.10.19 04:31:23.522,1.53008,1.53049,1.50,1.50
2011.10.19 04:31:24.130,1.53011,1.53049,1.29,1.50
2011.10.19 04:31:25.577,1.53011,1.5305,1.29,1.13
2011.10.19 04:31:25.697,1.53016,1.5305,1.67,1.13
2011.10.19 04:31:25.818,1.53007,1.5305,1.67,1.13
2011.10.19 04:31:25.932,1.53007,1.5305,1.67,1.13
2011.10.19 04:31:26.161,1.53003,1.5305,2.04,1.13
2011.10.19 04:31:26.281,1.53007,1.5305,1.05,1.13
2011.10.19 04:31:27.101,1.53003,1.53049,2.34,1.50
2011.10.19 04:31:27.445,1.53003,1.53049,1.29,1.50
2011.10.19 04:31:27.955,1.53004,1.53049,1.14,1.50
2011.10.19 04:31:37.292,1.53002,1.53046,1.52,1.50
2011.10.19 04:31:37.705,1.53008,1.53049,1.14,1.50
2011.10.19 04:31:37.825,1.53003,1.53049,1.52,1.50
2011.10.19 04:31:39.745,1.53004,1.5305,1.35,2.63
2011.10.19 04:31:40.397,1.53004,1.5305,1.89,1.13
2011.10.19 04:31:42.404,1.53004,1.53043,1.89,1.13
2011.10.19 04:31:42.972,1.53003,1.53043,1.89,1.13
2011.10.19 04:31:43.533,1.52996,1.53043,1.13,1.13
2011.10.19 04:31:44.204,1.52993,1.53043,2.04,1.50
2011.10.19 04:31:44.586,1.52993,1.53036,1.29,1.13
2011.10.19 04:31:45.924,1.52993,1.53038,1.13,1.50
2011.10.19 04:31:47.254,1.53,1.53044,1.13,1.50
2011.10.19 04:31:47.373,1.53003,1.53049,1.13,1.13
2011.10.19 04:31:50.482,1.52999,1.53043,1.13,1.13
2011.10.19 04:31:55.712,1.52989,1.53036,1.67,1.13
2011.10.19 04:31:56.052,1.52989,1.53034,1.13,1.13
2011.10.19 04:31:57.652,1.52984,1.53019,1.29,1.13
2011.10.19 04:32:00.205,1.52987,1.5302,1.13,1.50
2011.10.19 04:32:00.325,1.52987,1.5302,1.13,1.50
2011.10.19 04:32:00.663,1.52988,1.53035,1.13,1.13
2011.10.19 04:32:01.201,1.52993,1.53035,1.50,1.13
2011.10.19 04:32:02.426,1.52996,1.5304,1.50,1.50
2011.10.19 04:32:02.875,1.53001,1.5305,2.79,1.50
2011.10.19 04:32:02.998,1.53006,1.53052,1.13,1.13
2011.10.19 04:32:03.874,1.52998,1.53045,1.13,1.13
2011.10.19 04:32:04.213,1.52998,1.53045,1.13,1.13
2011.10.19 04:32:04.553,1.52993,1.53041,2.04,1.50
2011.10.19 04:32:06.665,1.52993,1.53041,1.67,1.50
2011.10.19 04:32:10.417,1.52996,1.53042,1.13,1.13
2011.10.19 04:32:10.648,1.52993,1.53034,1.29,1.13
2011.10.19 04:32:10.988,1.52975,1.5302,1.50,1.13
2011.10.19 04:32:12.603,1.52983,1.53017,1.50,1.13
2011.10.19 04:32:12.726,1.52977,1.53017,1.50,1.13
2011.10.19 04:32:15.516,1.52983,1.53021,1.50,1.50
2011.10.19 04:32:15.639,1.52993,1.53038,1.13,1.05
2011.10.19 04:32:15.756,1.52993,1.5304,1.13,1.13
2011.10.19 04:32:26.212,1.52996,1.53043,1.50,1.13
2011.10.19 04:32:27.228,1.53,1.53046,1.13,1.50
2011.10.19 04:32:27.463,1.53,1.53047,1.13,1.13
2011.10.19 04:32:29.984,1.53009,1.53052,1.13,1.50
2011.10.19 04:32:30.213,1.53009,1.53054,1.13,1.88
2011.10.19 04:32:30.833,1.53005,1.53052,1.29,1.50
2011.10.19 04:32:31.180,1.53005,1.53044,1.29,1.13
2011.10.19 04:32:31.295,1.52995,1.53041,1.13,1.13
2011.10.19 04:32:31.743,1.52987,1.53026,1.29,1.13
2011.10.19 04:32:31.972,1.52982,1.53026,1.13,1.13
2011.10.19 04:32:33.694,1.52987,1.5303,1.13,1.50
2011.10.19 04:32:34.033,1.52989,1.53034,1.13,1.13
2011.10.19 04:32:36.742,1.52985,1.53029,1.29,1.13
2011.10.19 04:32:40.453,1.52989,1.5303,1.13,1.50
2011.10.19 04:32:41.333,1.52991,1.53034,1.50,1.13
2011.10.19 04:32:45.076,1.52989,1.53033,1.13,1.50
2011.10.19 04:32:45.195,1.52989,1.53034,1.13,1.13
2011.10.19 04:32:47.020,1.52984,1.5303,1.29,1.13
2011.10.19 04:32:47.137,1.52988,1.53033,1.50,1.88
2011.10.19 04:32:48.704,1.52983,1.5303,4.88,1.13
2011.10.19 04:32:48.934,1.52987,1.53034,1.50,1.13
2011.10.19 04:32:50.442,1.52983,1.5303,4.88,1.13
2011.10.19 04:32:50.781,1.52988,1.53034,1.50,1.13
2011.10.19 04:32:51.012,1.52983,1.5303,4.88,1.13
2011.10.19 04:32:51.354,1.52987,1.53033,1.50,1.13
2011.10.19 04:32:53.924,1.52998,1.53037,1.13,1.50
2011.10.19 04:32:54.350,1.52998,1.53043,1.13,1.50
2011.10.19 04:32:57.919,1.53008,1.53044,1.13,1.50
2011.10.19 04:33:00.273,1.53016,1.53053,1.13,1.50
2011.10.19 04:33:07.496,1.53016,1.53053,1.13,1.50
2011.10.19 04:33:07.611,1.53016,1.53053,1.13,1.50
2011.10.19 04:33:08.223,1.53016,1.53053,1.13,1.50
2011.10.19 04:33:09.762,1.53016,1.53053,1.13,1.50
2011.10.19 04:33:13.354,1.53012,1.53048,1.67,1.50
2011.10.19 04:33:13.478,1.53011,1.53046,1.29,1.13
2011.10.19 04:33:14.035,1.53002,1.53046,1.13,1.13
2011.10.19 04:33:25.464,1.53005,1.53045,1.13,1.50
2011.10.19 04:33:26.464,1.5301,1.53053,1.50,1.50
2011.10.19 04:33:26.586,1.53015,1.53053,1.13,1.50
2011.10.19 04:33:29.478,1.53023,1.53059,1.13,1.50
2011.10.19 04:33:30.788,1.53012,1.53056,1.13,1.13
2011.10.19 04:33:32.223,1.53012,1.53056,1.13,1.13
2011.10.19 04:33:32.623,1.53012,1.53056,1.13,1.13
2011.10.19 04:33:32.902,1.53012,1.53056,1.13,1.13
2011.10.19 04:33:33.503,1.53012,1.53056,1.13,1.13
2011.10.19 04:33:34.539,1.53008,1.53049,1.29,1.50
2011.10.19 04:33:37.393,1.53006,1.53048,1.13,1.50
2011.10.19 04:33:37.622,1.53006,1.53053,1.13,1.88
2011.10.19 04:33:38.763,1.53008,1.53053,1.50,1.13
2011.10.19 04:33:39.322,1.53006,1.53053,1.13,1.88
2011.10.19 04:33:39.939,1.52999,1.53048,1.88,1.13
2011.10.19 04:33:43.962,1.53013,1.53049,1.13,1.50
2011.10.19 04:33:44.081,1.53014,1.53055,1.13,1.50
2011.10.19 04:33:44.203,1.53014,1.53059,1.13,1.13
2011.10.19 04:33:49.610,1.53016,1.53055,1.13,1.50
2011.10.19 04:33:51.204,1.53016,1.53055,1.13,1.50
2011.10.19 04:33:51.322,1.53016,1.53055,1.13,1.50
2011.10.19 04:33:54.001,1.53016,1.53055,1.13,1.50
2011.10.19 04:33:56.618,1.53016,1.53063,1.13,1.13
2011.10.19 04:34:07.732,1.53019,1.53063,1.13,1.50
2011.10.19 04:34:21.201,1.53019,1.53064,1.50,1.50
2011.10.19 04:34:22.544,1.53019,1.53067,1.13,1.13
2011.10.19 04:34:31.741,1.53026,1.53068,1.13,1.50
2011.10.19 04:34:32.073,1.53029,1.53073,1.13,1.50
2011.10.19 04:34:32.525,1.53044,1.53078,1.13,1.50
2011.10.19 04:34:33.502,1.53039,1.53073,2.04,1.50
2011.10.19 04:34:34.936,1.53039,1.53073,1.67,1.50
2011.10.19 04:34:36.596,1.53041,1.53083,1.13,1.50
2011.10.19 04:34:39.182,1.53041,1.53083,1.13,1.50
2011.10.19 04:34:41.242,1.53041,1.53083,1.13,1.50
2011.10.19 04:34:41.540,1.53041,1.53083,1.13,1.50
2011.10.19 04:34:43.748,1.53041,1.53083,1.13,1.50
2011.10.19 04:34:44.623,1.53041,1.53084,1.13,1.50
2011.10.19 04:34:46.733,1.53041,1.53083,1.13,1.50
2011.10.19 04:34:59.286,1.53037,1.53075,1.67,1.50
2011.10.19 04:35:02.027,1.53037,1.53081,1.13,1.13
2011.10.19 04:35:03.608,1.53028,1.53075,1.13,1.13
2011.10.19 04:35:03.836,1.53028,1.53075,2.63,1.13
2011.10.19 04:35:11.663,1.53028,1.53075,2.63,1.13
2011.10.19 04:35:13.002,1.53028,1.53078,1.50,2.25
2011.10.19 04:35:13.124,1.53035,1.53081,1.13,1.13
2011.10.19 04:35:22.284,1.53043,1.53086,1.13,1.50
2011.10.19 04:35:23.634,1.53044,1.53089,1.50,1.50
2011.10.19 04:35:23.864,1.5305,1.53089,1.13,1.50
2011.10.19 04:35:29.282,1.5305,1.53089,1.50,1.50
2011.10.19 04:35:29.403,1.53056,1.53093,1.13,1.50
2011.10.19 04:35:29.744,1.53051,1.53089,2.04,1.50
2011.10.19 04:35:43.253,1.53051,1.53098,1.67,2.25
2011.10.19 04:35:45.165,1.53049,1.53085,1.29,1.13
2011.10.19 04:35:45.286,1.53037,1.53084,1.13,1.13
2011.10.19 04:35:45.516,1.53034,1.53079,1.29,1.50
2011.10.19 04:35:46.483,1.53031,1.53069,2.04,1.13
2011.10.19 04:35:46.605,1.53031,1.53069,1.50,1.13
2011.10.19 04:35:47.384,1.53033,1.53074,1.13,1.50
2011.10.19 04:35:47.616,1.53031,1.53074,1.13,1.50
2011.10.19 04:35:49.774,1.53033,1.53079,1.13,1.13
2011.10.19 04:35:51.684,1.53032,1.53074,1.13,1.50
2011.10.19 04:35:52.242,1.53026,1.53071,1.88,1.13
2011.10.19 04:35:53.614,1.53026,1.53071,1.88,1.13
2011.10.19 04:35:55.975,1.53026,1.53071,1.13,1.13
2011.10.19 04:35:56.795,1.53026,1.53071,1.88,1.13
2011.10.19 04:35:57.996,1.53026,1.53071,1.88,1.13
2011.10.19 04:35:58.719,1.53026,1.53071,1.88,1.13
2011.10.19 04:35:59.486,1.53034,1.53076,1.13,1.50
2011.10.19 04:36:01.854,1.53026,1.53071,1.88,1.13
2011.10.19 04:36:02.195,1.53033,1.53071,1.50,1.13
2011.10.19 04:36:07.566,1.53023,1.53067,1.50,1.13
2011.10.19 04:36:08.072,1.53023,1.53067,1.50,1.13
2011.10.19 04:36:09.720,1.53023,1.53067,1.50,1.13
2011.10.19 04:36:10.744,1.53035,1.5307,1.50,1.50
2011.10.19 04:36:10.975,1.53025,1.53072,1.88,1.13
2011.10.19 04:36:11.535,1.53025,1.53064,1.13,2.25
2011.10.19 04:36:11.986,1.5302,1.53053,1.29,1.13
2011.10.19 04:36:12.326,1.53008,1.53051,1.13,2.25
2011.10.19 04:36:12.446,1.53009,1.53051,1.13,2.25
2011.10.19 04:36:12.563,1.53009,1.53051,1.13,2.25
2011.10.19 04:36:13.271,1.53003,1.5304,1.50,1.13
2011.10.19 04:36:13.494,1.53012,1.53048,1.50,1.50
2011.10.19 04:36:13.616,1.53012,1.53056,1.50,1.13
2011.10.19 04:36:13.844,1.53011,1.53056,1.13,1.13
2011.10.19 04:36:19.783,1.53006,1.53048,2.42,1.13
2011.10.19 04:36:20.346,1.53006,1.53044,1.88,1.13
2011.10.19 04:36:20.684,1.53014,1.53048,1.29,1.88
2011.10.19 04:36:21.310,1.53013,1.53047,1.29,2.63
2011.10.19 04:36:21.757,1.53011,1.53047,2.04,1.13
2011.10.19 04:36:21.878,1.53011,1.53047,1.29,1.50
2011.10.19 04:36:21.997,1.53006,1.5304,1.29,1.13
2011.10.19 04:36:22.119,1.53004,1.53038,1.50,1.13
2011.10.19 04:36:22.236,1.53,1.53038,1.13,1.88
2011.10.19 04:36:25.263,1.53005,1.5304,1.50,1.13
2011.10.19 04:36:26.182,1.52997,1.53036,1.50,1.13
2011.10.19 04:36:28.527,1.52992,1.53023,1.29,1.13
2011.10.19 04:36:28.865,1.52992,1.53027,1.50,1.13
2011.10.19 04:36:29.304,1.52992,1.53027,1.50,1.88
2011.10.19 04:36:29.642,1.52985,1.53023,1.50,1.88
2011.10.19 04:36:30.314,1.52985,1.53018,1.50,1.13
2011.10.19 04:36:30.985,1.52985,1.53019,1.50,1.50
2011.10.19 04:36:31.107,1.52992,1.53023,1.50,1.13
2011.10.19 04:36:31.336,1.52992,1.5302,1.50,1.13
2011.10.19 04:36:32.051,1.52991,1.53027,1.50,1.13
2011.10.19 04:36:32.755,1.53002,1.53028,1.50,1.50
2011.10.19 04:36:33.536,1.53002,1.53034,1.50,1.50
2011.10.19 04:36:33.656,1.53002,1.53033,1.50,1.50
2011.10.19 04:36:33.772,1.53002,1.53033,1.50,1.50
2011.10.19 04:36:34.333,1.52996,1.53027,1.13,2.25
2011.10.19 04:36:36.456,1.53008,1.53027,1.13,1.88
2011.10.19 04:36:36.793,1.53012,1.53038,1.50,1.39
2011.10.19 04:36:37.247,1.53015,1.53038,1.50,1.39
2011.10.19 04:36:37.847,1.53015,1.53037,1.50,1.35
2011.10.19 04:36:38.402,1.53015,1.53038,1.50,1.20
2011.10.19 04:36:44.712,1.53017,1.53038,1.50,1.13
2011.10.19 04:36:45.166,1.53017,1.53045,1.50,1.13
2011.10.19 04:36:45.283,1.53014,1.53046,1.50,1.13
2011.10.19 04:36:46.214,1.53014,1.53046,1.50,1.13
2011.10.19 04:36:47.473,1.53014,1.53045,1.50,1.50
2011.10.19 04:36:47.704,1.53014,1.53039,1.50,1.13
2011.10.19 04:36:47.934,1.53014,1.53044,1.50,1.50
2011.10.19 04:36:50.643,1.53014,1.53044,1.50,1.50
2011.10.19 04:37:00.883,1.53014,1.53047,1.50,1.50
2011.10.19 04:37:01.225,1.53014,1.53046,1.13,1.50
2011.10.19 04:37:01.347,1.53014,1.53058,1.13,2.25
2011.10.19 04:37:04.983,1.53001,1.53047,1.50,1.13
2011.10.19 04:37:05.435,1.53008,1.53047,1.50,1.13
2011.10.19 04:37:11.537,1.53016,1.53053,1.88,1.50
2011.10.19 04:37:11.763,1.53016,1.53061,1.88,1.13
2011.10.19 04:37:20.685,1.53017,1.53053,1.50,1.13
2011.10.19 04:37:21.025,1.53011,1.53051,1.50,1.13
2011.10.19 04:37:27.704,1.53011,1.53047,1.50,1.50
2011.10.19 04:37:28.048,1.52989,1.5303,1.50,1.13
2011.10.19 04:37:28.166,1.52997,1.53031,1.50,1.13
2011.10.19 04:37:28.614,1.52983,1.53029,1.13,2.25
2011.10.19 04:37:38.375,1.5299,1.53026,1.50,1.50
2011.10.19 04:37:39.242,1.5299,1.53026,1.50,1.50
2011.10.19 04:37:39.804,1.5299,1.5303,1.50,1.13
2011.10.19 04:37:39.924,1.53003,1.53033,1.50,1.13
2011.10.19 04:37:40.047,1.53003,1.53037,1.50,1.50
2011.10.19 04:37:40.163,1.53003,1.53042,1.50,1.13
2011.10.19 04:37:40.834,1.52996,1.53042,1.50,1.13
2011.10.19 04:37:54.695,1.52988,1.53032,1.50,1.13
2011.10.19 04:37:59.033,1.52972,1.53017,1.13,1.13
2011.10.19 04:38:02.002,1.52972,1.5302,1.50,1.50
2011.10.19 04:38:02.123,1.52978,1.53025,1.13,1.13
2011.10.19 04:38:02.245,1.52973,1.53021,2.04,1.50
2011.10.19 04:38:06.632,1.52973,1.53016,1.29,1.13
2011.10.19 04:38:07.319,1.52972,1.53016,1.13,1.13
2011.10.19 04:38:10.683,1.52974,1.53015,1.13,1.50
2011.10.19 04:38:13.236,1.52972,1.53019,1.13,1.13
2011.10.19 04:38:13.356,1.52969,1.53012,1.29,1.13
2011.10.19 04:38:15.862,1.52972,1.53012,1.09,1.13
2011.10.19 04:38:16.204,1.52994,1.53032,1.13,1.05
2011.10.19 04:38:16.323,1.52989,1.53033,1.29,1.05
2011.10.19 04:38:23.372,1.52988,1.53024,1.29,1.13
2011.10.19 04:38:23.491,1.52982,1.53024,1.29,1.13
2011.10.19 04:38:23.602,1.52979,1.53024,1.50,1.13
2011.10.19 04:38:23.725,1.52979,1.53024,1.13,1.13
2011.10.19 04:38:36.172,1.52978,1.53025,1.13,1.13
2011.10.19 04:38:51.073,1.52979,1.53025,1.13,1.13
2011.10.19 04:38:53.454,1.52979,1.53024,1.13,1.13
2011.10.19 04:39:02.544,1.52984,1.53028,1.13,1.50
2011.10.19 04:39:02.665,1.52987,1.53031,1.13,1.13
2011.10.19 04:39:03.726,1.52983,1.53028,1.29,1.13
2011.10.19 04:39:04.614,1.52983,1.5303,1.13,1.13
2011.10.19 04:39:08.944,1.52979,1.53021,1.29,1.13
2011.10.19 04:39:18.943,1.52982,1.53026,1.13,1.50
2011.10.19 04:39:19.174,1.52984,1.53029,1.13,1.13
2011.10.19 04:39:20.912,1.5298,1.53026,1.29,1.13
2011.10.19 04:39:21.022,1.5298,1.53022,1.29,1.13
2011.10.19 04:39:23.984,1.52982,1.53026,1.13,1.50
2011.10.19 04:39:24.103,1.52984,1.53029,1.13,1.13
2011.10.19 04:39:27.774,1.5298,1.53022,1.29,1.13
2011.10.19 04:39:30.466,1.52983,1.53026,1.13,1.50
2011.10.19 04:39:31.030,1.52983,1.5303,1.13,1.13
2011.10.19 04:39:37.304,1.52976,1.53022,1.88,1.13
2011.10.19 04:39:39.025,1.52981,1.53027,1.13,1.13
2011.10.19 04:39:58.935,1.52987,1.53026,1.29,1.13
2011.10.19 04:39:59.057,1.52976,1.53022,1.88,1.13
2011.10.19 04:40:02.123,1.52978,1.53022,1.50,1.13
2011.10.19 04:40:03.952,1.52983,1.53026,1.13,1.50
2011.10.19 04:40:04.284,1.52978,1.53028,2.04,3.00
2011.10.19 04:40:12.866,1.52981,1.53027,1.13,1.13
2011.10.19 04:40:14.205,1.52981,1.53028,1.50,1.50
2011.10.19 04:40:14.326,1.52993,1.53031,1.13,1.50
2011.10.19 04:40:14.445,1.52989,1.53031,1.29,1.50
2011.10.19 04:40:14.675,1.52981,1.53023,1.50,1.13
2011.10.19 04:40:16.448,1.52974,1.53023,2.04,1.13
2011.10.19 04:40:17.103,1.52968,1.5301,1.29,1.13
2011.10.19 04:40:17.222,1.52967,1.5301,1.50,1.13
2011.10.19 04:40:18.686,1.52963,1.53009,1.13,1.50
2011.10.19 04:40:19.135,1.52963,1.53009,1.13,1.50
2011.10.19 04:40:20.863,1.52963,1.53009,1.13,1.50
2011.10.19 04:40:21.651,1.52962,1.53009,1.13,1.50
2011.10.19 04:40:22.254,1.52954,1.52994,1.50,1.13
2011.10.19 04:40:23.425,1.52962,1.52999,1.13,1.50
2011.10.19 04:40:23.656,1.52963,1.53007,1.13,4.50
2011.10.19 04:40:23.778,1.52959,1.52992,1.29,1.50
2011.10.19 04:40:24.114,1.52942,1.52985,1.50,1.13
2011.10.19 04:40:25.316,1.52942,1.52978,1.50,1.13
2011.10.19 04:40:25.667,1.52935,1.52977,1.50,1.13
2011.10.19 04:40:27.576,1.52944,1.52985,1.50,2.63
2011.10.19 04:40:31.525,1.52944,1.52987,1.50,1.13
2011.10.19 04:40:31.645,1.52944,1.52987,1.50,1.13
2011.10.19 04:40:31.762,1.52944,1.52987,1.50,1.13
2011.10.19 04:40:33.689,1.52944,1.52977,1.50,1.50
2011.10.19 04:40:34.025,1.52931,1.52954,1.50,1.88
2011.10.19 04:40:34.364,1.52904,1.5295,1.13,1.13
2011.10.19 04:40:35.474,1.52919,1.52953,1.50,1.43
2011.10.19 04:40:36.034,1.52905,1.5295,1.50,1.13
2011.10.19 04:40:37.547,1.52904,1.52953,1.88,1.28
2011.10.19 04:40:37.672,1.52904,1.52946,1.13,2.25
2011.10.19 04:40:38.693,1.52904,1.52946,1.13,1.50
2011.10.19 04:40:38.925,1.52904,1.5295,1.13,1.13
2011.10.19 04:40:39.484,1.529,1.52939,1.67,2.25
2011.10.19 04:40:40.045,1.529,1.52941,1.13,2.25
2011.10.19 04:40:40.859,1.529,1.52931,1.13,1.50
2011.10.19 04:40:41.415,1.52895,1.52931,1.29,1.88
2011.10.19 04:40:41.535,1.52885,1.5293,1.13,1.13
2011.10.19 04:40:41.654,1.52882,1.52923,1.13,1.50
2011.10.19 04:40:42.000,1.52873,1.5291,1.50,1.50
2011.10.19 04:40:42.118,1.52873,1.52917,1.50,2.78
2011.10.19 04:40:42.239,1.52866,1.52909,1.13,1.50
2011.10.19 04:40:42.651,1.52866,1.52908,1.13,2.25
2011.10.19 04:40:42.876,1.52859,1.52901,1.13,1.50
2011.10.19 04:40:43.104,1.52859,1.52906,1.13,1.13
2011.10.19 04:40:43.446,1.52859,1.52904,1.13,1.50
2011.10.19 04:40:43.909,1.52859,1.52897,1.13,2.25
2011.10.19 04:40:45.259,1.52859,1.52906,1.13,1.73
2011.10.19 04:40:45.376,1.52859,1.52906,1.13,1.13
2011.10.19 04:40:46.622,1.52866,1.52914,1.29,1.13
2011.10.19 04:40:46.960,1.52855,1.52875,1.29,2.25
2011.10.19 04:40:47.076,1.5284,1.52872,1.29,2.63
2011.10.19 04:40:47.202,1.5284,1.52866,1.29,1.50
2011.10.19 04:40:47.431,1.5284,1.52876,1.13,1.50
2011.10.19 04:40:47.671,1.52851,1.52889,1.50,1.50
2011.10.19 04:40:47.789,1.52877,1.52903,1.13,1.50
2011.10.19 04:40:48.016,1.52877,1.52915,1.13,1.50
2011.10.19 04:40:48.452,1.52877,1.52914,1.13,1.50
2011.10.19 04:40:48.571,1.52872,1.52906,2.04,1.50
2011.10.19 04:40:48.795,1.52872,1.52906,2.04,2.25
2011.10.19 04:40:49.574,1.52872,1.52904,2.04,1.50
2011.10.19 04:40:50.335,1.52872,1.52911,2.04,2.25
2011.10.19 04:40:50.675,1.52872,1.52905,1.29,1.50
2011.10.19 04:40:51.190,1.52862,1.52904,1.13,1.50
2011.10.19 04:40:51.309,1.52878,1.52918,1.13,1.50
2011.10.19 04:40:51.535,1.52878,1.5291,1.13,1.50
2011.10.19 04:40:51.654,1.52878,1.5291,1.13,1.50
2011.10.19 04:40:51.997,1.5286,1.52895,1.29,1.13
2011.10.19 04:40:52.229,1.5284,1.52888,1.29,3.00
2011.10.19 04:40:52.348,1.52839,1.52888,5.10,1.50
2011.10.19 04:40:52.470,1.52843,1.5289,1.13,1.13
2011.10.19 04:40:52.817,1.52841,1.52875,1.13,1.13
2011.10.19 04:40:53.266,1.52841,1.52883,1.13,2.25
2011.10.19 04:40:55.464,1.5284,1.52875,1.29,1.13
2011.10.19 04:40:55.584,1.5284,1.52865,1.29,1.50
2011.10.19 04:40:55.706,1.52827,1.52865,1.13,2.25
2011.10.19 04:40:56.712,1.52804,1.52845,5.25,2.25
2011.10.19 04:40:56.830,1.52821,1.52857,1.13,1.50
2011.10.19 04:40:57.385,1.52821,1.52861,1.13,2.25
2011.10.19 04:40:57.614,1.52821,1.52861,1.13,1.50
2011.10.19 04:40:57.958,1.52831,1.52873,1.13,1.50
2011.10.19 04:40:58.188,1.52841,1.52873,1.13,1.50
2011.10.19 04:40:58.308,1.52841,1.52879,1.13,2.25
2011.10.19 04:40:58.534,1.52843,1.52886,1.13,1.35
2011.10.19 04:40:58.875,1.52855,1.52896,1.13,1.05
2011.10.19 04:40:59.381,1.52838,1.52883,1.50,2.03
2011.10.19 04:40:59.497,1.52848,1.52883,1.13,1.65
2011.10.19 04:40:59.617,1.52848,1.52894,1.13,1.58
2011.10.19 04:40:59.956,1.52854,1.52896,1.50,2.18
2011.10.19 04:41:00.184,1.52848,1.52895,1.13,1.43
2011.10.19 04:41:00.744,1.52848,1.52895,1.13,1.28
2011.10.19 04:41:01.378,1.52856,1.52904,1.13,1.73
2011.10.19 04:41:01.609,1.52856,1.52904,1.13,1.13
2011.10.19 04:41:02.052,1.52852,1.52891,1.29,1.13
2011.10.19 04:41:03.968,1.52849,1.5289,1.13,2.25
2011.10.19 04:41:04.523,1.52849,1.52893,1.13,2.63
2011.10.19 04:41:05.687,1.52844,1.52891,1.29,1.13
2011.10.19 04:41:06.026,1.52841,1.52887,1.13,1.13
2011.10.19 04:41:06.364,1.52841,1.52888,1.13,1.88
2011.10.19 04:41:06.704,1.52847,1.5289,1.50,1.13
2011.10.19 04:41:07.046,1.52855,1.52897,1.13,1.35
2011.10.19 04:41:07.279,1.52857,1.52905,1.50,1.64
2011.10.19 04:41:07.585,1.52857,1.52906,1.50,1.13
2011.10.19 04:41:07.815,1.52855,1.52902,1.13,1.13
2011.10.19 04:41:08.256,1.5286,1.52905,1.50,1.13
2011.10.19 04:41:09.944,1.5286,1.52904,1.50,1.73
2011.10.19 04:41:10.639,1.5286,1.52904,1.50,1.35
2011.10.19 04:41:11.678,1.52863,1.52908,1.13,1.35
2011.10.19 04:41:12.017,1.52863,1.52903,1.13,1.35
2011.10.19 04:41:12.552,1.52863,1.52909,1.13,1.35
2011.10.19 04:41:12.670,1.52863,1.5291,1.13,2.03
2011.10.19 04:41:12.786,1.52859,1.529,1.29,1.65
2011.10.19 04:41:13.894,1.52849,1.52893,1.13,1.13
2011.10.19 04:41:14.455,1.52854,1.52898,1.13,1.13
2011.10.19 04:41:14.794,1.52855,1.5291,1.50,2.09
2011.10.19 04:41:15.258,1.52854,1.52911,1.13,1.05
2011.10.19 04:41:15.818,1.52866,1.52903,1.50,1.13
2011.10.19 04:41:16.049,1.52858,1.52902,1.50,1.13
2011.10.19 04:41:16.606,1.52858,1.52895,1.50,1.05
2011.10.19 04:41:17.164,1.52858,1.529,1.50,1.05
2011.10.19 04:41:17.729,1.52858,1.52903,1.50,1.43
2011.10.19 04:41:17.956,1.52858,1.52903,1.50,1.43
2011.10.19 04:41:18.373,1.52855,1.529,1.13,1.05
2011.10.19 04:41:18.502,1.52866,1.52902,1.13,1.35
2011.10.19 04:41:18.615,1.52871,1.52908,1.50,1.72
2011.10.19 04:41:18.845,1.52866,1.52902,1.13,1.35
2011.10.19 04:41:19.443,1.52853,1.52899,1.13,1.13
2011.10.19 04:41:19.564,1.5285,1.52891,1.13,1.05
2011.10.19 04:41:21.353,1.5285,1.52886,1.29,1.43
2011.10.19 04:41:21.475,1.52844,1.52884,1.29,1.13
2011.10.19 04:41:21.707,1.52838,1.52878,1.13,1.20
2011.10.19 04:41:21.938,1.52838,1.52878,1.13,1.39
2011.10.19 04:41:22.308,1.52826,1.52867,1.59,1.13
2011.10.19 04:41:22.431,1.5282,1.52867,1.28,1.13
2011.10.19 04:41:22.548,1.5283,1.52874,1.29,1.50
2011.10.19 04:41:22.664,1.52826,1.52867,1.29,1.13
2011.10.19 04:41:22.787,1.52825,1.52871,1.50,1.13
2011.10.19 04:41:22.907,1.5282,1.52867,1.13,1.13
2011.10.19 04:41:23.464,1.52816,1.52866,1.67,3.00
2011.10.19 04:41:23.695,1.52816,1.52857,1.29,1.13
2011.10.19 04:41:24.035,1.5281,1.52857,1.13,1.13
2011.10.19 04:41:24.844,1.52811,1.52857,1.13,1.13
2011.10.19 04:41:24.968,1.52826,1.52862,1.13,2.25
2011.10.19 04:41:25.086,1.52826,1.52867,1.13,2.25
2011.10.19 04:41:25.945,1.52821,1.52868,2.04,2.25
2011.10.19 04:41:27.876,1.52821,1.52865,1.67,1.05
2011.10.19 04:41:28.108,1.52823,1.52865,1.13,1.05
2011.10.19 04:41:28.445,1.52823,1.52872,1.13,1.43
2011.10.19 04:41:28.675,1.52823,1.52872,1.13,1.13
2011.10.19 04:41:31.785,1.52839,1.52879,1.13,1.09
2011.10.19 04:41:32.953,1.52835,1.52879,1.29,1.50
2011.10.19 04:41:33.184,1.52823,1.5287,1.13,1.28
2011.10.19 04:41:33.305,1.5282,1.52867,1.13,1.13
2011.10.19 04:41:35.248,1.52839,1.52874,1.13,1.27
2011.10.19 04:41:35.365,1.52839,1.52879,1.13,1.50
2011.10.19 04:41:35.485,1.52839,1.52881,1.13,1.13
2011.10.19 04:41:35.713,1.52834,1.52876,1.29,2.25
2011.10.19 04:41:35.834,1.52824,1.52871,1.50,1.13
2011.10.19 04:41:37.054,1.52824,1.52869,1.13,1.13
2011.10.19 04:41:37.726,1.5283,1.52873,1.13,1.50
2011.10.19 04:41:38.876,1.52831,1.52877,1.13,1.13
2011.10.19 04:41:41.375,1.52827,1.52872,1.29,1.13
2011.10.19 04:41:41.809,1.52824,1.52871,1.13,1.13
2011.10.19 04:41:43.216,1.52835,1.52873,1.13,1.50
2011.10.19 04:41:43.700,1.52839,1.52885,1.13,1.13
2011.10.19 04:41:43.816,1.52839,1.52884,1.13,1.13
2011.10.19 04:41:44.148,1.52835,1.52871,2.04,1.13
2011.10.19 04:41:44.703,1.52839,1.52874,1.13,1.50
2011.10.19 04:41:46.575,1.52839,1.52884,1.13,1.88
2011.10.19 04:41:47.029,1.52839,1.52884,1.13,1.88
2011.10.19 04:41:47.254,1.52836,1.52882,1.88,2.25
2011.10.19 04:41:47.483,1.52839,1.52882,1.13,2.25
2011.10.19 04:41:48.727,1.52837,1.52884,1.13,1.50
2011.10.19 04:41:50.006,1.52834,1.52876,1.29,1.13
2011.10.19 04:41:51.767,1.52839,1.5288,1.13,1.50
2011.10.19 04:41:53.935,1.52834,1.52877,1.29,1.13
2011.10.19 04:41:57.286,1.52832,1.5288,1.13,1.88
2011.10.19 04:41:57.824,1.52822,1.52868,1.13,1.13
2011.10.19 04:42:00.266,1.52839,1.52882,1.29,1.88
2011.10.19 04:42:00.388,1.52844,1.52885,1.13,1.13
2011.10.19 04:42:00.506,1.52844,1.52886,1.13,4.95
2011.10.19 04:42:00.629,1.52842,1.52887,1.13,1.20
2011.10.19 04:42:01.351,1.52845,1.52888,1.13,1.05
2011.10.19 04:42:01.473,1.52857,1.52895,1.13,1.50
2011.10.19 04:42:01.815,1.52857,1.52894,1.13,1.50
2011.10.19 04:42:02.153,1.52852,1.5289,1.29,1.13
2011.10.19 04:42:02.493,1.52856,1.52891,1.13,1.13
2011.10.19 04:42:02.836,1.52857,1.52894,1.13,1.73
2011.10.19 04:42:03.393,1.52853,1.52893,1.29,1.35
2011.10.19 04:42:04.174,1.52852,1.52894,1.13,1.50
2011.10.19 04:42:05.087,1.52852,1.52896,1.13,1.13
2011.10.19 04:42:07.287,1.52858,1.52894,1.13,1.50
2011.10.19 04:42:08.293,1.52859,1.52899,1.13,1.88
2011.10.19 04:42:08.646,1.5286,1.52903,1.65,1.13
2011.10.19 04:42:11.324,1.52873,1.52901,1.13,1.05
2011.10.19 04:42:12.005,1.52869,1.52901,1.29,1.05
2011.10.19 04:42:12.236,1.52874,1.52899,1.13,1.05
2011.10.19 04:42:12.796,1.52859,1.52894,1.67,1.50
2011.10.19 04:42:13.173,1.52858,1.52896,1.05,1.13
2011.10.19 04:42:13.405,1.52852,1.52894,1.13,1.50
2011.10.19 04:42:15.355,1.52848,1.52894,1.29,2.25
2011.10.19 04:42:15.474,1.52848,1.52889,1.29,1.13
2011.10.19 04:42:15.820,1.52845,1.52891,1.50,1.13
2011.10.19 04:42:16.156,1.52858,1.52893,1.13,1.50
2011.10.19 04:42:16.273,1.52858,1.52894,1.13,1.50
2011.10.19 04:42:17.573,1.52854,1.52894,1.29,1.50
2011.10.19 04:42:21.955,1.52847,1.52893,1.29,1.13
2011.10.19 04:42:22.076,1.52843,1.5289,1.47,1.13
2011.10.19 04:42:28.460,1.52851,1.52889,1.13,1.13
2011.10.19 04:42:29.225,1.52837,1.52881,1.13,1.13
2011.10.19 04:42:29.786,1.52837,1.52872,1.13,1.13
2011.10.19 04:42:29.904,1.52834,1.52871,1.13,1.50
2011.10.19 04:42:30.025,1.52833,1.52868,1.29,1.13
2011.10.19 04:42:30.367,1.5282,1.52863,1.50,1.13
2011.10.19 04:42:31.385,1.52827,1.52871,1.13,1.88
2011.10.19 04:42:32.974,1.52822,1.52865,1.29,1.13
2011.10.19 04:42:35.666,1.52826,1.52869,1.50,1.50
2011.10.19 04:42:35.785,1.52834,1.52872,1.13,1.50
2011.10.19 04:42:35.905,1.52834,1.52879,1.13,1.28
2011.10.19 04:42:36.245,1.52822,1.52854,1.50,1.50
2011.10.19 04:42:36.586,1.52811,1.52849,1.50,1.13
2011.10.19 04:42:36.705,1.52811,1.52853,1.50,1.13
2011.10.19 04:42:38.074,1.52811,1.52852,1.50,2.63
2011.10.19 04:42:39.582,1.52808,1.52849,1.50,1.13
2011.10.19 04:42:40.054,1.52804,1.52848,1.13,1.50
2011.10.19 04:42:40.393,1.52797,1.5284,1.13,1.50
2011.10.19 04:42:40.514,1.52798,1.52842,1.50,1.13
2011.10.19 04:42:41.298,1.52811,1.52854,1.13,1.50
2011.10.19 04:42:42.716,1.52808,1.5284,1.29,1.50
2011.10.19 04:42:43.056,1.52791,1.5281,1.29,1.50
2011.10.19 04:42:45.284,1.52772,1.52813,1.50,1.13
2011.10.19 04:42:45.406,1.52765,1.52813,1.13,1.88
2011.10.19 04:42:46.183,1.52769,1.52813,1.50,1.13
2011.10.19 04:42:49.994,1.52773,1.52812,1.13,1.50
2011.10.19 04:42:50.664,1.52773,1.52818,1.13,1.13
2011.10.19 04:42:51.117,1.52773,1.52812,1.13,1.50
2011.10.19 04:42:52.547,1.52789,1.52821,1.13,2.25
2011.10.19 04:42:52.884,1.52786,1.52821,1.29,1.13
2011.10.19 04:42:53.394,1.52779,1.52819,1.50,1.13
2011.10.19 04:42:57.698,1.52779,1.52827,1.13,1.50
2011.10.19 04:42:59.597,1.52786,1.52832,1.13,1.13
2011.10.19 04:43:00.605,1.52795,1.52836,1.50,1.13
2011.10.19 04:43:00.727,1.52809,1.52843,1.13,1.50
2011.10.19 04:43:00.848,1.52809,1.52854,1.13,1.13
2011.10.19 04:43:03.654,1.52804,1.52851,1.29,1.50
2011.10.19 04:43:03.774,1.52801,1.52846,1.67,1.13
2011.10.19 04:43:03.895,1.52803,1.52846,1.09,1.13
2011.10.19 04:43:05.903,1.52798,1.52845,1.35,1.50
2011.10.19 04:43:06.026,1.52797,1.5284,1.35,1.13
2011.10.19 04:43:06.583,1.52799,1.5284,1.35,1.13
2011.10.19 04:43:08.024,1.52798,1.5284,1.35,1.13
2011.10.19 04:43:08.366,1.52789,1.52839,2.38,1.50
2011.10.19 04:43:08.485,1.52789,1.52839,2.38,1.50
2011.10.19 04:43:08.719,1.52799,1.52839,1.09,1.50
2011.10.19 04:43:08.837,1.52809,1.52848,1.13,1.58
2011.10.19 04:43:08.956,1.52804,1.52847,1.29,1.05
2011.10.19 04:43:09.076,1.52794,1.5284,1.13,1.13
2011.10.19 04:43:09.557,1.5279,1.52838,2.01,1.50
2011.10.19 04:43:10.224,1.5279,1.52833,1.29,1.13
2011.10.19 04:43:12.934,1.52786,1.52833,1.13,1.13
2011.10.19 04:43:14.134,1.52792,1.5284,1.43,1.88
2011.10.19 04:43:17.245,1.52804,1.52841,1.13,1.50
2011.10.19 04:43:17.367,1.52807,1.52851,1.13,1.13
2011.10.19 04:43:20.164,1.52802,1.52847,1.29,1.13
2011.10.19 04:43:20.287,1.52798,1.52845,1.43,1.13
2011.10.19 04:43:26.747,1.52805,1.52848,1.24,1.50
2011.10.19 04:43:26.864,1.52813,1.52855,1.13,1.50
2011.10.19 04:43:27.427,1.52813,1.52855,1.13,1.50
2011.10.19 04:43:27.543,1.52813,1.52855,1.13,1.50
2011.10.19 04:43:27.884,1.52813,1.52855,1.13,1.50
2011.10.19 04:43:29.745,1.5281,1.52853,1.29,1.13
2011.10.19 04:43:30.086,1.52806,1.52852,1.13,1.13
2011.10.19 04:43:32.755,1.52804,1.52847,1.05,1.13
2011.10.19 04:43:32.877,1.52801,1.52845,1.50,1.13
2011.10.19 04:43:36.948,1.52806,1.52852,1.13,1.13
2011.10.19 04:43:45.739,1.52802,1.52848,1.29,1.13
2011.10.19 04:43:45.856,1.52799,1.52844,1.13,1.13
2011.10.19 04:43:48.867,1.52801,1.52847,1.50,1.13
2011.10.19 04:43:49.636,1.52811,1.52849,1.13,1.50
2011.10.19 04:43:49.976,1.52814,1.52859,1.13,1.88
2011.10.19 04:43:53.604,1.52809,1.52854,1.29,1.13
2011.10.19 04:43:54.124,1.5281,1.52852,1.29,1.13
2011.10.19 04:43:54.473,1.52806,1.52854,1.13,1.13
2011.10.19 04:44:02.375,1.52818,1.52855,1.13,1.50
2011.10.19 04:44:05.904,1.52822,1.52861,1.13,1.50
2011.10.19 04:44:06.245,1.52822,1.52866,1.13,1.13
2011.10.19 04:44:06.586,1.52833,1.52869,1.13,1.50
2011.10.19 04:44:06.927,1.52836,1.52876,1.13,1.50
2011.10.19 04:44:07.498,1.52822,1.5286,1.13,1.50
2011.10.19 04:44:08.163,1.52816,1.52859,1.13,1.50
2011.10.19 04:44:10.754,1.52819,1.52859,1.13,1.50
2011.10.19 04:44:11.079,1.52809,1.52849,1.67,1.13
2011.10.19 04:44:11.199,1.52805,1.52849,1.13,1.13
2011.10.19 04:44:12.014,1.52805,1.52852,1.13,1.13
2011.10.19 04:44:12.518,1.52827,1.52859,1.13,1.65
2011.10.19 04:44:12.635,1.52826,1.52859,1.09,1.13
2011.10.19 04:44:12.757,1.52814,1.52856,1.43,1.13
2011.10.19 04:44:17.106,1.52807,1.52851,1.13,1.13
2011.10.19 04:44:31.715,1.52807,1.52854,1.13,2.63
2011.10.19 04:44:31.945,1.5281,1.52854,1.13,1.13
2011.10.19 04:44:33.225,1.52805,1.52848,1.29,1.13
2011.10.19 04:44:34.696,1.52801,1.5284,1.80,1.13
2011.10.19 04:44:34.815,1.528,1.5284,1.50,1.13
2011.10.19 04:44:39.159,1.52801,1.52844,1.13,1.13
2011.10.19 04:44:40.083,1.52801,1.52844,1.50,1.13
2011.10.19 04:44:40.450,1.52801,1.52844,1.73,1.13
2011.10.19 04:44:41.004,1.52801,1.52844,1.73,1.13
2011.10.19 04:44:44.604,1.52801,1.52844,1.73,1.13
2011.10.19 04:44:45.477,1.52801,1.52844,1.73,1.13
2011.10.19 04:44:47.046,1.52801,1.52844,1.73,1.13
2011.10.19 04:44:47.494,1.528,1.52837,1.43,1.13
2011.10.19 04:44:47.614,1.52796,1.52837,1.09,1.13
2011.10.19 04:44:53.154,1.52799,1.52834,1.05,1.50
2011.10.19 04:44:53.383,1.52787,1.52829,1.05,1.13
2011.10.19 04:44:53.504,1.52786,1.5283,1.05,1.13
2011.10.19 04:44:58.683,1.52792,1.52833,1.43,1.50
2011.10.19 04:45:00.245,1.52796,1.52841,1.47,1.50
2011.10.19 04:45:00.370,1.52799,1.52842,1.13,1.50
2011.10.19 04:45:01.377,1.52793,1.52838,1.39,1.13
2011.10.19 04:45:09.743,1.52796,1.52841,2.07,1.13
2011.10.19 04:45:09.863,1.52801,1.52841,1.05,1.13
2011.10.19 04:45:10.718,1.52802,1.52841,1.05,1.13
2011.10.19 04:45:11.273,1.52801,1.52841,1.05,1.13
2011.10.19 04:45:13.094,1.52802,1.52841,1.05,1.13
2011.10.19 04:45:13.215,1.52802,1.52841,1.80,1.13
2011.10.19 04:45:13.335,1.52802,1.52841,1.05,1.13
2011.10.19 04:45:14.643,1.52801,1.52841,1.05,1.13
2011.10.19 04:45:16.003,1.52802,1.52845,1.05,1.13
2011.10.19 04:45:16.534,1.52801,1.52845,1.05,1.13
2011.10.19 04:45:17.095,1.52802,1.52845,1.05,1.13
2011.10.19 04:45:19.483,1.52802,1.52838,1.05,1.50
2011.10.19 04:45:19.604,1.52789,1.52829,1.43,1.13
2011.10.19 04:45:20.165,1.52789,1.52829,1.43,1.13
2011.10.19 04:45:21.764,1.52804,1.52838,1.84,2.25
2011.10.19 04:45:21.883,1.52805,1.52838,1.09,1.50
2011.10.19 04:45:22.005,1.52805,1.52845,1.09,1.13
2011.10.19 04:45:22.238,1.52801,1.52845,1.13,1.13
2011.10.19 04:45:32.923,1.52805,1.52845,1.05,1.13
2011.10.19 04:45:33.155,1.52785,1.52829,1.28,1.13
2011.10.19 04:45:33.275,1.52785,1.5283,1.28,1.13
2011.10.19 04:45:33.918,1.52799,1.52845,1.73,1.13
2011.10.19 04:45:34.039,1.52796,1.52845,1.35,1.88
2011.10.19 04:45:34.568,1.52796,1.52845,1.59,1.88
2011.10.19 04:45:36.714,1.528,1.52845,1.05,1.13
2011.10.19 04:45:37.165,1.528,1.52848,1.05,1.88
2011.10.19 04:45:37.616,1.52812,1.52848,1.58,1.13
2011.10.19 04:45:38.475,1.52812,1.52848,1.13,1.88
2011.10.19 04:45:41.843,1.52812,1.52848,1.13,1.50
2011.10.19 04:45:43.265,1.52814,1.52855,1.35,1.50
2011.10.19 04:45:43.717,1.52815,1.52859,1.43,1.13
2011.10.19 04:45:48.998,1.52815,1.52861,1.13,1.13
2011.10.19 04:45:49.224,1.52822,1.52863,1.13,1.50
2011.10.19 04:45:50.806,1.52829,1.52874,1.13,1.13
2011.10.19 04:45:52.149,1.52837,1.52881,1.13,1.13
2011.10.19 04:45:52.265,1.52841,1.52878,1.09,1.50
2011.10.19 04:45:55.224,1.52841,1.52885,1.39,1.88
2011.10.19 04:45:55.933,1.52849,1.52885,1.13,1.50
2011.10.19 04:45:56.055,1.52853,1.52896,1.35,1.13
2011.10.19 04:45:59.893,1.52854,1.52892,1.20,1.13
2011.10.19 04:46:00.234,1.5285,1.5289,1.35,1.13
2011.10.19 04:46:00.577,1.52859,1.52898,1.13,1.50
2011.10.19 04:46:00.694,1.52859,1.52903,1.13,1.13
2011.10.19 04:46:01.375,1.52863,1.52903,1.20,1.13
2011.10.19 04:46:01.503,1.52856,1.52899,1.77,1.50
2011.10.19 04:46:01.912,1.52856,1.52899,1.47,1.50
2011.10.19 04:46:02.026,1.52856,1.52896,1.47,1.13
2011.10.19 04:46:02.257,1.5286,1.52899,1.09,1.13
2011.10.19 04:46:05.040,1.52851,1.52875,1.05,1.13
2011.10.19 04:46:05.157,1.52834,1.52875,1.80,1.13
2011.10.19 04:46:05.826,1.52834,1.52875,1.80,1.13
2011.10.19 04:46:06.450,1.52843,1.52881,1.80,1.13
2011.10.19 04:46:09.195,1.52843,1.52877,1.80,1.13
2011.10.19 04:46:09.538,1.52835,1.52875,1.50,1.13
2011.10.19 04:46:09.877,1.52833,1.52875,1.05,1.13
2011.10.19 04:46:22.404,1.52833,1.52866,1.05,1.13
2011.10.19 04:46:22.632,1.52833,1.52866,1.05,1.13
2011.10.19 04:46:22.906,1.52833,1.52866,1.05,1.13
2011.10.19 04:46:23.348,1.52833,1.52866,1.05,1.13
2011.10.19 04:46:23.892,1.52833,1.52866,1.05,1.13
2011.10.19 04:46:24.414,1.52833,1.52866,1.20,1.13
2011.10.19 04:46:24.533,1.52828,1.52866,1.32,1.13
2011.10.19 04:46:26.335,1.52833,1.52869,1.20,1.13
2011.10.19 04:46:28.375,1.52835,1.52871,1.50,1.50
2011.10.19 04:46:28.714,1.52844,1.52891,1.77,1.13
2011.10.19 04:46:30.184,1.52848,1.5289,1.05,1.13
2011.10.19 04:46:32.006,1.52848,1.52884,1.05,1.88
2011.10.19 04:46:33.064,1.5284,1.52884,1.05,1.88
2011.10.19 04:46:33.658,1.52843,1.52884,1.13,1.50
2011.10.19 04:46:33.997,1.52848,1.52884,1.05,1.50
2011.10.19 04:46:34.337,1.52854,1.5289,1.35,1.13
2011.10.19 04:46:34.456,1.52853,1.52884,1.35,1.50
2011.10.19 04:46:34.584,1.52836,1.52875,1.05,1.13
2011.10.19 04:46:34.704,1.52841,1.52878,1.13,1.50
2011.10.19 04:46:35.258,1.52848,1.52885,1.20,1.50
2011.10.19 04:46:36.897,1.52848,1.52885,1.05,1.50
2011.10.19 04:46:37.606,1.52848,1.52885,1.05,1.50
2011.10.19 04:46:38.708,1.52849,1.52889,1.05,1.13
2011.10.19 04:46:47.793,1.52848,1.52891,1.05,1.13
2011.10.19 04:46:47.915,1.52851,1.52894,1.13,1.50
2011.10.19 04:46:52.519,1.52859,1.52901,1.13,1.50
2011.10.19 04:46:58.761,1.52865,1.52911,1.13,1.50
2011.10.19 04:47:01.925,1.52874,1.52919,1.05,1.13
2011.10.19 04:47:02.376,1.52877,1.52919,1.50,1.13
2011.10.19 04:47:03.202,1.52871,1.52908,1.13,1.50
2011.10.19 04:47:03.766,1.52871,1.52917,1.13,1.88
2011.10.19 04:47:07.748,1.52878,1.52922,1.50,1.13
2011.10.19 04:47:07.865,1.52876,1.5292,1.13,1.50
2011.10.19 04:47:10.795,1.52878,1.52922,1.50,1.13
2011.10.19 04:47:17.784,1.52887,1.5293,1.13,1.50
2011.10.19 04:47:20.556,1.52882,1.52925,1.29,1.13
2011.10.19 04:47:23.986,1.52873,1.52918,1.13,1.50
2011.10.19 04:47:24.215,1.52869,1.52911,1.29,1.50
2011.10.19 04:47:26.507,1.52873,1.52916,1.13,1.50
2011.10.19 04:47:35.835,1.52866,1.5291,1.13,1.50
2011.10.19 04:47:42.090,1.52866,1.52912,1.13,1.13
2011.10.19 04:47:44.402,1.52871,1.52907,1.29,1.13
2011.10.19 04:47:44.956,1.52861,1.52905,1.05,1.50
2011.10.19 04:47:45.184,1.52848,1.52892,1.09,1.13
2011.10.19 04:47:45.305,1.52848,1.52895,1.84,1.13
2011.10.19 04:47:45.533,1.52862,1.52906,1.28,1.13
2011.10.19 04:47:48.162,1.5286,1.52906,1.05,1.50
2011.10.19 04:47:49.223,1.52868,1.52906,1.13,1.50
2011.10.19 04:47:49.344,1.52868,1.52915,1.58,1.13
2011.10.19 04:47:58.078,1.52864,1.52906,1.29,1.50
2011.10.19 04:47:58.414,1.52856,1.529,1.13,1.13
2011.10.19 04:47:59.435,1.52862,1.52903,1.50,1.50
2011.10.19 04:47:59.557,1.5287,1.52913,1.09,1.50
2011.10.19 04:47:59.677,1.52865,1.52905,1.29,1.50
2011.10.19 04:48:02.385,1.52862,1.52905,1.13,1.50
2011.10.19 04:48:02.953,1.52862,1.52906,1.13,1.13
2011.10.19 04:48:03.997,1.52858,1.52905,1.35,1.50
2011.10.19 04:48:04.120,1.52854,1.52899,1.62,1.13
2011.10.19 04:48:05.006,1.52849,1.52888,1.13,1.13
2011.10.19 04:48:05.346,1.52852,1.52896,1.13,1.13
2011.10.19 04:48:09.567,1.52849,1.52896,1.28,1.13
2011.10.19 04:48:10.394,1.52849,1.52894,1.28,1.13
2011.10.19 04:48:10.847,1.52845,1.52893,1.13,1.50
2011.10.19 04:48:20.460,1.52849,1.52893,1.13,1.50
2011.10.19 04:48:25.296,1.52849,1.52893,1.13,1.50
2011.10.19 04:48:26.618,1.52849,1.52893,1.13,1.50
2011.10.19 04:48:28.276,1.52849,1.52893,1.13,1.50
2011.10.19 04:48:30.716,1.52847,1.52893,1.13,1.50
2011.10.19 04:48:30.839,1.52856,1.52897,1.50,2.25
2011.10.19 04:48:31.395,1.52857,1.52901,1.29,1.13
2011.10.19 04:48:32.515,1.52861,1.52906,1.29,1.50
2011.10.19 04:48:32.634,1.52863,1.52907,1.67,1.13
2011.10.19 04:48:38.236,1.52865,1.5291,1.13,1.50
2011.10.19 04:48:38.354,1.52871,1.52914,1.13,1.13
2011.10.19 04:48:38.805,1.52875,1.52914,1.67,1.13
2011.10.19 04:48:44.166,1.52875,1.52914,1.73,1.13
2011.10.19 04:48:44.318,1.52871,1.52911,1.35,1.50
2011.10.19 04:48:44.434,1.52871,1.52911,1.35,1.50
2011.10.19 04:48:45.999,1.52871,1.52909,1.67,1.13
2011.10.19 04:48:46.774,1.52875,1.52909,1.13,1.13
2011.10.19 04:48:47.334,1.52875,1.52909,1.67,1.13
2011.10.19 04:48:47.676,1.52883,1.52917,1.67,1.50
2011.10.19 04:48:48.254,1.52883,1.52917,1.67,1.50
2011.10.19 04:48:48.814,1.52883,1.52917,1.67,1.50
2011.10.19 04:48:49.389,1.52877,1.52911,1.29,1.50
2011.10.19 04:48:49.614,1.52877,1.52914,1.29,1.50
2011.10.19 04:48:57.446,1.52895,1.52925,1.28,1.50
2011.10.19 04:48:57.568,1.52904,1.5293,1.13,1.50
2011.10.19 04:48:57.795,1.5289,1.52929,2.42,1.13
2011.10.19 04:48:57.917,1.52881,1.52926,1.67,1.13
2011.10.19 04:48:58.034,1.52881,1.52924,1.13,1.50
2011.10.19 04:49:00.683,1.52882,1.52926,1.13,1.13
2011.10.19 04:49:03.124,1.52882,1.52926,1.58,1.13
2011.10.19 04:49:03.816,1.52882,1.52926,1.28,1.13
2011.10.19 04:49:04.382,1.52882,1.52926,1.13,1.13
2011.10.19 04:49:05.007,1.52882,1.5293,1.50,1.50
2011.10.19 04:49:05.148,1.52888,1.52934,1.13,1.13
2011.10.19 04:49:05.380,1.52888,1.52934,1.13,1.13
2011.10.19 04:49:09.125,1.52883,1.52932,1.29,1.50
2011.10.19 04:49:09.797,1.52888,1.52932,1.13,1.50
2011.10.19 04:49:11.248,1.52889,1.52934,1.50,1.13
2011.10.19 04:49:11.475,1.52888,1.52934,1.13,1.13
2011.10.19 04:49:12.727,1.52888,1.52934,1.13,1.13
2011.10.19 04:49:13.865,1.52898,1.52946,1.50,2.25
2011.10.19 04:49:14.095,1.52919,1.52955,1.13,1.50
2011.10.19 04:49:14.328,1.52909,1.52938,1.22,1.50
2011.10.19 04:49:14.447,1.529,1.52938,1.50,1.50
2011.10.19 04:49:14.567,1.52898,1.52938,1.13,1.50
2011.10.19 04:49:14.799,1.52894,1.52938,1.29,1.50
2011.10.19 04:49:16.505,1.52892,1.52941,1.58,1.13
2011.10.19 04:49:18.926,1.52892,1.52942,1.65,1.50
2011.10.19 04:49:19.046,1.52903,1.52946,1.13,1.50
2011.10.19 04:49:19.606,1.52905,1.52949,1.05,1.88
2011.10.19 04:49:21.584,1.52905,1.52948,1.05,1.50
2011.10.19 04:49:22.369,1.52918,1.52953,1.13,1.50
2011.10.19 04:49:23.205,1.52918,1.52955,1.13,1.50
2011.10.19 04:49:24.365,1.52918,1.52963,1.13,1.50
2011.10.19 04:49:24.706,1.52919,1.52963,1.13,1.50
2011.10.19 04:49:25.376,1.52919,1.52963,1.73,1.50
2011.10.19 04:49:25.716,1.52919,1.52955,1.35,1.50
2011.10.19 04:49:26.055,1.5292,1.52958,1.13,1.13
2011.10.19 04:49:28.007,1.52919,1.52958,1.05,1.50
2011.10.19 04:49:28.676,1.5292,1.52958,1.05,1.50
2011.10.19 04:49:29.203,1.52919,1.52958,1.35,1.50
2011.10.19 04:49:31.495,1.5291,1.52954,1.29,1.13
2011.10.19 04:49:32.075,1.52903,1.52951,1.29,1.50
2011.10.19 04:49:34.538,1.52885,1.52925,1.50,1.13
2011.10.19 04:49:38.675,1.52885,1.52919,1.50,1.13
2011.10.19 04:49:39.151,1.52875,1.52917,1.29,1.13
2011.10.19 04:49:43.104,1.52873,1.52912,1.50,1.13
2011.10.19 04:49:44.125,1.52873,1.52912,1.50,1.13
2011.10.19 04:49:44.643,1.52873,1.52912,1.50,1.13
2011.10.19 04:49:45.074,1.52873,1.52912,1.50,1.13
2011.10.19 04:49:45.195,1.52873,1.52912,1.50,1.13
2011.10.19 04:49:46.856,1.52864,1.5291,1.35,1.13
2011.10.19 04:49:47.198,1.52862,1.52907,1.13,1.50
2011.10.19 04:49:47.536,1.52856,1.529,1.50,1.13
2011.10.19 04:49:49.627,1.52849,1.52895,1.13,1.13
2011.10.19 04:49:49.856,1.52849,1.52895,1.13,1.13
2011.10.19 04:49:53.336,1.52851,1.52898,1.13,1.50
2011.10.19 04:49:54.227,1.52844,1.52885,1.43,1.13
2011.10.19 04:49:54.348,1.5284,1.52884,1.13,1.13
2011.10.19 04:49:54.794,1.52835,1.52881,1.29,1.50
2011.10.19 04:49:55.136,1.5284,1.52894,1.13,1.88
2011.10.19 04:49:55.531,1.52835,1.52881,1.29,1.50
2011.10.19 04:49:55.667,1.52833,1.5287,1.29,1.13
2011.10.19 04:49:55.789,1.52825,1.5287,1.80,1.13
2011.10.19 04:49:57.776,1.52834,1.52881,1.29,1.50
2011.10.19 04:49:58.117,1.52839,1.52885,1.13,1.13
2011.10.19 04:50:00.977,1.5284,1.52888,1.50,2.25
2011.10.19 04:50:01.098,1.52846,1.52892,1.13,1.13
2011.10.19 04:50:02.083,1.52848,1.52892,1.09,1.13
2011.10.19 04:50:02.204,1.52849,1.52896,1.09,2.25
2011.10.19 04:50:02.324,1.52854,1.52896,1.13,1.50
2011.10.19 04:50:03.217,1.52862,1.52903,1.13,1.50
2011.10.19 04:50:04.775,1.52863,1.52912,1.29,1.80
2011.10.19 04:50:04.897,1.52868,1.52915,1.13,1.13
2011.10.19 04:50:05.566,1.52868,1.52915,1.13,1.13
2011.10.19 04:50:06.675,1.52863,1.52912,1.29,1.50
2011.10.19 04:50:11.905,1.52865,1.52912,1.22,1.50
2011.10.19 04:50:12.135,1.52863,1.52912,1.29,1.50
2011.10.19 04:50:12.747,1.52868,1.52914,1.13,1.50
2011.10.19 04:50:15.057,1.52852,1.529,1.65,1.13
2011.10.19 04:50:15.176,1.52852,1.529,1.13,1.13
2011.10.19 04:50:22.261,1.52853,1.52901,1.13,1.13
2011.10.19 04:50:22.599,1.52853,1.529,1.13,1.13
2011.10.19 04:50:24.467,1.52853,1.529,1.13,1.13
2011.10.19 04:50:24.585,1.52853,1.529,1.13,1.13
2011.10.19 04:50:24.815,1.52862,1.52903,1.13,1.50
2011.10.19 04:50:25.826,1.52862,1.52905,1.28,1.09
2011.10.19 04:50:26.338,1.52862,1.52905,1.28,1.09
2011.10.19 04:50:28.555,1.52862,1.52905,1.28,1.09
2011.10.19 04:50:31.136,1.52861,1.52895,1.80,1.13
2011.10.19 04:50:31.476,1.52846,1.52892,1.13,1.13
2011.10.19 04:50:36.009,1.52842,1.52884,1.29,1.13
2011.10.19 04:50:36.454,1.52853,1.52888,1.13,1.50
2011.10.19 04:50:38.290,1.52852,1.52894,1.28,1.50
2011.10.19 04:50:46.950,1.52853,1.52898,1.13,1.50
2011.10.19 04:50:49.755,1.52847,1.52891,1.67,1.13
2011.10.19 04:50:49.879,1.52846,1.52891,1.13,1.13
2011.10.19 04:50:58.155,1.52843,1.5288,1.29,1.50
2011.10.19 04:50:58.389,1.52827,1.52873,1.13,1.50
2011.10.19 04:50:58.510,1.52823,1.52873,1.80,1.50
2011.10.19 04:50:58.627,1.52823,1.52864,1.05,1.50
2011.10.19 04:51:10.023,1.52816,1.52863,1.88,1.13
2011.10.19 04:51:13.797,1.52814,1.52859,1.05,1.50
2011.10.19 04:51:14.027,1.52811,1.52858,1.88,1.13
2011.10.19 04:51:14.587,1.52821,1.52858,1.50,1.13
2011.10.19 04:51:15.092,1.52821,1.52858,1.50,1.13
2011.10.19 04:51:15.209,1.52821,1.52858,1.50,1.13
2011.10.19 04:51:15.547,1.52821,1.52869,1.50,1.13
2011.10.19 04:51:15.774,1.52821,1.52858,1.50,1.13
2011.10.19 04:51:16.007,1.52811,1.52858,1.13,1.13
2011.10.19 04:51:16.346,1.52802,1.52842,1.50,1.13
2011.10.19 04:51:17.458,1.52803,1.52849,1.50,1.13
2011.10.19 04:51:18.457,1.52803,1.52847,1.50,1.13
2011.10.19 04:51:19.676,1.5281,1.52848,1.50,1.13
2011.10.19 04:51:20.235,1.52819,1.52855,1.50,1.50
2011.10.19 04:51:20.360,1.52819,1.52857,1.50,1.13
2011.10.19 04:51:20.698,1.52818,1.52854,1.29,1.13
2011.10.19 04:51:21.039,1.52808,1.52853,1.13,1.50
2011.10.19 04:51:21.795,1.52819,1.52854,1.50,1.13
2011.10.19 04:51:22.025,1.52808,1.52853,1.13,1.50
2011.10.19 04:51:24.015,1.52817,1.52854,1.50,1.13
2011.10.19 04:51:26.006,1.52809,1.52854,1.13,1.13
2011.10.19 04:51:29.105,1.52801,1.52847,1.13,1.13
2011.10.19 04:51:33.884,1.52801,1.52849,1.50,1.13
2011.10.19 04:51:34.439,1.52801,1.52847,1.50,1.13
2011.10.19 04:51:35.554,1.52801,1.52849,1.50,1.13
2011.10.19 04:51:36.682,1.52801,1.52842,1.50,1.13
2011.10.19 04:51:39.594,1.52801,1.52842,1.50,1.13
2011.10.19 04:51:41.233,1.52801,1.52842,1.50,1.13
2011.10.19 04:51:41.563,1.52801,1.52842,1.50,1.13
2011.10.19 04:51:42.143,1.52797,1.52842,1.13,1.13
2011.10.19 04:51:44.137,1.52797,1.52837,1.47,1.50
2011.10.19 04:51:44.695,1.52797,1.52842,1.13,1.13
2011.10.19 04:51:45.035,1.52801,1.52842,1.50,1.13
2011.10.19 04:51:45.400,1.52797,1.52842,1.13,1.13
2011.10.19 04:51:46.504,1.52797,1.52844,1.13,1.13
2011.10.19 04:51:47.706,1.52808,1.52847,1.13,1.50
2011.10.19 04:51:47.828,1.52808,1.5285,1.13,1.50
2011.10.19 04:51:47.946,1.52808,1.52855,1.13,1.13
2011.10.19 04:51:48.069,1.52808,1.52855,1.13,1.13
2011.10.19 04:51:49.504,1.52808,1.52855,1.13,1.13
2011.10.19 04:51:49.737,1.52808,1.52855,1.13,1.13
2011.10.19 04:51:49.967,1.52803,1.52851,1.29,1.50
2011.10.19 04:51:50.088,1.52799,1.52839,1.05,1.13
2011.10.19 04:51:51.125,1.52801,1.52847,1.13,1.13
2011.10.19 04:51:51.948,1.52798,1.52843,1.29,1.13
2011.10.19 04:51:52.071,1.52797,1.52843,1.29,1.13
2011.10.19 04:52:05.946,1.52812,1.52851,1.13,1.50
2011.10.19 04:52:06.601,1.52808,1.52856,1.67,1.13
2011.10.19 04:52:06.724,1.52812,1.52856,1.13,1.13
2011.10.19 04:52:17.729,1.52804,1.52849,1.13,1.13
2011.10.19 04:52:19.668,1.52799,1.52844,1.29,1.50
2011.10.19 04:52:20.008,1.52799,1.52839,1.29,1.50
2011.10.19 04:52:20.238,1.52797,1.52835,1.44,1.13
2011.10.19 04:52:20.358,1.52791,1.52835,1.50,1.13
2011.10.19 04:52:20.476,1.52798,1.52839,1.50,1.50
2011.10.19 04:52:20.815,1.52803,1.5285,1.13,1.13
2011.10.19 04:52:20.935,1.528,1.52845,1.29,1.50
2011.10.19 04:52:21.055,1.52797,1.52834,1.29,1.13
2011.10.19 04:52:21.174,1.52795,1.52834,1.50,1.13
2011.10.19 04:52:21.774,1.52789,1.52834,1.88,1.13
2011.10.19 04:52:22.099,1.52789,1.52834,1.88,1.13
2011.10.19 04:52:22.694,1.52789,1.52834,1.88,1.13
2011.10.19 04:52:24.535,1.52789,1.52834,1.88,1.13
2011.10.19 04:52:25.290,1.52789,1.52834,1.88,1.13
2011.10.19 04:52:27.285,1.52789,1.52834,1.88,1.13
2011.10.19 04:52:27.404,1.52789,1.52834,1.88,1.13
2011.10.19 04:52:27.635,1.52789,1.52834,1.88,1.13
2011.10.19 04:52:28.745,1.52789,1.52834,1.88,1.13
2011.10.19 04:52:30.049,1.52789,1.52834,1.88,1.13
2011.10.19 04:52:32.433,1.52789,1.52834,1.13,1.13
2011.10.19 04:52:32.544,1.52789,1.52834,1.88,1.13
2011.10.19 04:52:33.566,1.52789,1.52827,1.50,1.13
2011.10.19 04:52:33.924,1.52789,1.52827,1.50,1.13
2011.10.19 04:52:34.507,1.52778,1.5282,2.79,1.13
2011.10.19 04:52:34.742,1.52784,1.5282,1.50,1.13
2011.10.19 04:52:35.302,1.52784,1.5282,1.50,1.13
2011.10.19 04:52:35.669,1.52778,1.5282,1.50,1.13
2011.10.19 04:52:37.005,1.52778,1.5282,1.50,1.13
2011.10.19 04:52:37.523,1.52778,1.5282,1.50,1.13
2011.10.19 04:52:37.643,1.52787,1.52821,1.50,1.13
2011.10.19 04:52:38.616,1.52787,1.52821,1.50,1.13
2011.10.19 04:52:39.801,1.52787,1.52821,1.50,1.13
2011.10.19 04:52:40.425,1.52787,1.52821,1.50,1.13
2011.10.19 04:52:41.552,1.52802,1.52835,1.50,2.63
2011.10.19 04:52:41.670,1.52802,1.52844,1.50,1.13
2011.10.19 04:52:42.156,1.52799,1.52844,1.13,1.13
2011.10.19 04:52:42.692,1.52795,1.52831,1.50,1.13
2011.10.19 04:52:43.941,1.52799,1.52833,1.13,1.50
2011.10.19 04:52:44.059,1.52802,1.52839,1.50,1.50
2011.10.19 04:52:44.175,1.52802,1.52844,1.50,1.13
2011.10.19 04:52:44.298,1.52802,1.52845,1.50,1.13
2011.10.19 04:52:45.825,1.52811,1.52858,1.13,1.13
2011.10.19 04:52:47.845,1.52814,1.52861,1.13,1.13
2011.10.19 04:52:49.016,1.52814,1.52859,1.13,1.13
2011.10.19 04:52:50.854,1.52814,1.52859,1.13,1.13
2011.10.19 04:52:51.676,1.52814,1.52859,1.13,1.13
2011.10.19 04:52:54.594,1.52814,1.52853,1.13,1.50
2011.10.19 04:52:54.825,1.5281,1.52846,1.13,1.50
2011.10.19 04:52:55.965,1.5281,1.52846,1.29,1.88
2011.10.19 04:52:56.945,1.528,1.52843,1.05,1.88
2011.10.19 04:52:57.396,1.52797,1.52843,1.13,1.88
2011.10.19 04:52:57.738,1.52799,1.52843,1.13,1.88
2011.10.19 04:52:57.858,1.52799,1.52843,1.13,1.13
2011.10.19 04:53:00.534,1.52801,1.52843,1.50,1.13
2011.10.19 04:53:01.093,1.52809,1.52843,1.50,1.13
2011.10.19 04:53:01.324,1.52802,1.52843,1.50,1.13
2011.10.19 04:53:01.676,1.52808,1.52844,1.13,1.50
2011.10.19 04:53:02.360,1.52823,1.5287,1.13,1.13
2011.10.19 04:53:03.706,1.52819,1.52864,1.29,1.50
2011.10.19 04:53:03.938,1.52809,1.52855,1.05,1.13
2011.10.19 04:53:04.055,1.52823,1.52859,1.13,1.50
2011.10.19 04:53:04.613,1.52823,1.5287,1.13,1.13
2011.10.19 04:53:05.571,1.52809,1.52854,1.13,1.13
2011.10.19 04:53:09.715,1.52815,1.52859,1.50,2.25
2011.10.19 04:53:09.837,1.52822,1.52859,1.13,1.50
2011.10.19 04:53:10.349,1.52824,1.52864,1.13,1.50
2011.10.19 04:53:11.120,1.52824,1.52864,1.13,1.50
2011.10.19 04:53:11.676,1.52819,1.52858,1.29,1.50
2011.10.19 04:53:11.796,1.52817,1.52855,1.29,1.13
2011.10.19 04:53:11.917,1.52809,1.52855,1.05,1.13
2011.10.19 04:53:13.856,1.52817,1.52858,1.50,1.50
2011.10.19 04:53:14.305,1.52823,1.52861,1.13,1.50
2011.10.19 04:53:15.522,1.52819,1.52858,1.29,1.50
2011.10.19 04:53:15.644,1.52805,1.5285,2.25,1.13
2011.10.19 04:53:24.864,1.52808,1.52855,1.13,1.88
2011.10.19 04:53:24.986,1.52808,1.52855,1.13,1.13
2011.10.19 04:53:26.923,1.52805,1.52853,1.50,1.13
2011.10.19 04:53:28.636,1.52816,1.52855,1.13,1.50
2011.10.19 04:53:28.868,1.52816,1.52863,1.13,1.13
2011.10.19 04:53:29.426,1.52819,1.52867,1.50,1.88
2011.10.19 04:53:30.785,1.52813,1.52855,1.29,1.13
2011.10.19 04:53:31.013,1.52818,1.52859,1.50,1.50
2011.10.19 04:53:31.247,1.52823,1.5287,1.13,1.13
2011.10.19 04:53:36.985,1.52823,1.5287,1.13,1.13
2011.10.19 04:53:37.771,1.52823,1.5287,1.13,1.88
2011.10.19 04:53:38.107,1.5281,1.52854,1.13,1.13
2011.10.19 04:53:38.225,1.52819,1.52858,1.50,1.50
2011.10.19 04:53:38.345,1.52824,1.52869,1.13,1.88
2011.10.19 04:53:38.863,1.52824,1.52869,1.13,1.88
2011.10.19 04:53:39.188,1.5282,1.52868,1.50,1.50
2011.10.19 04:53:39.308,1.52819,1.52854,1.29,1.13
2011.10.19 04:53:39.427,1.52823,1.52861,1.13,1.50
2011.10.19 04:53:39.548,1.52823,1.52869,1.13,1.50
2011.10.19 04:53:40.994,1.52819,1.52854,1.29,1.13
2011.10.19 04:53:45.674,1.52819,1.52859,1.13,1.50
2011.10.19 04:53:46.182,1.52823,1.52863,1.13,1.50
2011.10.19 04:53:46.302,1.52823,1.52864,1.13,1.50
2011.10.19 04:53:47.645,1.5282,1.52863,1.29,1.50
2011.10.19 04:53:47.767,1.52818,1.52854,1.29,1.13
2011.10.19 04:53:47.887,1.52815,1.52854,2.25,1.13
2011.10.19 04:53:48.335,1.52812,1.52859,1.50,1.50
2011.10.19 04:53:48.677,1.52824,1.52862,1.13,1.50
2011.10.19 04:53:48.905,1.52824,1.52868,1.13,1.50
2011.10.19 04:53:49.858,1.52823,1.52868,1.13,1.50
2011.10.19 04:53:50.195,1.52824,1.52868,1.13,1.50
2011.10.19 04:53:51.406,1.52816,1.52864,1.88,1.13
2011.10.19 04:53:59.217,1.52812,1.5284,2.04,1.13
2011.10.19 04:53:59.336,1.52803,1.5284,1.50,1.13
2011.10.19 04:53:59.566,1.52797,1.5284,1.50,1.13
2011.10.19 04:54:00.384,1.52802,1.5284,1.50,1.13
2011.10.19 04:54:06.600,1.52802,1.52838,1.50,1.50
2011.10.19 04:54:13.726,1.52802,1.52836,1.50,1.13
2011.10.19 04:54:14.070,1.52793,1.52829,2.04,1.13
2011.10.19 04:54:14.713,1.52785,1.52815,1.50,1.13
2011.10.19 04:54:15.567,1.52785,1.52816,1.50,1.13
2011.10.19 04:54:16.236,1.52785,1.52816,1.50,1.13
2011.10.19 04:54:16.811,1.52788,1.52822,1.50,1.13
2011.10.19 04:54:17.335,1.52788,1.52824,1.50,1.13
2011.10.19 04:54:18.186,1.52788,1.52821,1.50,1.13
2011.10.19 04:54:18.415,1.52788,1.52821,1.50,1.13
2011.10.19 04:54:19.553,1.52788,1.52821,1.50,1.13
2011.10.19 04:54:21.056,1.52788,1.52817,1.50,1.13
2011.10.19 04:54:21.166,1.52776,1.52812,1.80,1.13
2011.10.19 04:54:22.409,1.52776,1.52813,1.50,1.88
2011.10.19 04:54:22.527,1.52776,1.52813,1.50,1.88
2011.10.19 04:54:23.089,1.52776,1.5281,1.50,1.88
2011.10.19 04:54:23.426,1.52775,1.52807,1.50,1.13
2011.10.19 04:54:24.476,1.52776,1.52807,1.50,1.13
2011.10.19 04:54:25.354,1.52776,1.52807,1.50,1.13
2011.10.19 04:54:26.134,1.52776,1.52807,1.50,1.13
2011.10.19 04:54:26.743,1.52776,1.52818,1.50,1.34
2011.10.19 04:54:28.456,1.52785,1.52811,1.50,1.50
2011.10.19 04:54:29.120,1.52791,1.52826,1.50,1.50
2011.10.19 04:54:29.236,1.52791,1.52825,1.50,1.13
2011.10.19 04:54:29.576,1.52798,1.5283,1.13,1.50
2011.10.19 04:54:29.697,1.52796,1.5283,1.88,1.13
2011.10.19 04:54:31.604,1.52796,1.5283,1.28,1.88
2011.10.19 04:54:31.890,1.52796,1.5283,1.28,2.25
2011.10.19 04:54:32.607,1.52796,1.5283,1.13,1.90
2011.10.19 04:54:33.327,1.52796,1.5283,1.13,1.50
2011.10.19 04:54:33.866,1.52796,1.5283,1.28,3.26
2011.10.19 04:54:34.207,1.52795,1.52829,1.29,1.50
2011.10.19 04:54:35.016,1.52784,1.52829,1.73,1.13
2011.10.19 04:54:35.575,1.52784,1.5283,1.73,3.04
2011.10.19 04:54:35.807,1.52796,1.5283,1.13,2.29
2011.10.19 04:54:36.242,1.52798,1.52837,1.13,1.17
2011.10.19 04:54:39.457,1.52798,1.52833,1.29,1.62
2011.10.19 04:54:39.579,1.52791,1.52833,1.09,2.74
2011.10.19 04:54:40.137,1.52797,1.5283,1.13,1.43
2011.10.19 04:54:45.738,1.52798,1.5283,1.88,1.32
2011.10.19 04:54:51.455,1.52812,1.52831,1.13,1.43
2011.10.19 04:54:51.688,1.52815,1.52844,1.13,1.13
2011.10.19 04:54:52.245,1.52815,1.52844,1.13,1.13
2011.10.19 04:54:52.806,1.52815,1.5284,1.13,1.13
2011.10.19 04:54:53.488,1.52822,1.52839,1.13,1.13
2011.10.19 04:54:53.827,1.52826,1.52854,1.13,1.58
2011.10.19 04:54:55.976,1.52826,1.52849,1.13,1.47
2011.10.19 04:54:58.755,1.52822,1.52849,1.29,1.05
2011.10.19 04:54:59.314,1.52816,1.5285,1.13,1.35
2011.10.19 04:55:01.035,1.52816,1.52849,1.13,1.47
2011.10.19 04:55:02.349,1.52816,1.52857,1.13,1.13
2011.10.19 04:55:03.041,1.52816,1.52856,1.13,1.50
2011.10.19 04:55:03.366,1.52816,1.52856,1.13,1.88
2011.10.19 04:55:06.309,1.52816,1.52854,1.13,1.13
2011.10.19 04:55:07.326,1.52809,1.52849,1.13,1.50
2011.10.19 04:55:07.447,1.52809,1.52849,1.13,1.50
2011.10.19 04:55:07.784,1.52809,1.52853,1.13,1.13
2011.10.19 04:55:14.525,1.52809,1.52848,1.09,1.50
2011.10.19 04:55:17.086,1.52809,1.52851,1.09,1.13
2011.10.19 04:55:18.404,1.52812,1.52851,1.50,1.13
2011.10.19 04:55:18.983,1.52809,1.52851,1.09,1.13
2011.10.19 04:55:27.380,1.52812,1.52854,1.88,2.25
2011.10.19 04:55:27.717,1.52815,1.52856,1.13,1.50
2011.10.19 04:55:28.057,1.52812,1.52848,1.67,1.50
2011.10.19 04:55:28.394,1.52812,1.5285,1.67,1.88
2011.10.19 04:55:37.165,1.52818,1.52851,1.13,1.13
2011.10.19 04:55:37.395,1.52818,1.52857,1.13,1.50
2011.10.19 04:55:38.201,1.52818,1.52857,1.13,1.50
2011.10.19 04:55:42.317,1.52825,1.52858,1.13,1.13
2011.10.19 04:55:42.437,1.52825,1.52858,1.13,1.13
2011.10.19 04:55:43.016,1.52821,1.52856,1.67,1.13
2011.10.19 04:55:53.406,1.52817,1.52856,1.29,1.50
2011.10.19 04:55:53.526,1.5281,1.52852,1.13,1.13
2011.10.19 04:55:56.174,1.52817,1.52852,1.13,1.13
2011.10.19 04:56:15.479,1.52814,1.52852,1.88,1.13
2011.10.19 04:56:15.814,1.52814,1.52858,1.88,1.88
2011.10.19 04:56:16.817,1.52814,1.52858,1.88,1.88
2011.10.19 04:56:18.777,1.52817,1.52858,1.50,1.13
2011.10.19 04:56:42.090,1.52816,1.52857,1.29,1.13
2011.10.19 04:56:42.425,1.5281,1.52857,1.28,1.88
2011.10.19 04:56:42.549,1.5281,1.52857,1.28,1.88
2011.10.19 04:57:05.195,1.52812,1.52848,1.13,1.88
2011.10.19 04:57:11.535,1.52813,1.52854,1.13,1.13
2011.10.19 04:57:12.212,1.52813,1.52854,1.13,1.88
2011.10.19 04:57:12.814,1.52813,1.52857,1.13,1.50
2011.10.19 04:57:13.373,1.52813,1.52854,1.13,1.13
2011.10.19 04:57:14.885,1.5281,1.52853,1.29,1.13
2011.10.19 04:57:15.115,1.52804,1.52848,1.13,1.13
2011.10.19 04:57:16.197,1.52816,1.52849,1.13,1.13
2011.10.19 04:57:16.761,1.52816,1.52852,1.13,1.13
2011.10.19 04:57:19.477,1.52811,1.5285,1.13,1.88
2011.10.19 04:57:20.131,1.52811,1.5285,1.13,1.88
2011.10.19 04:57:20.927,1.52806,1.52849,1.29,1.09
2011.10.19 04:57:21.049,1.5279,1.5283,2.25,1.13
2011.10.19 04:57:23.796,1.52797,1.52832,1.88,1.13
2011.10.19 04:57:26.925,1.52801,1.52832,1.13,1.13
2011.10.19 04:57:28.737,1.528,1.52832,1.29,1.13
2011.10.19 04:57:28.858,1.52789,1.52828,1.50,1.13
2011.10.19 04:57:29.414,1.52788,1.52828,1.13,1.50
2011.10.19 04:57:34.107,1.52799,1.52832,1.13,1.13
2011.10.19 04:57:35.848,1.52793,1.52827,1.50,1.50
2011.10.19 04:57:36.191,1.5279,1.52831,1.88,1.88
2011.10.19 04:57:36.312,1.5279,1.52823,1.13,1.13
2011.10.19 04:57:38.928,1.52787,1.52821,1.29,1.13
2011.10.19 04:57:45.954,1.52777,1.52816,1.13,1.50
2011.10.19 04:57:47.696,1.52777,1.52821,1.43,1.13
2011.10.19 04:57:48.840,1.52777,1.52816,1.28,1.88
2011.10.19 04:57:50.796,1.52795,1.52816,1.09,1.13
2011.10.19 04:57:51.028,1.52799,1.52833,1.13,1.05
2011.10.19 04:57:51.148,1.52799,1.52836,1.13,1.13
2011.10.19 04:57:58.157,1.52805,1.52837,1.13,1.35
2011.10.19 04:57:58.916,1.52801,1.52843,1.29,1.50
2011.10.19 04:57:59.475,1.52796,1.52833,1.29,1.88
2011.10.19 04:57:59.596,1.52792,1.5283,1.50,1.50
2011.10.19 04:58:00.171,1.52792,1.52829,1.13,1.13
2011.10.19 04:58:00.738,1.52792,1.52829,1.13,1.13
2011.10.19 04:58:01.745,1.52792,1.52829,1.13,1.13
2011.10.19 04:58:02.179,1.52796,1.52829,1.50,1.13
2011.10.19 04:58:02.689,1.52796,1.52829,1.50,1.13
2011.10.19 04:58:03.562,1.52796,1.52829,1.50,1.13
2011.10.19 04:58:04.446,1.52789,1.52826,1.65,1.13
2011.10.19 04:58:05.816,1.52798,1.52831,1.50,1.13
2011.10.19 04:58:05.935,1.52798,1.52831,1.50,1.13
2011.10.19 04:58:06.547,1.52792,1.52831,1.13,1.88
2011.10.19 04:58:06.928,1.52792,1.52822,1.13,1.13
2011.10.19 04:58:07.705,1.52788,1.52821,1.29,2.25
2011.10.19 04:58:08.045,1.52782,1.52816,1.50,1.13
2011.10.19 04:58:09.808,1.52775,1.52809,1.65,1.13
2011.10.19 04:58:10.242,1.52782,1.52815,1.50,1.50
2011.10.19 04:58:10.843,1.52782,1.52818,1.50,1.88
2011.10.19 04:58:18.401,1.52782,1.52818,1.50,1.13
2011.10.19 04:58:18.516,1.52782,1.52818,1.50,1.13
2011.10.19 04:58:19.464,1.52782,1.52818,1.50,1.88
2011.10.19 04:58:19.573,1.52782,1.52818,1.50,1.88
2011.10.19 04:58:19.684,1.52782,1.52818,1.50,1.13
2011.10.19 04:58:19.806,1.52782,1.52818,1.50,1.13
2011.10.19 04:58:25.016,1.52782,1.52818,1.50,1.88
2011.10.19 04:58:25.136,1.52782,1.52818,1.50,1.88
2011.10.19 04:58:25.710,1.52782,1.52818,1.50,1.88
2011.10.19 04:58:27.586,1.52776,1.52818,1.50,1.88
2011.10.19 04:58:28.799,1.52782,1.52818,1.50,1.88
2011.10.19 04:58:29.589,1.52782,1.52818,1.50,1.88
2011.10.19 04:58:29.708,1.52777,1.52818,1.50,1.88
2011.10.19 04:58:30.937,1.52782,1.52818,1.13,1.50
2011.10.19 04:58:31.167,1.52784,1.52829,1.13,1.13
2011.10.19 04:58:31.507,1.52784,1.52833,1.13,1.13
2011.10.19 04:58:33.976,1.52788,1.52833,1.13,1.50
2011.10.19 04:58:34.208,1.52797,1.52838,1.50,1.50
2011.10.19 04:58:34.767,1.52804,1.52842,1.13,1.50
2011.10.19 04:58:34.998,1.52804,1.52842,1.13,1.50
2011.10.19 04:58:36.187,1.52788,1.52835,1.13,1.88
2011.10.19 04:58:36.966,1.52799,1.52835,1.50,1.50
2011.10.19 04:58:37.305,1.52804,1.52844,1.13,1.50
2011.10.19 04:58:37.797,1.52804,1.52849,1.13,1.13
2011.10.19 04:58:38.027,1.52804,1.52849,1.13,1.13
2011.10.19 04:58:39.407,1.52804,1.52849,1.13,1.13
2011.10.19 04:58:39.597,1.52804,1.52849,1.13,1.13
2011.10.19 04:58:39.716,1.52804,1.52849,1.13,1.13
2011.10.19 04:58:40.313,1.52804,1.52849,1.13,1.13
2011.10.19 04:58:40.650,1.52805,1.52841,1.50,1.50
2011.10.19 04:58:41.100,1.528,1.52834,1.29,1.50
2011.10.19 04:58:41.441,1.52793,1.52834,1.13,1.13
2011.10.19 04:58:41.857,1.52793,1.52834,1.13,1.88
2011.10.19 04:58:42.426,1.52789,1.52834,1.07,1.88
2011.10.19 04:58:43.209,1.52796,1.52834,1.13,1.13
2011.10.19 04:58:45.198,1.52796,1.52843,1.67,1.13
2011.10.19 04:58:45.757,1.52809,1.52843,1.50,1.88
2011.10.19 04:58:46.097,1.52809,1.52843,1.59,1.88
2011.10.19 04:58:53.387,1.52802,1.52843,2.04,1.50
2011.10.19 04:58:53.506,1.52802,1.52837,1.29,1.13
2011.10.19 04:58:53.735,1.52799,1.52837,1.43,1.88
2011.10.19 04:59:01.427,1.52793,1.52824,1.50,1.13
2011.10.19 04:59:01.550,1.52787,1.52821,1.29,1.13
2011.10.19 04:59:01.668,1.52777,1.52818,1.13,1.88
2011.10.19 04:59:01.897,1.52776,1.52817,1.28,1.50
2011.10.19 04:59:04.054,1.52772,1.52814,1.05,1.13
2011.10.19 04:59:04.616,1.52769,1.52809,1.13,1.88
2011.10.19 04:59:05.292,1.52769,1.52808,1.13,1.50
2011.10.19 04:59:05.911,1.52768,1.52808,1.13,1.50
2011.10.19 04:59:06.375,1.52764,1.52809,1.29,2.63
2011.10.19 04:59:07.101,1.52761,1.52802,1.43,1.50
2011.10.19 04:59:07.436,1.52761,1.52803,1.65,1.88
2011.10.19 04:59:07.558,1.52769,1.52804,1.29,1.13
2011.10.19 04:59:08.115,1.52769,1.52805,1.29,1.13
2011.10.19 04:59:16.138,1.5277,1.52805,1.29,1.88
2011.10.19 04:59:16.669,1.52789,1.52823,1.13,1.72
2011.10.19 04:59:16.796,1.52785,1.52822,1.29,1.13
2011.10.19 04:59:16.920,1.52779,1.52811,1.50,1.13
2011.10.19 04:59:17.041,1.52774,1.52811,1.05,1.50
2011.10.19 04:59:18.139,1.52769,1.52809,1.13,1.88
2011.10.19 04:59:18.260,1.52765,1.52809,1.13,1.88
2011.10.19 04:59:19.948,1.52765,1.52801,1.29,1.13
2011.10.19 04:59:20.072,1.52762,1.52801,1.29,1.13
2011.10.19 04:59:20.188,1.52757,1.52801,1.88,1.13
2011.10.19 04:59:20.745,1.52762,1.52796,1.50,1.13
2011.10.19 04:59:21.197,1.52771,1.52804,1.13,1.13
2011.10.19 04:59:21.847,1.52771,1.52806,1.13,1.28
2011.10.19 04:59:22.077,1.52768,1.52805,1.29,2.52
2011.10.19 04:59:22.308,1.52767,1.52804,1.13,1.13
2011.10.19 04:59:22.536,1.52767,1.52805,1.13,2.25
2011.10.19 04:59:22.880,1.52762,1.52805,1.67,2.25
2011.10.19 04:59:23.000,1.52761,1.52797,1.67,1.13
2011.10.19 04:59:23.229,1.52756,1.52793,1.50,1.50
2011.10.19 04:59:23.569,1.52754,1.5279,1.50,1.50
2011.10.19 04:59:23.907,1.52762,1.52793,1.13,1.13
2011.10.19 04:59:24.246,1.52762,1.52797,1.88,1.13
2011.10.19 04:59:24.479,1.52763,1.52797,1.50,1.13
2011.10.19 04:59:25.887,1.52763,1.52797,1.50,1.13
2011.10.19 04:59:26.886,1.52763,1.52797,1.50,1.13
2011.10.19 04:59:27.228,1.52765,1.52795,1.05,1.13
2011.10.19 04:59:28.560,1.52757,1.5279,1.29,1.13
2011.10.19 04:59:29.011,1.52739,1.5277,1.29,1.13
2011.10.19 04:59:29.554,1.5273,1.52774,1.50,1.13
2011.10.19 04:59:29.888,1.52729,1.52772,1.13,1.50
2011.10.19 04:59:30.227,1.52721,1.52755,1.50,1.13
2011.10.19 04:59:30.565,1.52714,1.52759,1.13,1.88
2011.10.19 04:59:34.818,1.52714,1.52759,1.88,1.13
2011.10.19 04:59:35.688,1.5272,1.52759,1.50,1.88
2011.10.19 04:59:35.807,1.52703,1.5275,1.05,1.50
2011.10.19 04:59:36.148,1.52712,1.52748,1.50,1.50
2011.10.19 04:59:36.267,1.52714,1.52747,1.29,1.13
2011.10.19 04:59:36.609,1.52705,1.52744,1.50,1.13
2011.10.19 04:59:37.710,1.52706,1.52759,1.50,1.50
2011.10.19 04:59:38.206,1.52705,1.52753,1.50,1.50
2011.10.19 04:59:38.839,1.52706,1.52759,1.50,1.50
2011.10.19 04:59:39.317,1.52692,1.52744,1.88,1.13
2011.10.19 04:59:39.441,1.52697,1.52742,1.13,1.13
2011.10.19 04:59:48.767,1.52698,1.52739,1.50,1.13
2011.10.19 04:59:48.889,1.5271,1.52744,1.13,1.13
2011.10.19 04:59:49.338,1.52708,1.52739,1.29,1.13
2011.10.19 04:59:56.588,1.5271,1.52754,1.13,1.13
2011.10.19 04:59:57.060,1.52708,1.52751,1.29,1.50
2011.10.19 04:59:57.407,1.52713,1.52766,1.13,2.09
2011.10.19 04:59:59.197,1.52713,1.52758,1.13,1.13
