2013.01.02 06:00:00.712,1.55753,1.55836,2.98,1.13
2013.01.02 06:00:00.840,1.55749,1.55835,2.25,1.13
2013.01.02 06:00:00.900,1.55749,1.55841,2.25,1.13
2013.01.02 06:00:01.020,1.55757,1.55841,1.50,1.13
2013.01.02 06:00:01.428,1.55762,1.55847,2.25,1.13
2013.01.02 06:00:01.490,1.55762,1.55849,2.25,1.13
2013.01.02 06:00:01.551,1.55762,1.55849,1.50,1.13
2013.01.02 06:00:01.991,1.55762,1.5585,1.50,1.13
2013.01.02 06:00:02.302,1.55753,1.5585,1.50,1.13
2013.01.02 06:00:03.309,1.55759,1.55845,1.13,1.13
2013.01.02 06:00:06.881,1.5576,1.55845,1.13,1.13
2013.01.02 06:00:07.189,1.55751,1.55846,2.25,1.13
2013.01.02 06:00:11.915,1.55751,1.55845,3.90,2.40
2013.01.02 06:00:12.169,1.55752,1.5584,2.25,1.50
2013.01.02 06:00:12.350,1.55752,1.55838,2.25,1.13
2013.01.02 06:00:12.918,1.55751,1.55844,2.48,1.13
2013.01.02 06:00:13.420,1.55759,1.55845,1.13,3.00
2013.01.02 06:00:13.642,1.55762,1.55845,1.50,3.00
2013.01.02 06:00:13.940,1.55767,1.55845,1.50,1.13
2013.01.02 06:00:14.090,1.55757,1.55848,1.88,1.13
2013.01.02 06:00:14.314,1.55757,1.55847,3.00,1.13
2013.01.02 06:00:14.430,1.55757,1.55847,4.35,1.13
2013.01.02 06:00:15.981,1.55767,1.55849,1.13,1.13
2013.01.02 06:00:16.040,1.55771,1.55849,1.13,1.13
2013.01.02 06:00:16.160,1.55746,1.5583,1.13,2.10
2013.01.02 06:00:16.220,1.55746,1.5583,1.50,2.10
2013.01.02 06:00:16.340,1.55746,1.55819,1.50,1.13
2013.01.02 06:00:16.460,1.55758,1.55828,1.50,1.13
2013.01.02 06:00:16.579,1.55761,1.55831,1.13,3.75
2013.01.02 06:00:16.700,1.55761,1.55838,1.13,1.50
2013.01.02 06:00:16.879,1.55759,1.55841,1.50,1.13
2013.01.02 06:00:17.429,1.55759,1.55841,1.50,1.13
2013.01.02 06:00:17.954,1.55758,1.55842,1.50,1.13
2013.01.02 06:00:23.161,1.55752,1.55838,1.50,1.13
2013.01.02 06:00:23.219,1.55752,1.55838,1.50,1.13
2013.01.02 06:00:23.470,1.55751,1.55836,1.13,1.13
2013.01.02 06:00:23.600,1.55754,1.55846,1.13,1.58
2013.01.02 06:00:23.839,1.55748,1.5584,1.13,1.13
2013.01.02 06:00:24.839,1.55748,1.55835,2.25,1.50
2013.01.02 06:00:24.899,1.55755,1.55835,1.13,1.13
2013.01.02 06:00:25.020,1.55753,1.5584,1.58,1.50
2013.01.02 06:00:25.319,1.55769,1.55838,1.50,1.50
2013.01.02 06:00:30.152,1.55769,1.55838,2.25,1.50
2013.01.02 06:00:30.470,1.55769,1.55838,1.50,1.50
2013.01.02 06:00:31.022,1.5577,1.55837,1.50,1.50
2013.01.02 06:00:36.030,1.5577,1.55837,1.50,2.25
2013.01.02 06:00:36.553,1.5577,1.55844,1.50,1.13
2013.01.02 06:00:36.981,1.55769,1.55838,2.25,1.50
2013.01.02 06:00:37.400,1.55767,1.55838,1.88,1.50
2013.01.02 06:00:37.463,1.5577,1.55837,1.50,1.50
2013.01.02 06:00:38.551,1.5577,1.55847,1.88,1.13
2013.01.02 06:00:38.844,1.55769,1.55838,1.50,1.50
2013.01.02 06:00:39.252,1.55767,1.55838,2.63,1.50
2013.01.02 06:00:39.471,1.5577,1.55837,1.50,1.50
2013.01.02 06:00:39.862,1.55767,1.55837,2.63,1.50
2013.01.02 06:00:40.110,1.5577,1.55837,1.50,1.50
2013.01.02 06:00:40.362,1.5577,1.55837,1.13,1.50
2013.01.02 06:00:40.480,1.55769,1.55838,2.25,1.50
2013.01.02 06:00:44.153,1.55769,1.55838,2.25,1.50
2013.01.02 06:00:44.680,1.55769,1.55838,1.50,2.25
2013.01.02 06:00:44.801,1.5577,1.55837,1.50,1.13
2013.01.02 06:00:44.920,1.5577,1.55837,1.50,2.63
2013.01.02 06:00:45.140,1.55769,1.55834,1.50,1.50
2013.01.02 06:00:47.622,1.55769,1.55837,1.50,1.13
2013.01.02 06:00:50.312,1.55768,1.55837,1.50,1.13
2013.01.02 06:00:50.700,1.55768,1.55837,1.50,1.13
2013.01.02 06:00:55.201,1.55759,1.55837,2.25,1.13
2013.01.02 06:00:55.260,1.55767,1.55837,1.50,1.13
2013.01.02 06:00:55.352,1.55758,1.55837,2.25,1.13
2013.01.02 06:00:56.350,1.55767,1.55837,1.50,1.13
2013.01.02 06:00:57.971,1.55767,1.55836,1.50,1.13
2013.01.02 06:00:58.580,1.55767,1.55831,1.50,1.13
2013.01.02 06:00:58.800,1.55767,1.55831,1.50,1.13
2013.01.02 06:00:59.413,1.55766,1.55834,1.50,1.50
2013.01.02 06:00:59.475,1.55766,1.55837,1.50,1.13
2013.01.02 06:01:01.281,1.55767,1.55833,1.50,1.88
2013.01.02 06:01:04.041,1.55768,1.55837,1.50,1.13
2013.01.02 06:01:04.812,1.55767,1.55833,1.50,1.13
2013.01.02 06:01:05.040,1.55768,1.55833,1.50,1.13
2013.01.02 06:01:14.280,1.55768,1.55835,1.50,2.63
2013.01.02 06:01:14.701,1.55768,1.55835,1.50,2.63
2013.01.02 06:01:14.782,1.55768,1.55835,1.50,2.63
2013.01.02 06:01:14.991,1.55768,1.5583,1.50,1.13
2013.01.02 06:01:15.211,1.55768,1.55834,1.50,1.88
2013.01.02 06:01:16.440,1.55768,1.55838,1.50,1.13
2013.01.02 06:01:16.595,1.5577,1.55842,1.50,1.13
2013.01.02 06:01:23.761,1.55774,1.55842,1.50,1.13
2013.01.02 06:01:24.770,1.55775,1.55842,1.50,1.13
2013.01.02 06:01:26.371,1.55775,1.55836,1.50,1.13
2013.01.02 06:01:26.692,1.55775,1.55841,1.50,1.13
2013.01.02 06:01:28.540,1.55775,1.55841,1.50,1.13
2013.01.02 06:01:28.681,1.55775,1.55843,2.25,1.13
2013.01.02 06:01:28.921,1.55776,1.55843,1.50,1.13
2013.01.02 06:01:28.981,1.55775,1.55843,1.88,1.13
2013.01.02 06:01:29.340,1.5579,1.5585,1.50,1.13
2013.01.02 06:01:29.521,1.55788,1.55856,2.25,1.13
2013.01.02 06:01:29.841,1.55792,1.55856,1.50,1.13
2013.01.02 06:01:30.132,1.55792,1.55854,1.50,1.13
2013.01.02 06:01:30.462,1.55791,1.55858,1.50,1.13
2013.01.02 06:01:30.580,1.55792,1.55861,1.50,1.13
2013.01.02 06:01:31.051,1.55791,1.55855,1.50,1.13
2013.01.02 06:01:31.946,1.55791,1.55855,1.50,1.13
2013.01.02 06:01:32.049,1.55788,1.55855,2.25,1.13
2013.01.02 06:01:32.262,1.55793,1.55855,1.50,1.13
2013.01.02 06:01:34.153,1.55793,1.55854,1.50,1.13
2013.01.02 06:01:34.623,1.55788,1.55852,1.50,1.13
2013.01.02 06:01:34.784,1.55792,1.55852,1.50,1.13
2013.01.02 06:01:34.850,1.55788,1.55852,3.00,1.13
2013.01.02 06:01:35.450,1.5579,1.55852,1.50,1.13
2013.01.02 06:01:36.543,1.55788,1.55852,1.50,1.13
2013.01.02 06:01:36.660,1.55793,1.55851,1.50,1.13
2013.01.02 06:01:37.767,1.55789,1.55851,1.50,1.13
2013.01.02 06:01:37.830,1.55789,1.55851,1.50,1.13
2013.01.02 06:01:37.982,1.55788,1.55851,1.50,1.13
2013.01.02 06:01:38.529,1.55788,1.55851,1.50,1.13
2013.01.02 06:01:39.981,1.55788,1.55851,1.50,1.13
2013.01.02 06:01:41.786,1.55788,1.55851,1.50,1.13
2013.01.02 06:01:42.250,1.55788,1.55851,1.50,1.13
2013.01.02 06:01:42.311,1.55788,1.55851,1.50,1.13
2013.01.02 06:01:42.615,1.55788,1.55851,1.50,1.13
2013.01.02 06:01:44.191,1.55788,1.55848,1.50,1.13
2013.01.02 06:01:44.713,1.55788,1.55848,3.00,1.13
2013.01.02 06:01:44.773,1.55788,1.55848,1.50,1.13
2013.01.02 06:01:45.310,1.55788,1.55848,1.50,1.13
2013.01.02 06:01:45.831,1.55788,1.55848,1.50,1.13
2013.01.02 06:01:46.571,1.55789,1.55851,1.50,1.13
2013.01.02 06:01:47.112,1.55788,1.55851,3.00,1.13
2013.01.02 06:01:47.637,1.5579,1.5585,1.50,1.13
2013.01.02 06:01:48.064,1.55792,1.5585,1.50,1.13
2013.01.02 06:01:48.464,1.55788,1.55848,1.50,1.13
2013.01.02 06:01:48.701,1.55788,1.55848,1.50,1.13
2013.01.02 06:01:49.135,1.55788,1.55859,1.88,1.13
2013.01.02 06:01:49.207,1.55789,1.55852,1.50,1.13
2013.01.02 06:01:49.330,1.55783,1.55848,3.00,2.63
2013.01.02 06:01:49.390,1.55783,1.55849,1.50,1.13
2013.01.02 06:01:49.577,1.55783,1.55853,1.50,1.88
2013.01.02 06:01:49.662,1.55783,1.5585,1.50,1.50
2013.01.02 06:01:50.021,1.55787,1.55851,1.50,1.13
2013.01.02 06:01:50.081,1.55788,1.55849,1.50,1.50
2013.01.02 06:01:50.201,1.55788,1.55851,2.25,1.88
2013.01.02 06:01:50.330,1.55788,1.55855,2.25,1.50
2013.01.02 06:01:50.700,1.55784,1.55855,2.25,1.50
2013.01.02 06:01:50.920,1.55784,1.55855,2.25,1.50
2013.01.02 06:01:51.171,1.55784,1.55857,2.25,1.50
2013.01.02 06:01:51.292,1.55784,1.55857,2.25,1.50
2013.01.02 06:01:51.843,1.55784,1.55857,2.25,1.50
2013.01.02 06:01:52.442,1.55784,1.55857,2.25,1.50
2013.01.02 06:01:53.102,1.55784,1.55857,2.25,1.50
2013.01.02 06:01:59.942,1.55784,1.55857,2.25,1.50
2013.01.02 06:02:02.461,1.55792,1.55857,1.50,1.13
2013.01.02 06:02:02.770,1.55798,1.55859,2.63,1.13
2013.01.02 06:02:03.310,1.558,1.55859,1.50,1.13
2013.01.02 06:02:03.372,1.55798,1.55859,2.63,1.13
2013.01.02 06:02:03.923,1.55799,1.55858,2.63,1.13
2013.01.02 06:02:04.231,1.55799,1.55856,1.50,1.13
2013.01.02 06:02:04.752,1.55799,1.55858,1.50,1.13
2013.01.02 06:02:06.451,1.55802,1.55858,1.50,1.13
2013.01.02 06:02:11.690,1.55802,1.55863,2.25,1.13
2013.01.02 06:02:12.201,1.55804,1.55863,1.09,1.13
2013.01.02 06:02:12.547,1.55806,1.55863,2.44,1.13
2013.01.02 06:02:12.780,1.55806,1.55863,2.44,1.13
2013.01.02 06:02:13.511,1.55807,1.55866,1.69,1.13
2013.01.02 06:02:13.983,1.5581,1.55868,1.13,1.13
2013.01.02 06:02:14.841,1.5581,1.55868,1.13,1.13
2013.01.02 06:02:29.311,1.55824,1.55876,1.13,1.13
2013.01.02 06:02:29.491,1.55816,1.55877,1.13,1.13
2013.01.02 06:02:29.752,1.55816,1.55882,2.63,1.13
2013.01.02 06:02:29.819,1.55816,1.55882,4.13,1.13
2013.01.02 06:02:30.451,1.55817,1.55877,1.13,1.13
2013.01.02 06:02:31.011,1.55816,1.5588,1.13,1.13
2013.01.02 06:02:31.261,1.55813,1.55878,1.88,1.13
2013.01.02 06:02:31.790,1.55811,1.55871,1.13,1.13
2013.01.02 06:02:31.941,1.55809,1.55877,1.13,1.50
2013.01.02 06:02:33.903,1.5581,1.55876,1.13,1.13
2013.01.02 06:02:40.302,1.55813,1.55875,1.13,1.13
2013.01.02 06:02:43.460,1.55813,1.55872,1.13,1.88
2013.01.02 06:02:44.420,1.55817,1.55872,1.13,1.88
2013.01.02 06:02:45.251,1.55817,1.55884,1.13,1.13
2013.01.02 06:02:48.932,1.55815,1.55873,1.13,1.13
2013.01.02 06:02:48.990,1.55815,1.55873,1.13,1.13
2013.01.02 06:02:49.369,1.55815,1.55873,1.13,1.13
2013.01.02 06:02:53.112,1.55815,1.55873,1.13,1.13
2013.01.02 06:02:58.043,1.55815,1.55867,1.13,1.50
2013.01.02 06:02:59.550,1.55808,1.55869,1.88,1.13
2013.01.02 06:03:00.359,1.55808,1.55869,1.13,1.13
2013.01.02 06:03:02.253,1.55808,1.55869,1.13,1.13
2013.01.02 06:03:03.530,1.55808,1.55869,1.13,1.13
2013.01.02 06:03:03.722,1.55808,1.55869,1.13,1.13
2013.01.02 06:03:07.381,1.55808,1.55869,1.13,1.13
2013.01.02 06:03:22.052,1.55808,1.55869,1.13,1.13
2013.01.02 06:03:23.452,1.5581,1.55874,1.13,1.13
2013.01.02 06:03:23.570,1.55811,1.55874,1.50,1.13
2013.01.02 06:03:26.340,1.55811,1.55873,2.25,1.13
2013.01.02 06:03:27.471,1.55811,1.5587,2.25,1.13
2013.01.02 06:03:35.145,1.55811,1.55871,1.50,1.13
2013.01.02 06:03:35.631,1.55807,1.55872,3.00,1.88
2013.01.02 06:03:36.229,1.55807,1.55872,4.50,1.88
2013.01.02 06:03:39.941,1.55807,1.55868,4.50,1.13
2013.01.02 06:03:40.540,1.55807,1.55872,4.50,1.88
2013.01.02 06:03:46.002,1.55807,1.55866,4.50,1.13
2013.01.02 06:03:46.241,1.55813,1.55869,1.50,1.13
2013.01.02 06:03:46.821,1.55813,1.55869,1.88,1.13
2013.01.02 06:03:47.662,1.55814,1.5587,1.13,1.13
2013.01.02 06:03:48.321,1.55813,1.55872,2.63,1.88
2013.01.02 06:03:50.221,1.55818,1.55872,1.50,1.88
2013.01.02 06:03:55.187,1.55818,1.55877,2.25,1.13
2013.01.02 06:03:55.413,1.5582,1.55877,1.50,1.13
2013.01.02 06:03:57.112,1.55818,1.55877,2.25,1.13
2013.01.02 06:03:57.511,1.55821,1.55877,1.50,1.13
2013.01.02 06:03:57.631,1.55818,1.55877,2.25,1.13
2013.01.02 06:03:58.041,1.55823,1.55877,1.50,1.13
2013.01.02 06:03:58.760,1.55821,1.55877,1.50,1.13
2013.01.02 06:03:59.276,1.5582,1.55877,1.50,1.13
2013.01.02 06:03:59.532,1.55823,1.55877,1.50,1.13
2013.01.02 06:03:59.822,1.55821,1.55877,1.50,1.13
2013.01.02 06:04:00.231,1.55818,1.55877,2.25,1.13
2013.01.02 06:04:00.740,1.55822,1.55877,1.50,1.13
2013.01.02 06:04:05.073,1.55819,1.55877,1.13,1.13
2013.01.02 06:04:05.582,1.55825,1.55877,1.50,1.13
2013.01.02 06:04:09.492,1.55822,1.55878,1.50,1.13
2013.01.02 06:04:09.712,1.55823,1.55878,1.50,1.13
2013.01.02 06:04:10.313,1.55824,1.55878,1.50,1.13
2013.01.02 06:04:10.496,1.55818,1.55878,2.25,1.13
2013.01.02 06:04:10.741,1.55824,1.55878,1.50,1.13
2013.01.02 06:04:11.632,1.55824,1.55879,2.25,1.50
2013.01.02 06:04:12.010,1.55826,1.55887,2.25,2.25
2013.01.02 06:04:16.251,1.55826,1.55887,1.50,2.25
2013.01.02 06:04:20.982,1.55826,1.55887,1.50,2.25
2013.01.02 06:04:21.790,1.55827,1.55887,1.50,2.25
2013.01.02 06:04:21.901,1.55827,1.55887,2.25,2.25
2013.01.02 06:04:22.020,1.55827,1.55887,2.25,2.25
2013.01.02 06:04:22.290,1.55827,1.55887,2.25,2.25
2013.01.02 06:04:26.304,1.55827,1.55887,2.25,2.25
2013.01.02 06:04:26.541,1.55826,1.55887,2.25,2.25
2013.01.02 06:04:27.112,1.55826,1.55887,2.25,2.25
2013.01.02 06:04:30.262,1.55826,1.55887,2.25,2.25
2013.01.02 06:04:30.861,1.55826,1.55887,2.25,2.25
2013.01.02 06:04:35.621,1.5582,1.55888,2.25,2.25
2013.01.02 06:04:36.023,1.55828,1.55888,1.50,2.25
2013.01.02 06:04:40.274,1.5582,1.55888,2.63,2.25
2013.01.02 06:04:40.331,1.5582,1.55888,2.63,2.25
2013.01.02 06:04:41.230,1.55826,1.55888,1.50,2.25
2013.01.02 06:04:47.811,1.5582,1.55888,2.63,2.25
2013.01.02 06:04:48.251,1.55828,1.55888,1.50,2.25
2013.01.02 06:04:48.733,1.55828,1.55888,1.50,2.25
2013.01.02 06:04:49.613,1.5583,1.55888,1.50,2.25
2013.01.02 06:04:49.871,1.55824,1.55888,1.13,2.25
2013.01.02 06:04:50.171,1.55825,1.55888,1.50,2.25
2013.01.02 06:04:50.674,1.55826,1.55878,1.50,1.13
2013.01.02 06:04:50.898,1.55829,1.55888,1.50,2.25
2013.01.02 06:04:51.021,1.5583,1.55888,1.50,2.25
2013.01.02 06:04:51.262,1.5583,1.55888,1.50,2.25
2013.01.02 06:04:53.581,1.55828,1.55888,1.50,2.25
2013.01.02 06:04:53.882,1.55822,1.55888,2.63,2.25
2013.01.02 06:04:54.011,1.55827,1.55888,1.50,2.25
2013.01.02 06:04:54.616,1.55826,1.55888,1.50,2.25
2013.01.02 06:04:55.297,1.55827,1.55888,1.50,2.25
2013.01.02 06:04:55.932,1.55827,1.55872,1.50,1.13
2013.01.02 06:04:56.052,1.55807,1.55865,1.13,1.88
2013.01.02 06:04:56.171,1.55807,1.55861,1.13,1.50
2013.01.02 06:04:56.701,1.55804,1.55865,1.13,1.88
2013.01.02 06:04:56.761,1.55803,1.55862,1.13,1.13
2013.01.02 06:04:58.081,1.55805,1.55862,1.50,1.13
2013.01.02 06:04:58.263,1.55805,1.55862,1.69,1.13
2013.01.02 06:04:58.652,1.55805,1.55862,1.69,1.13
2013.01.02 06:04:59.162,1.55805,1.55862,1.69,1.13
2013.01.02 06:04:59.272,1.55805,1.55862,1.69,1.13
2013.01.02 06:05:05.021,1.55805,1.55862,1.69,1.13
2013.01.02 06:05:05.531,1.55805,1.55862,2.44,1.13
2013.01.02 06:05:05.751,1.55806,1.55862,1.13,1.50
2013.01.02 06:05:05.871,1.55806,1.55859,1.13,2.25
2013.01.02 06:05:06.202,1.55797,1.55857,1.91,1.88
2013.01.02 06:05:06.276,1.5579,1.5585,2.44,1.50
2013.01.02 06:05:15.135,1.5579,1.55849,1.69,1.13
2013.01.02 06:05:15.673,1.5579,1.55844,1.69,1.13
2013.01.02 06:05:16.149,1.5579,1.55844,2.44,1.13
2013.01.02 06:05:16.451,1.55797,1.55859,1.50,1.97
2013.01.02 06:05:16.881,1.55797,1.55855,2.25,1.13
2013.01.02 06:05:20.273,1.55797,1.55855,2.25,1.13
2013.01.02 06:05:20.331,1.55797,1.55854,2.63,1.13
2013.01.02 06:05:20.512,1.55793,1.55848,2.25,1.50
2013.01.02 06:05:20.632,1.5579,1.55848,1.13,1.50
2013.01.02 06:05:20.714,1.55788,1.55845,3.00,1.50
2013.01.02 06:05:21.382,1.55787,1.55846,1.50,1.50
2013.01.02 06:05:21.743,1.5578,1.55845,2.70,1.88
2013.01.02 06:05:21.998,1.55777,1.5584,1.50,1.50
2013.01.02 06:05:22.155,1.55774,1.5584,2.25,2.25
2013.01.02 06:05:22.341,1.55774,1.5584,2.25,1.50
2013.01.02 06:05:22.425,1.55774,1.5584,2.25,2.25
2013.01.02 06:05:22.492,1.55774,1.5584,1.50,2.25
2013.01.02 06:05:22.551,1.55774,1.5584,1.50,1.50
2013.01.02 06:05:22.671,1.55774,1.5584,1.50,2.25
2013.01.02 06:05:22.791,1.55774,1.5584,1.50,1.50
2013.01.02 06:05:23.332,1.55774,1.5584,1.50,3.00
2013.01.02 06:05:23.683,1.55774,1.5584,1.50,2.25
2013.01.02 06:05:25.001,1.55772,1.55834,1.50,1.50
2013.01.02 06:05:25.061,1.55768,1.55834,1.50,1.50
2013.01.02 06:05:25.601,1.55768,1.55834,1.50,1.50
2013.01.02 06:05:28.075,1.55768,1.55836,1.50,2.25
2013.01.02 06:05:31.311,1.55773,1.55835,1.50,1.50
2013.01.02 06:05:31.878,1.55773,1.55835,1.50,1.50
2013.01.02 06:05:32.191,1.55773,1.55834,1.50,1.50
2013.01.02 06:05:34.111,1.55773,1.55835,1.50,2.25
2013.01.02 06:05:38.431,1.55773,1.55838,1.50,1.50
2013.01.02 06:05:38.600,1.55773,1.55839,2.25,1.50
2013.01.02 06:05:39.095,1.55778,1.55839,1.50,1.50
2013.01.02 06:05:46.961,1.55778,1.55835,1.50,1.50
2013.01.02 06:05:48.316,1.55778,1.55834,2.25,1.50
2013.01.02 06:05:50.481,1.55778,1.55835,1.50,1.88
2013.01.02 06:05:51.031,1.55778,1.55834,1.50,1.50
2013.01.02 06:05:55.481,1.55778,1.55835,1.50,1.50
2013.01.02 06:05:55.563,1.55778,1.55838,1.50,2.25
2013.01.02 06:05:55.742,1.55778,1.55843,1.88,1.50
2013.01.02 06:05:55.952,1.55778,1.55843,1.50,1.50
2013.01.02 06:05:57.141,1.55775,1.55838,2.25,1.50
2013.01.02 06:05:57.201,1.55772,1.55838,1.50,2.25
2013.01.02 06:05:57.739,1.55772,1.55837,1.50,2.25
2013.01.02 06:06:04.103,1.55772,1.55836,1.88,2.25
2013.01.02 06:06:04.663,1.55772,1.55837,1.50,2.25
2013.01.02 06:06:06.232,1.55773,1.55837,1.50,2.25
2013.01.02 06:06:06.291,1.55776,1.55837,1.50,2.25
2013.01.02 06:06:06.762,1.55781,1.55837,1.50,2.25
2013.01.02 06:06:07.911,1.55781,1.55848,1.50,2.63
2013.01.02 06:06:08.110,1.55781,1.55848,1.50,2.63
2013.01.02 06:06:13.703,1.55781,1.55846,1.50,1.50
2013.01.02 06:06:14.242,1.55781,1.55846,1.50,1.50
2013.01.02 06:06:14.622,1.55774,1.55837,1.50,2.25
2013.01.02 06:06:14.681,1.55771,1.55837,1.50,2.25
2013.01.02 06:06:14.801,1.55775,1.55839,1.50,2.25
2013.01.02 06:06:14.981,1.55773,1.55836,1.50,2.25
2013.01.02 06:06:15.041,1.5577,1.55836,1.50,2.25
2013.01.02 06:06:15.351,1.55768,1.55828,1.50,1.88
2013.01.02 06:06:15.411,1.55763,1.55827,1.50,1.13
2013.01.02 06:06:18.771,1.55763,1.55828,1.50,1.50
2013.01.02 06:06:19.751,1.55763,1.55827,1.50,1.13
2013.01.02 06:06:24.292,1.55763,1.55827,1.50,1.13
2013.01.02 06:06:25.271,1.55763,1.55831,1.50,2.25
2013.01.02 06:06:27.012,1.55763,1.55831,1.50,2.25
2013.01.02 06:06:29.012,1.55763,1.55831,1.50,1.88
2013.01.02 06:06:29.664,1.55763,1.55831,1.50,2.25
2013.01.02 06:06:34.541,1.55758,1.55825,1.50,1.50
2013.01.02 06:06:37.742,1.55758,1.55825,1.50,1.50
2013.01.02 06:06:38.251,1.55758,1.55823,1.50,2.25
2013.01.02 06:06:38.311,1.55758,1.55817,1.50,1.50
2013.01.02 06:06:39.036,1.55758,1.55825,1.50,1.50
2013.01.02 06:06:45.189,1.55758,1.55822,1.50,2.25
2013.01.02 06:06:50.532,1.55758,1.55823,1.50,2.25
2013.01.02 06:06:52.812,1.55758,1.55822,1.50,1.50
2013.01.02 06:06:53.661,1.55763,1.55822,1.50,1.50
2013.01.02 06:06:58.671,1.55763,1.55821,1.50,1.50
2013.01.02 06:06:59.429,1.55763,1.55822,1.50,1.50
2013.01.02 06:07:00.601,1.55763,1.55821,1.50,1.88
2013.01.02 06:07:01.110,1.55763,1.55822,1.50,1.50
2013.01.02 06:07:05.396,1.55759,1.55822,1.50,1.50
2013.01.02 06:07:08.672,1.55759,1.55812,1.50,1.13
2013.01.02 06:07:08.732,1.55747,1.55812,1.50,2.63
2013.01.02 06:07:08.792,1.55749,1.55808,1.50,1.50
2013.01.02 06:07:09.173,1.55752,1.55812,1.50,1.50
2013.01.02 06:07:09.364,1.55752,1.55814,2.25,1.50
2013.01.02 06:07:09.433,1.55752,1.55812,2.25,1.50
2013.01.02 06:07:10.102,1.55746,1.55809,1.50,1.50
2013.01.02 06:07:10.462,1.55746,1.55806,1.50,1.50
2013.01.02 06:07:10.897,1.55743,1.55802,2.25,1.50
2013.01.02 06:07:11.492,1.55743,1.55801,2.25,1.50
2013.01.02 06:07:12.082,1.55744,1.55804,1.50,1.50
2013.01.02 06:07:13.692,1.55747,1.55804,1.50,1.50
2013.01.02 06:07:14.261,1.55748,1.55803,1.50,1.88
2013.01.02 06:07:15.441,1.55748,1.55803,1.50,2.63
2013.01.02 06:07:15.956,1.55747,1.55802,1.50,1.13
2013.01.02 06:07:19.276,1.55748,1.55803,1.50,2.25
2013.01.02 06:07:22.442,1.5575,1.55806,1.50,2.25
2013.01.02 06:07:22.501,1.55746,1.55806,1.50,2.25
2013.01.02 06:07:23.139,1.55746,1.55806,1.50,2.25
2013.01.02 06:07:23.245,1.55746,1.55806,1.50,1.88
2013.01.02 06:07:23.371,1.55743,1.55805,1.88,1.88
2013.01.02 06:07:23.710,1.55746,1.55806,1.50,1.88
2013.01.02 06:07:26.854,1.55746,1.55806,1.50,1.88
2013.01.02 06:07:31.511,1.5574,1.55806,2.63,1.88
2013.01.02 06:07:32.071,1.55746,1.55806,1.50,1.88
2013.01.02 06:07:33.163,1.5574,1.55806,2.25,1.88
2013.01.02 06:07:33.763,1.5574,1.55806,2.25,1.88
2013.01.02 06:07:34.968,1.5574,1.55807,2.25,2.25
2013.01.02 06:07:35.173,1.5574,1.55802,1.50,1.88
2013.01.02 06:07:35.472,1.55735,1.55803,1.50,2.25
2013.01.02 06:07:36.120,1.55735,1.55803,1.50,2.25
2013.01.02 06:07:41.802,1.55735,1.55793,1.50,1.50
2013.01.02 06:07:42.153,1.55735,1.55791,1.50,1.50
2013.01.02 06:07:42.712,1.55735,1.55797,1.50,1.88
2013.01.02 06:07:45.273,1.55735,1.55803,2.25,2.25
2013.01.02 06:07:45.691,1.55737,1.55799,2.25,1.13
2013.01.02 06:07:45.842,1.5574,1.55799,1.50,1.13
2013.01.02 06:07:46.682,1.5574,1.55804,1.50,1.13
2013.01.02 06:07:51.821,1.5574,1.55804,1.50,1.88
2013.01.02 06:07:52.312,1.55735,1.558,3.00,1.88
2013.01.02 06:07:54.686,1.55735,1.55801,3.00,1.88
2013.01.02 06:07:55.291,1.55735,1.55801,3.00,2.25
2013.01.02 06:08:00.683,1.55737,1.55801,1.13,2.25
2013.01.02 06:08:00.902,1.55737,1.55801,1.50,2.25
2013.01.02 06:08:01.493,1.55737,1.55801,1.13,2.25
2013.01.02 06:08:02.113,1.55736,1.55799,1.50,1.88
2013.01.02 06:08:03.442,1.55735,1.55801,2.25,2.25
2013.01.02 06:08:07.542,1.55735,1.558,2.25,2.25
2013.01.02 06:08:08.332,1.55735,1.55798,2.25,1.88
2013.01.02 06:08:09.133,1.55735,1.55801,2.25,2.25
2013.01.02 06:08:09.702,1.55735,1.55801,2.25,2.25
2013.01.02 06:08:10.544,1.55735,1.55801,2.25,2.25
2013.01.02 06:08:13.322,1.55734,1.55801,3.00,2.25
2013.01.02 06:08:18.012,1.55734,1.55799,3.00,2.25
2013.01.02 06:08:18.522,1.55734,1.55801,3.00,2.25
2013.01.02 06:08:19.057,1.55734,1.55801,3.00,2.25
2013.01.02 06:08:19.532,1.55734,1.55801,3.00,1.88
2013.01.02 06:08:20.063,1.55735,1.55801,1.50,2.25
2013.01.02 06:08:21.791,1.55734,1.55801,2.25,2.25
2013.01.02 06:08:22.271,1.55739,1.558,1.88,1.88
2013.01.02 06:08:23.242,1.55739,1.55805,1.88,3.04
2013.01.02 06:08:23.777,1.55744,1.55795,1.13,1.88
2013.01.02 06:08:25.731,1.55739,1.55796,1.88,1.88
2013.01.02 06:08:25.851,1.55734,1.55795,1.88,1.50
2013.01.02 06:08:26.192,1.55734,1.55795,2.25,1.50
2013.01.02 06:08:30.361,1.55734,1.55796,1.88,1.88
2013.01.02 06:08:30.566,1.55734,1.55796,2.25,1.88
2013.01.02 06:08:32.301,1.55734,1.55796,2.63,1.88
2013.01.02 06:08:32.642,1.55734,1.55796,2.63,1.88
2013.01.02 06:08:33.722,1.55734,1.55796,2.63,1.88
2013.01.02 06:08:35.631,1.55742,1.55798,1.13,1.88
2013.01.02 06:08:35.973,1.55743,1.55797,1.13,1.88
2013.01.02 06:08:36.402,1.55741,1.55798,1.50,1.88
2013.01.02 06:08:37.021,1.55741,1.55798,1.50,1.88
2013.01.02 06:08:37.528,1.55741,1.55798,1.50,1.88
2013.01.02 06:08:37.942,1.55742,1.55797,1.50,1.50
2013.01.02 06:08:38.122,1.55744,1.55811,1.50,2.63
2013.01.02 06:08:38.363,1.55744,1.55802,1.50,1.50
2013.01.02 06:08:41.672,1.55744,1.55802,1.50,1.50
2013.01.02 06:08:41.798,1.55745,1.55802,1.13,1.50
2013.01.02 06:08:42.451,1.55744,1.55802,1.50,1.50
2013.01.02 06:08:43.722,1.55743,1.55802,2.25,1.50
2013.01.02 06:08:48.522,1.55743,1.55803,2.25,1.88
2013.01.02 06:08:54.022,1.55743,1.55803,3.00,1.88
2013.01.02 06:08:54.081,1.55743,1.55803,2.63,1.88
2013.01.02 06:08:57.253,1.55743,1.55803,3.00,1.88
2013.01.02 06:09:17.333,1.55744,1.55803,1.13,1.88
2013.01.02 06:09:17.662,1.55744,1.55802,1.13,1.50
2013.01.02 06:09:18.842,1.55744,1.55809,1.13,2.25
2013.01.02 06:09:20.436,1.55744,1.55802,1.13,1.50
2013.01.02 06:09:20.561,1.5574,1.55802,1.88,2.25
2013.01.02 06:09:21.309,1.5574,1.55803,1.88,2.25
2013.01.02 06:09:30.423,1.5574,1.55803,1.88,2.25
2013.01.02 06:09:30.972,1.5574,1.55802,1.88,2.25
2013.01.02 06:09:32.102,1.5574,1.55803,1.88,2.25
2013.01.02 06:09:33.832,1.5574,1.55805,1.88,2.25
2013.01.02 06:09:38.223,1.55747,1.55807,1.50,2.25
2013.01.02 06:09:46.465,1.55747,1.55799,1.50,1.13
2013.01.02 06:09:46.819,1.55747,1.55799,1.50,1.50
2013.01.02 06:09:47.363,1.55745,1.558,1.88,1.50
2013.01.02 06:09:48.400,1.55745,1.558,1.50,1.50
2013.01.02 06:09:48.607,1.5574,1.558,1.88,1.50
2013.01.02 06:09:50.723,1.5574,1.558,1.88,1.50
2013.01.02 06:09:50.782,1.55741,1.558,1.88,1.50
2013.01.02 06:09:51.499,1.5574,1.558,1.88,1.50
2013.01.02 06:09:52.021,1.55743,1.55797,1.50,1.13
2013.01.02 06:09:52.821,1.55743,1.55797,1.50,1.13
2013.01.02 06:09:54.881,1.55744,1.55797,1.88,1.13
2013.01.02 06:09:59.401,1.55743,1.55797,1.50,1.13
2013.01.02 06:10:03.301,1.55744,1.55797,1.88,1.13
2013.01.02 06:10:07.221,1.55744,1.55793,1.88,1.13
2013.01.02 06:10:07.581,1.55736,1.55793,1.88,1.13
2013.01.02 06:10:10.351,1.5574,1.55793,1.50,1.13
2013.01.02 06:10:10.943,1.55736,1.55793,1.88,1.13
2013.01.02 06:10:11.640,1.55736,1.55793,1.88,1.13
2013.01.02 06:10:12.146,1.55736,1.55793,1.88,1.13
2013.01.02 06:10:12.962,1.55736,1.55793,1.88,1.13
2013.01.02 06:10:13.463,1.55736,1.55793,1.88,1.13
2013.01.02 06:10:14.072,1.55736,1.55793,1.88,1.13
2013.01.02 06:10:14.670,1.55736,1.55793,1.88,1.13
2013.01.02 06:10:15.233,1.55736,1.55793,1.88,1.13
2013.01.02 06:10:16.117,1.5574,1.55793,1.50,1.13
2013.01.02 06:10:16.186,1.55738,1.55794,1.88,1.88
2013.01.02 06:10:16.572,1.55738,1.55788,1.88,1.13
2013.01.02 06:10:16.891,1.5574,1.5579,1.50,1.13
2013.01.02 06:10:17.403,1.55739,1.55786,1.50,1.13
2013.01.02 06:10:17.763,1.55722,1.55783,2.25,1.50
2013.01.02 06:10:21.282,1.55722,1.55778,2.25,1.13
2013.01.02 06:10:23.552,1.55727,1.55775,2.25,1.13
2013.01.02 06:10:24.053,1.55727,1.55777,1.88,1.13
2013.01.02 06:10:26.224,1.55727,1.5578,1.88,1.13
2013.01.02 06:10:26.281,1.55727,1.5578,1.88,1.13
2013.01.02 06:10:30.232,1.55728,1.5578,1.13,1.13
2013.01.02 06:10:30.882,1.55727,1.55782,1.88,1.13
2013.01.02 06:10:31.773,1.55727,1.55784,1.88,1.13
2013.01.02 06:10:40.532,1.55727,1.55782,1.88,1.13
2013.01.02 06:10:40.591,1.55729,1.55782,1.13,1.88
2013.01.02 06:10:41.423,1.55727,1.55783,1.88,1.13
2013.01.02 06:10:42.171,1.55727,1.55783,1.88,1.13
2013.01.02 06:10:42.946,1.55727,1.55781,1.88,1.13
2013.01.02 06:10:43.675,1.55722,1.55781,1.88,1.13
2013.01.02 06:10:43.851,1.55716,1.55779,1.88,1.13
2013.01.02 06:10:44.031,1.55716,1.55777,2.25,2.25
2013.01.02 06:10:44.182,1.55716,1.55773,2.25,2.25
2013.01.02 06:10:44.893,1.55713,1.55764,1.13,1.50
2013.01.02 06:10:45.692,1.55716,1.55766,1.13,1.13
2013.01.02 06:10:48.732,1.55715,1.55764,1.13,1.13
2013.01.02 06:10:49.091,1.55713,1.55761,1.13,1.50
2013.01.02 06:10:49.151,1.55713,1.55768,1.13,1.88
2013.01.02 06:10:49.211,1.55709,1.55768,1.88,2.63
2013.01.02 06:10:49.391,1.55711,1.55769,2.25,2.25
2013.01.02 06:10:49.953,1.55711,1.55764,2.25,1.13
2013.01.02 06:10:53.033,1.55711,1.5577,2.25,2.25
2013.01.02 06:10:57.051,1.55711,1.55767,2.25,1.13
2013.01.02 06:10:57.123,1.55711,1.55769,2.25,1.13
2013.01.02 06:10:57.302,1.55719,1.55769,1.13,1.13
2013.01.02 06:10:57.561,1.5572,1.5577,1.13,1.13
2013.01.02 06:10:57.691,1.55716,1.5577,2.25,1.13
2013.01.02 06:11:06.158,1.55721,1.55777,1.50,1.13
2013.01.02 06:11:06.381,1.55723,1.55779,1.13,1.13
2013.01.02 06:11:06.482,1.55724,1.55779,1.13,1.13
2013.01.02 06:11:12.089,1.5572,1.55779,1.50,1.13
2013.01.02 06:11:12.391,1.55716,1.55779,3.00,1.13
2013.01.02 06:11:14.003,1.55716,1.55779,3.00,1.13
2013.01.02 06:11:14.251,1.55728,1.55783,1.50,1.13
2013.01.02 06:11:14.311,1.55728,1.55783,1.88,1.13
2013.01.02 06:11:14.814,1.55728,1.55783,1.88,1.13
2013.01.02 06:11:15.172,1.55716,1.55781,2.63,1.13
2013.01.02 06:11:15.524,1.55712,1.55778,1.88,1.58
2013.01.02 06:11:15.897,1.55712,1.55771,2.25,1.13
2013.01.02 06:11:17.247,1.55712,1.5577,2.25,1.13
2013.01.02 06:11:18.092,1.55712,1.5577,2.25,1.13
2013.01.02 06:11:20.041,1.55712,1.55769,2.25,1.13
2013.01.02 06:11:23.784,1.55712,1.55769,2.25,1.13
2013.01.02 06:11:24.006,1.55712,1.55769,2.25,1.13
2013.01.02 06:11:24.663,1.55719,1.55766,1.13,1.13
2013.01.02 06:11:25.372,1.55712,1.55765,3.00,1.13
2013.01.02 06:11:25.659,1.55712,1.55765,3.00,1.13
2013.01.02 06:11:26.302,1.55711,1.55766,1.50,1.13
2013.01.02 06:11:26.732,1.55711,1.55766,1.50,1.13
2013.01.02 06:11:26.932,1.55711,1.55766,1.50,1.13
2013.01.02 06:11:29.124,1.55711,1.55766,1.50,1.13
2013.01.02 06:11:30.344,1.55711,1.55766,1.50,1.13
2013.01.02 06:11:30.731,1.55711,1.55766,1.50,1.13
2013.01.02 06:11:31.642,1.55712,1.55763,1.50,1.13
2013.01.02 06:11:32.455,1.55712,1.55763,1.50,1.13
2013.01.02 06:11:32.673,1.55711,1.55765,1.50,1.13
2013.01.02 06:11:33.457,1.55711,1.55765,1.50,1.13
2013.01.02 06:11:34.032,1.5573,1.55767,1.50,1.13
2013.01.02 06:11:34.091,1.5573,1.55767,1.50,1.13
2013.01.02 06:11:34.151,1.55713,1.55767,1.13,1.13
2013.01.02 06:11:34.273,1.55717,1.55767,2.25,1.13
2013.01.02 06:11:34.513,1.55716,1.5577,2.25,1.13
2013.01.02 06:11:35.812,1.5571,1.55769,2.25,1.13
2013.01.02 06:11:35.932,1.55712,1.55759,1.50,1.13
2013.01.02 06:11:36.052,1.55703,1.55754,1.50,1.13
2013.01.02 06:11:36.291,1.55703,1.55754,1.50,1.13
2013.01.02 06:11:36.562,1.55697,1.55754,2.25,1.13
2013.01.02 06:11:37.782,1.55697,1.55754,2.25,1.13
2013.01.02 06:11:38.123,1.55697,1.55754,2.25,1.13
2013.01.02 06:11:39.163,1.55697,1.55754,2.25,1.13
2013.01.02 06:11:39.493,1.55697,1.55754,2.25,1.13
2013.01.02 06:11:41.462,1.55697,1.55754,2.25,1.13
2013.01.02 06:11:41.944,1.55697,1.55754,2.25,1.13
2013.01.02 06:11:45.301,1.55698,1.55752,1.50,1.13
2013.01.02 06:11:45.692,1.55701,1.55752,2.25,1.13
2013.01.02 06:11:46.001,1.557,1.55752,2.25,1.13
2013.01.02 06:11:46.653,1.55698,1.55752,1.50,1.13
2013.01.02 06:11:47.992,1.55698,1.55752,1.50,1.13
2013.01.02 06:11:48.482,1.55696,1.55754,2.25,1.13
2013.01.02 06:11:50.212,1.55696,1.55748,2.25,1.13
2013.01.02 06:11:51.411,1.55691,1.55743,2.25,1.88
2013.01.02 06:11:51.684,1.55691,1.55743,2.25,1.13
2013.01.02 06:11:53.592,1.55691,1.55743,2.25,1.13
2013.01.02 06:11:55.762,1.55691,1.55737,2.25,1.13
2013.01.02 06:12:00.952,1.55691,1.55743,2.25,1.13
2013.01.02 06:12:01.252,1.55691,1.55748,2.25,1.13
2013.01.02 06:12:03.149,1.55691,1.55748,2.25,1.13
2013.01.02 06:12:03.591,1.55691,1.55747,2.25,1.13
2013.01.02 06:12:03.857,1.55691,1.55747,2.25,1.13
2013.01.02 06:12:04.532,1.55691,1.55747,2.25,1.13
2013.01.02 06:12:05.893,1.55694,1.5575,1.50,1.13
2013.01.02 06:12:06.312,1.55691,1.55751,2.63,1.13
2013.01.02 06:12:06.614,1.55691,1.55755,2.25,1.13
2013.01.02 06:12:07.781,1.55691,1.55754,2.63,1.13
2013.01.02 06:12:07.931,1.55691,1.55754,2.63,1.13
2013.01.02 06:12:08.262,1.55691,1.5576,2.25,2.25
2013.01.02 06:12:08.443,1.55691,1.55745,1.50,3.75
2013.01.02 06:12:08.562,1.55691,1.5576,1.50,2.48
2013.01.02 06:12:09.065,1.55678,1.55739,1.13,1.88
2013.01.02 06:12:09.121,1.55675,1.55739,1.50,1.88
2013.01.02 06:12:09.181,1.55679,1.55739,1.13,1.88
2013.01.02 06:12:09.361,1.55668,1.5573,1.73,1.88
2013.01.02 06:12:09.422,1.55668,1.55722,1.35,1.13
2013.01.02 06:12:09.728,1.55659,1.55706,1.36,1.50
2013.01.02 06:12:10.031,1.55649,1.55682,1.06,1.50
2013.01.02 06:12:10.401,1.55649,1.55679,1.06,1.50
2013.01.02 06:12:10.582,1.55649,1.55685,1.06,1.50
2013.01.02 06:12:10.641,1.55649,1.55696,1.06,1.50
2013.01.02 06:12:10.701,1.55649,1.55697,1.06,1.13
2013.01.02 06:12:10.821,1.55649,1.55708,1.06,1.50
2013.01.02 06:12:11.192,1.55649,1.5571,1.06,2.63
2013.01.02 06:12:11.512,1.55649,1.55709,1.06,1.13
2013.01.02 06:12:11.603,1.55649,1.5571,1.06,1.88
2013.01.02 06:12:11.836,1.55649,1.5571,1.06,2.63
2013.01.02 06:12:12.171,1.55649,1.5571,1.06,2.25
2013.01.02 06:12:12.521,1.55636,1.55701,2.63,1.13
2013.01.02 06:12:12.581,1.55641,1.55701,1.50,1.13
2013.01.02 06:12:12.701,1.55636,1.55701,2.63,1.13
2013.01.02 06:12:12.762,1.55636,1.55708,2.63,2.25
2013.01.02 06:12:13.027,1.55636,1.55708,2.63,2.25
2013.01.02 06:12:13.162,1.55636,1.55701,2.63,1.13
2013.01.02 06:12:13.481,1.55636,1.55701,2.63,1.13
2013.01.02 06:12:13.821,1.55636,1.55701,2.63,1.13
2013.01.02 06:12:15.335,1.55636,1.55701,2.63,1.13
2013.01.02 06:12:15.971,1.55637,1.55701,1.13,1.13
2013.01.02 06:12:16.203,1.55637,1.55701,1.13,1.13
2013.01.02 06:12:16.759,1.55641,1.557,1.13,1.13
2013.01.02 06:12:18.171,1.55643,1.557,1.13,1.13
2013.01.02 06:12:18.732,1.55644,1.55713,1.13,1.13
2013.01.02 06:12:18.852,1.55647,1.55704,1.13,2.63
2013.01.02 06:12:18.911,1.55648,1.55704,1.13,2.63
2013.01.02 06:12:19.162,1.55645,1.55717,1.13,1.13
2013.01.02 06:12:20.132,1.55646,1.55718,1.50,1.13
2013.01.02 06:12:20.932,1.55642,1.55716,1.50,3.00
2013.01.02 06:12:21.227,1.55638,1.55716,1.13,3.00
2013.01.02 06:12:22.561,1.55642,1.55706,1.50,1.13
2013.01.02 06:12:22.961,1.55632,1.55706,2.48,1.13
2013.01.02 06:12:24.492,1.55632,1.55707,2.48,1.13
2013.01.02 06:12:24.638,1.5564,1.55709,1.88,1.50
2013.01.02 06:12:27.912,1.5564,1.55709,2.10,1.50
2013.01.02 06:12:28.273,1.55651,1.55719,2.25,1.13
2013.01.02 06:12:28.672,1.55651,1.55719,2.25,1.13
2013.01.02 06:12:29.232,1.55657,1.55708,1.50,1.50
2013.01.02 06:12:29.352,1.5565,1.55707,1.13,1.50
2013.01.02 06:12:29.532,1.55639,1.55707,2.25,1.88
2013.01.02 06:12:29.851,1.55639,1.55707,1.88,2.25
2013.01.02 06:12:30.222,1.55639,1.55703,1.88,1.13
2013.01.02 06:12:30.293,1.55641,1.55701,1.50,1.13
2013.01.02 06:12:30.412,1.55639,1.557,1.50,1.13
2013.01.02 06:12:30.632,1.55639,1.557,1.88,1.13
2013.01.02 06:12:31.283,1.55639,1.55701,1.88,1.13
2013.01.02 06:12:31.831,1.55639,1.55707,2.63,2.25
2013.01.02 06:12:31.893,1.55639,1.55707,2.63,2.25
2013.01.02 06:12:32.710,1.55639,1.55707,1.88,2.25
2013.01.02 06:12:35.942,1.55652,1.55707,1.50,1.88
2013.01.02 06:12:36.243,1.55661,1.55726,1.88,1.50
2013.01.02 06:12:37.034,1.55661,1.55722,1.88,1.50
2013.01.02 06:12:37.762,1.55661,1.55723,2.25,1.50
2013.01.02 06:12:37.961,1.55661,1.55721,1.88,1.50
2013.01.02 06:12:38.367,1.55655,1.55718,2.25,1.50
2013.01.02 06:12:38.682,1.55656,1.55694,1.88,1.50
2013.01.02 06:12:38.802,1.55656,1.55705,1.50,1.13
2013.01.02 06:12:38.982,1.55656,1.55705,1.50,1.50
2013.01.02 06:12:39.102,1.55638,1.55706,1.88,2.25
2013.01.02 06:12:39.477,1.55638,1.557,1.88,1.50
2013.01.02 06:12:39.980,1.55638,1.55706,1.88,1.88
2013.01.02 06:12:40.700,1.55638,1.55706,1.88,2.25
2013.01.02 06:12:41.031,1.55638,1.55706,1.88,2.25
2013.01.02 06:12:41.092,1.55638,1.55706,1.50,2.25
2013.01.02 06:12:41.352,1.55638,1.55706,1.88,2.25
2013.01.02 06:12:41.712,1.55652,1.55702,1.13,1.13
2013.01.02 06:12:41.772,1.55652,1.55708,1.13,1.88
2013.01.02 06:12:43.982,1.55652,1.55708,1.13,1.88
2013.01.02 06:12:44.533,1.55655,1.55708,1.13,1.88
2013.01.02 06:12:45.361,1.55653,1.55708,1.13,1.88
2013.01.02 06:12:46.133,1.55653,1.55708,1.13,1.88
2013.01.02 06:12:51.085,1.55657,1.55708,1.13,1.88
2013.01.02 06:12:51.232,1.55656,1.55708,1.13,1.88
2013.01.02 06:12:51.443,1.55656,1.55707,1.13,1.50
2013.01.02 06:12:52.321,1.55657,1.55707,1.13,1.50
2013.01.02 06:12:52.863,1.55662,1.55711,1.13,1.50
2013.01.02 06:12:53.622,1.55662,1.55716,1.13,2.63
2013.01.02 06:12:54.503,1.55662,1.55716,1.13,1.13
2013.01.02 06:12:56.752,1.5566,1.55716,1.13,1.13
2013.01.02 06:12:57.042,1.55662,1.55716,1.13,1.13
2013.01.02 06:12:57.573,1.5566,1.55719,1.13,1.88
2013.01.02 06:13:02.791,1.55654,1.55719,1.88,2.25
2013.01.02 06:13:03.844,1.55654,1.55718,1.88,1.88
2013.01.02 06:13:05.723,1.55665,1.55718,1.13,1.88
2013.01.02 06:13:10.173,1.55656,1.55718,1.13,1.88
2013.01.02 06:13:12.132,1.55654,1.55718,1.88,1.88
2013.01.02 06:13:13.040,1.55654,1.55716,1.88,1.88
2013.01.02 06:13:14.565,1.55658,1.55716,1.13,1.88
2013.01.02 06:13:14.622,1.55658,1.55716,1.13,1.88
2013.01.02 06:13:14.931,1.55654,1.55716,1.88,1.88
2013.01.02 06:13:15.743,1.55654,1.55716,1.88,1.88
2013.01.02 06:13:16.522,1.55654,1.55716,1.88,1.88
2013.01.02 06:13:19.982,1.55654,1.55717,1.50,1.88
2013.01.02 06:13:20.371,1.55654,1.55713,1.88,1.50
2013.01.02 06:13:21.861,1.55654,1.55713,1.88,1.50
2013.01.02 06:13:23.347,1.55654,1.55713,1.88,1.50
2013.01.02 06:13:23.472,1.55654,1.55714,1.88,1.88
2013.01.02 06:13:28.183,1.55654,1.55714,1.88,1.88
2013.01.02 06:13:29.142,1.55666,1.55714,2.25,1.50
2013.01.02 06:13:29.202,1.55668,1.55729,1.13,1.50
2013.01.02 06:13:29.262,1.55666,1.55732,1.88,2.25
2013.01.02 06:13:29.393,1.55666,1.55732,1.88,2.25
2013.01.02 06:13:29.512,1.55666,1.55728,2.25,1.50
2013.01.02 06:13:30.023,1.55669,1.55728,1.88,1.50
2013.01.02 06:13:30.102,1.55669,1.55727,1.88,1.50
2013.01.02 06:13:30.552,1.55671,1.55728,1.50,1.50
2013.01.02 06:13:30.672,1.55671,1.55728,1.13,1.50
2013.01.02 06:13:31.013,1.55669,1.55727,2.63,1.50
2013.01.02 06:13:33.642,1.55669,1.55728,2.25,1.50
2013.01.02 06:13:34.173,1.55669,1.55728,2.25,1.50
2013.01.02 06:13:34.888,1.55669,1.55728,1.88,1.50
2013.01.02 06:13:36.462,1.55669,1.55727,2.25,1.50
2013.01.02 06:13:36.775,1.55672,1.55727,1.13,1.50
2013.01.02 06:13:37.782,1.55672,1.55728,1.50,1.50
2013.01.02 06:13:38.091,1.55673,1.55727,2.48,1.50
2013.01.02 06:13:46.252,1.55673,1.55728,1.35,1.88
2013.01.02 06:13:47.072,1.55673,1.55726,2.48,1.50
2013.01.02 06:13:47.354,1.55673,1.55726,1.88,1.50
2013.01.02 06:13:47.572,1.55671,1.55727,1.13,1.13
2013.01.02 06:13:47.692,1.55671,1.55737,1.13,1.13
2013.01.02 06:13:47.752,1.55671,1.55737,1.13,1.13
2013.01.02 06:13:48.002,1.55676,1.55737,1.50,1.88
2013.01.02 06:13:48.823,1.55676,1.55733,1.50,1.50
2013.01.02 06:13:49.793,1.55676,1.55738,1.50,1.13
2013.01.02 06:13:50.293,1.55676,1.55733,1.88,2.63
2013.01.02 06:13:50.412,1.55676,1.55735,1.50,1.13
2013.01.02 06:13:50.962,1.55676,1.55732,1.50,1.50
2013.01.02 06:13:51.802,1.55676,1.55733,1.50,1.50
2013.01.02 06:13:52.204,1.55676,1.55733,1.50,2.25
2013.01.02 06:13:52.443,1.55674,1.55732,1.50,1.50
2013.01.02 06:13:52.572,1.55674,1.55731,1.88,2.25
2013.01.02 06:13:52.633,1.55676,1.55734,2.25,1.50
2013.01.02 06:13:53.002,1.55676,1.55734,3.00,1.50
2013.01.02 06:13:53.122,1.55677,1.55731,1.50,1.50
2013.01.02 06:13:53.242,1.55671,1.5573,1.88,1.50
2013.01.02 06:13:53.422,1.55663,1.55728,1.13,1.50
2013.01.02 06:13:53.682,1.55663,1.55725,1.13,1.50
2013.01.02 06:13:54.032,1.55661,1.55724,1.50,1.50
2013.01.02 06:13:54.152,1.55667,1.55725,1.50,1.50
2013.01.02 06:13:54.512,1.55677,1.5573,1.50,1.50
2013.01.02 06:13:54.839,1.55683,1.55735,1.50,1.73
2013.01.02 06:13:55.142,1.5569,1.55734,2.25,1.50
2013.01.02 06:13:55.281,1.55692,1.55742,1.50,1.50
2013.01.02 06:13:55.347,1.55698,1.55742,1.50,1.50
2013.01.02 06:13:55.592,1.5569,1.55744,1.13,1.50
2013.01.02 06:13:55.772,1.55697,1.55744,1.50,1.50
2013.01.02 06:13:56.102,1.55697,1.5575,1.88,1.73
2013.01.02 06:13:56.162,1.55697,1.55748,1.50,1.50
2013.01.02 06:13:56.223,1.55692,1.55748,1.88,1.50
2013.01.02 06:13:57.076,1.55692,1.55745,1.50,1.50
2013.01.02 06:13:57.862,1.55692,1.55744,1.50,1.50
2013.01.02 06:13:58.872,1.55684,1.55745,2.25,1.50
2013.01.02 06:13:59.412,1.55684,1.55741,1.50,1.50
2013.01.02 06:14:00.473,1.55684,1.55741,2.25,1.50
2013.01.02 06:14:02.102,1.55684,1.55743,2.25,1.50
2013.01.02 06:14:02.221,1.55689,1.55742,2.25,1.50
2013.01.02 06:14:02.762,1.55686,1.55743,1.50,1.50
2013.01.02 06:14:03.313,1.55686,1.55742,1.50,1.50
2013.01.02 06:14:06.320,1.55686,1.55742,1.88,1.50
2013.01.02 06:14:06.443,1.55686,1.55742,1.50,1.50
2013.01.02 06:14:08.782,1.55686,1.55742,2.63,1.50
2013.01.02 06:14:09.123,1.55686,1.55742,2.25,1.50
2013.01.02 06:14:09.342,1.55686,1.55743,2.63,1.50
2013.01.02 06:14:09.632,1.55686,1.55743,2.25,1.50
2013.01.02 06:14:18.900,1.55684,1.55743,1.50,1.50
2013.01.02 06:14:18.993,1.55684,1.55743,1.13,1.50
2013.01.02 06:14:19.432,1.55684,1.55743,1.50,1.50
2013.01.02 06:14:20.163,1.55681,1.5574,2.25,1.50
2013.01.02 06:14:20.532,1.55657,1.55725,2.10,1.50
2013.01.02 06:14:20.608,1.55677,1.55731,1.50,1.50
2013.01.02 06:14:20.672,1.55677,1.55734,1.50,1.88
2013.01.02 06:14:20.733,1.55675,1.55731,1.50,1.50
2013.01.02 06:14:20.852,1.55664,1.55731,2.63,2.10
2013.01.02 06:14:21.092,1.55675,1.55739,1.50,1.13
2013.01.02 06:14:21.272,1.55665,1.5573,1.88,2.43
2013.01.02 06:14:21.392,1.5566,1.55721,2.25,1.13
2013.01.02 06:14:21.452,1.5567,1.55729,1.13,1.88
2013.01.02 06:14:21.752,1.55674,1.55728,1.88,1.50
2013.01.02 06:14:22.112,1.5568,1.55728,1.50,1.50
2013.01.02 06:14:22.472,1.5568,1.55719,1.50,1.50
2013.01.02 06:14:22.592,1.5568,1.55744,1.50,1.73
2013.01.02 06:14:22.712,1.55676,1.55732,1.88,2.25
2013.01.02 06:14:22.832,1.55666,1.5572,2.25,1.50
2013.01.02 06:14:23.322,1.55663,1.5572,2.25,2.25
2013.01.02 06:14:23.502,1.55664,1.5572,1.50,1.50
2013.01.02 06:14:23.623,1.55665,1.55733,1.50,1.88
2013.01.02 06:14:23.682,1.55665,1.55732,2.25,1.50
2013.01.02 06:14:23.742,1.55665,1.55732,2.25,2.25
2013.01.02 06:14:24.043,1.55671,1.55734,1.50,1.35
2013.01.02 06:14:24.292,1.5566,1.55718,1.50,1.50
2013.01.02 06:14:24.592,1.55666,1.55717,2.25,1.50
2013.01.02 06:14:24.892,1.55666,1.5572,1.50,1.50
2013.01.02 06:14:26.493,1.5567,1.5572,1.50,1.50
2013.01.02 06:14:26.773,1.55677,1.55731,1.50,1.73
2013.01.02 06:14:28.013,1.55678,1.55731,1.13,1.50
2013.01.02 06:14:28.228,1.55677,1.55733,2.25,1.50
2013.01.02 06:14:31.363,1.55677,1.55734,1.50,1.50
2013.01.02 06:14:33.232,1.55672,1.55734,2.25,1.50
2013.01.02 06:14:33.563,1.55672,1.5573,1.50,1.50
2013.01.02 06:14:35.512,1.55675,1.5573,1.50,1.50
2013.01.02 06:14:35.692,1.55678,1.55734,1.50,1.50
2013.01.02 06:14:44.563,1.55678,1.55734,1.50,1.73
2013.01.02 06:14:44.743,1.55675,1.55731,1.50,1.73
2013.01.02 06:14:44.804,1.55672,1.55731,1.50,1.50
2013.01.02 06:14:44.994,1.55672,1.5573,2.25,1.73
2013.01.02 06:14:45.323,1.55672,1.5573,1.88,1.73
2013.01.02 06:14:45.664,1.55672,1.55728,1.50,1.73
2013.01.02 06:14:46.563,1.55672,1.5573,1.50,1.50
2013.01.02 06:14:46.743,1.55677,1.55729,1.50,1.50
2013.01.02 06:14:46.863,1.55677,1.55732,1.50,1.50
2013.01.02 06:14:47.113,1.55672,1.55733,1.50,1.50
2013.01.02 06:14:48.793,1.55676,1.55733,1.50,1.50
2013.01.02 06:14:49.328,1.55677,1.55733,1.50,1.50
2013.01.02 06:14:55.573,1.55677,1.55732,1.50,1.50
2013.01.02 06:14:56.191,1.55677,1.55733,1.50,1.50
2013.01.02 06:14:59.744,1.55677,1.5573,1.50,1.50
2013.01.02 06:15:05.013,1.55672,1.5573,1.50,1.50
2013.01.02 06:15:07.984,1.55672,1.55729,1.50,1.50
2013.01.02 06:15:10.405,1.55672,1.5573,1.88,1.50
2013.01.02 06:15:10.625,1.55672,1.55729,1.50,1.50
2013.01.02 06:15:12.520,1.55672,1.55732,2.25,1.50
2013.01.02 06:15:13.106,1.55672,1.55737,1.50,1.50
2013.01.02 06:15:13.233,1.55672,1.55735,1.50,1.50
2013.01.02 06:15:15.228,1.55672,1.55734,1.50,1.50
2013.01.02 06:15:16.416,1.55672,1.55732,1.50,1.50
2013.01.02 06:15:18.042,1.5567,1.55732,1.50,1.50
2013.01.02 06:15:18.102,1.55666,1.55733,1.50,2.25
2013.01.02 06:15:18.783,1.55666,1.55732,1.50,1.50
2013.01.02 06:15:20.733,1.55666,1.55732,1.50,2.25
2013.01.02 06:15:21.042,1.55666,1.55732,1.50,1.50
2013.01.02 06:15:21.163,1.55666,1.55732,2.25,1.50
2013.01.02 06:15:21.584,1.55663,1.55729,2.25,2.25
2013.01.02 06:15:21.983,1.55663,1.55729,1.88,2.25
2013.01.02 06:15:22.323,1.55663,1.55729,1.50,2.25
2013.01.02 06:15:23.392,1.55663,1.55728,1.50,1.50
2013.01.02 06:15:27.091,1.55663,1.5572,2.25,1.50
2013.01.02 06:15:27.193,1.55663,1.55724,2.25,1.50
2013.01.02 06:15:34.813,1.55663,1.55723,1.50,1.50
2013.01.02 06:15:38.396,1.55663,1.55726,2.25,1.50
2013.01.02 06:15:40.234,1.55663,1.55723,2.25,1.13
2013.01.02 06:15:40.982,1.55663,1.55726,2.25,1.50
2013.01.02 06:15:49.334,1.55661,1.55725,2.25,1.50
2013.01.02 06:15:50.663,1.55661,1.55727,2.25,2.25
2013.01.02 06:15:51.063,1.55666,1.55726,1.50,1.50
2013.01.02 06:15:51.852,1.55666,1.55727,2.25,1.50
2013.01.02 06:15:52.383,1.55666,1.55728,2.25,1.50
2013.01.02 06:15:54.114,1.55666,1.55727,1.88,1.50
2013.01.02 06:15:55.055,1.55666,1.55727,1.50,1.50
2013.01.02 06:15:57.163,1.55666,1.55727,1.88,1.50
2013.01.02 06:15:57.464,1.55666,1.55727,2.25,1.50
2013.01.02 06:16:00.142,1.55666,1.55727,3.00,1.50
2013.01.02 06:16:00.282,1.55666,1.55727,3.00,1.50
2013.01.02 06:16:00.402,1.55666,1.55728,2.63,1.50
2013.01.02 06:16:00.522,1.55666,1.55727,3.00,1.50
2013.01.02 06:16:01.274,1.55666,1.55727,2.63,1.50
2013.01.02 06:16:01.572,1.55667,1.55728,1.50,1.50
2013.01.02 06:16:02.923,1.55667,1.55728,1.50,1.50
2013.01.02 06:16:03.242,1.55672,1.55727,1.13,1.50
2013.01.02 06:16:03.304,1.55672,1.5573,1.50,1.50
2013.01.02 06:16:03.902,1.55673,1.55731,1.50,1.50
2013.01.02 06:16:05.883,1.55673,1.55739,1.50,2.25
2013.01.02 06:16:10.674,1.55678,1.55739,1.50,2.25
2013.01.02 06:16:11.032,1.55677,1.55738,1.50,1.50
2013.01.02 06:16:11.155,1.55677,1.55732,1.50,1.50
2013.01.02 06:16:14.771,1.55677,1.55727,1.50,1.50
2013.01.02 06:16:14.984,1.55678,1.55738,1.50,2.85
2013.01.02 06:16:15.102,1.55679,1.55729,1.50,1.50
2013.01.02 06:16:15.462,1.55675,1.5573,1.13,1.50
2013.01.02 06:16:15.523,1.55675,1.55729,1.13,1.50
2013.01.02 06:16:15.828,1.55672,1.55723,1.13,1.50
2013.01.02 06:16:15.896,1.55667,1.55721,2.25,1.50
2013.01.02 06:16:16.203,1.55672,1.55722,2.25,1.50
2013.01.02 06:16:16.522,1.55672,1.55724,3.00,1.50
2013.01.02 06:16:16.703,1.55672,1.55727,3.38,1.50
2013.01.02 06:16:16.852,1.55672,1.55725,2.63,1.50
2013.01.02 06:16:17.494,1.55672,1.55724,1.13,1.50
2013.01.02 06:16:17.894,1.55672,1.55725,1.50,1.50
2013.01.02 06:16:18.203,1.55672,1.55724,1.50,1.50
2013.01.02 06:16:18.383,1.55668,1.55724,2.25,1.50
2013.01.02 06:16:18.953,1.55668,1.55724,2.25,1.50
2013.01.02 06:16:19.579,1.55668,1.55723,3.00,1.50
2013.01.02 06:16:20.165,1.55672,1.55722,1.50,1.50
2013.01.02 06:16:20.684,1.55671,1.5572,1.50,1.50
2013.01.02 06:16:21.864,1.55671,1.5572,1.50,1.50
2013.01.02 06:16:22.142,1.55672,1.55723,1.50,1.50
2013.01.02 06:16:22.672,1.55672,1.55723,1.50,1.50
2013.01.02 06:16:23.393,1.55672,1.55721,1.50,1.50
2013.01.02 06:16:23.753,1.55676,1.55726,1.50,1.50
2013.01.02 06:16:23.955,1.55677,1.55724,1.50,1.50
2013.01.02 06:16:25.102,1.55677,1.55724,1.50,1.50
2013.01.02 06:16:25.163,1.55676,1.55724,1.50,1.50
2013.01.02 06:16:25.464,1.55678,1.55725,1.13,1.50
2013.01.02 06:16:25.599,1.55678,1.55729,1.50,1.50
2013.01.02 06:16:28.263,1.55675,1.5573,1.88,1.50
2013.01.02 06:16:28.323,1.55675,1.5573,1.88,1.73
2013.01.02 06:16:28.634,1.55675,1.55724,1.50,1.50
2013.01.02 06:16:29.221,1.55675,1.55724,1.50,1.50
2013.01.02 06:16:29.284,1.55675,1.55723,1.13,1.50
2013.01.02 06:16:29.763,1.55675,1.55723,1.13,1.50
2013.01.02 06:16:30.583,1.55683,1.55729,1.13,1.50
2013.01.02 06:16:31.215,1.55683,1.5573,2.25,1.50
2013.01.02 06:16:31.884,1.55683,1.55729,2.25,1.50
2013.01.02 06:16:33.274,1.55683,1.55729,1.50,1.73
2013.01.02 06:16:33.815,1.55676,1.5573,2.25,1.73
2013.01.02 06:16:33.873,1.55674,1.55724,2.63,1.50
2013.01.02 06:16:34.653,1.55674,1.55724,1.13,1.50
2013.01.02 06:16:35.053,1.55681,1.55724,1.50,1.50
2013.01.02 06:16:35.173,1.55681,1.5573,1.50,1.50
2013.01.02 06:16:35.473,1.5568,1.55731,2.25,1.50
2013.01.02 06:16:35.653,1.55686,1.55735,1.50,1.73
2013.01.02 06:16:36.253,1.55686,1.55735,1.50,1.50
2013.01.02 06:16:36.714,1.55691,1.55736,1.50,1.50
2013.01.02 06:16:36.914,1.55691,1.55739,1.50,1.50
2013.01.02 06:16:37.094,1.55688,1.55739,1.50,1.50
2013.01.02 06:16:37.153,1.55685,1.55739,1.88,1.50
2013.01.02 06:16:37.213,1.55686,1.55739,1.13,1.50
2013.01.02 06:16:38.205,1.55685,1.5574,2.63,1.50
2013.01.02 06:16:39.399,1.55685,1.5574,2.63,1.50
2013.01.02 06:16:39.524,1.55685,1.5574,2.63,1.50
2013.01.02 06:16:40.165,1.55685,1.55739,2.25,1.50
2013.01.02 06:16:40.243,1.55685,1.55744,2.25,1.50
2013.01.02 06:16:40.533,1.55685,1.5574,2.25,1.50
2013.01.02 06:16:42.544,1.55685,1.55749,2.25,1.88
2013.01.02 06:16:42.914,1.55685,1.5574,2.44,1.50
2013.01.02 06:16:43.274,1.55691,1.55744,1.88,1.50
2013.01.02 06:16:43.856,1.55691,1.55744,1.88,1.50
2013.01.02 06:16:44.701,1.55691,1.55743,1.88,1.50
2013.01.02 06:16:45.364,1.55691,1.55742,1.88,1.50
2013.01.02 06:16:45.425,1.55691,1.55742,1.88,1.50
2013.01.02 06:16:46.574,1.55687,1.55741,1.13,1.50
2013.01.02 06:16:46.695,1.55687,1.55737,1.13,1.50
2013.01.02 06:16:46.753,1.55686,1.55737,1.13,1.50
2013.01.02 06:16:47.124,1.55687,1.55739,1.13,1.50
2013.01.02 06:16:47.308,1.55686,1.55737,1.13,1.50
2013.01.02 06:16:50.567,1.55687,1.55737,1.13,1.50
2013.01.02 06:16:51.241,1.55687,1.55737,1.13,1.50
2013.01.02 06:16:51.953,1.55687,1.55738,1.13,1.50
2013.01.02 06:16:52.344,1.55688,1.55737,1.13,1.50
2013.01.02 06:16:53.102,1.55686,1.55737,1.13,1.50
2013.01.02 06:16:54.466,1.55686,1.55741,1.13,1.50
2013.01.02 06:16:55.123,1.55686,1.5574,1.50,1.50
2013.01.02 06:16:55.503,1.55685,1.5574,1.50,1.50
2013.01.02 06:16:55.622,1.55685,1.5574,1.50,1.50
2013.01.02 06:16:56.953,1.55686,1.5574,1.13,1.50
2013.01.02 06:16:57.073,1.5569,1.5574,1.13,1.50
2013.01.02 06:16:57.383,1.55685,1.55741,1.50,1.50
2013.01.02 06:16:57.712,1.55685,1.55741,1.50,1.50
2013.01.02 06:16:58.173,1.55686,1.5574,1.50,1.50
2013.01.02 06:16:58.413,1.55686,1.5574,1.13,1.50
2013.01.02 06:16:59.114,1.55685,1.5574,1.50,1.50
2013.01.02 06:16:59.303,1.55686,1.55741,1.50,1.50
2013.01.02 06:16:59.378,1.55686,1.55741,1.13,1.50
2013.01.02 06:17:00.113,1.55686,1.55744,1.50,1.13
2013.01.02 06:17:00.425,1.55689,1.55749,2.25,1.13
2013.01.02 06:17:00.943,1.55694,1.55748,1.88,1.50
2013.01.02 06:17:01.063,1.55694,1.55752,2.63,1.50
2013.01.02 06:17:01.244,1.55695,1.55749,1.13,1.50
2013.01.02 06:17:01.604,1.55694,1.55745,1.50,1.50
2013.01.02 06:17:01.663,1.55689,1.55745,2.63,1.50
2013.01.02 06:17:01.723,1.55694,1.55745,1.50,1.50
2013.01.02 06:17:02.223,1.55694,1.55746,2.63,1.50
2013.01.02 06:17:02.563,1.55694,1.55746,2.63,1.50
2013.01.02 06:17:02.945,1.55701,1.55749,1.13,1.50
2013.01.02 06:17:03.453,1.55708,1.55749,1.13,1.50
2013.01.02 06:17:03.752,1.55715,1.55774,2.25,1.13
2013.01.02 06:17:03.873,1.55715,1.55757,3.00,1.50
2013.01.02 06:17:04.172,1.55715,1.55774,3.00,1.50
2013.01.02 06:17:04.292,1.55717,1.55782,1.50,1.73
2013.01.02 06:17:04.572,1.55726,1.55782,1.13,1.73
2013.01.02 06:17:04.939,1.55719,1.55782,1.50,1.73
2013.01.02 06:17:07.453,1.55718,1.55782,1.50,1.73
2013.01.02 06:17:07.796,1.55727,1.55782,2.25,1.73
2013.01.02 06:17:08.152,1.5573,1.55786,2.25,1.73
2013.01.02 06:17:08.682,1.55727,1.55783,1.13,1.73
2013.01.02 06:17:09.033,1.55733,1.55789,2.25,1.54
2013.01.02 06:17:10.132,1.55733,1.55789,2.25,1.54
2013.01.02 06:17:10.312,1.55733,1.55793,2.25,1.41
2013.01.02 06:17:11.003,1.55733,1.55796,2.25,1.23
2013.01.02 06:17:11.065,1.55733,1.55796,2.25,1.23
2013.01.02 06:17:11.496,1.55733,1.5579,2.25,1.32
2013.01.02 06:17:12.113,1.55733,1.55795,2.25,1.32
2013.01.02 06:17:12.658,1.55733,1.55796,2.25,1.41
2013.01.02 06:17:14.132,1.55745,1.55799,1.50,2.16
2013.01.02 06:17:14.462,1.55743,1.55799,1.13,2.16
2013.01.02 06:17:14.522,1.55743,1.558,1.50,2.16
2013.01.02 06:17:15.032,1.5574,1.558,2.25,1.73
2013.01.02 06:17:16.563,1.5574,1.558,2.25,2.22
2013.01.02 06:17:17.074,1.5574,1.558,2.25,1.73
2013.01.02 06:17:17.493,1.5574,1.55799,2.25,1.50
2013.01.02 06:17:19.814,1.55735,1.558,2.25,2.62
2013.01.02 06:17:20.193,1.5573,1.55798,2.25,2.11
2013.01.02 06:17:23.762,1.5574,1.55796,2.25,1.25
2013.01.02 06:17:24.284,1.55736,1.55795,2.25,1.29
2013.01.02 06:17:25.333,1.55736,1.55795,2.25,1.29
2013.01.02 06:17:25.613,1.55736,1.55795,2.25,1.29
2013.01.02 06:17:26.341,1.55736,1.55802,2.25,2.04
2013.01.02 06:17:29.082,1.55729,1.55796,2.25,2.36
2013.01.02 06:17:29.422,1.55734,1.55798,2.25,1.26
2013.01.02 06:17:29.792,1.55734,1.55795,1.88,1.31
2013.01.02 06:17:29.852,1.55734,1.55795,1.88,1.02
2013.01.02 06:17:29.912,1.55734,1.55802,2.25,3.57
2013.01.02 06:17:30.325,1.5574,1.55802,2.25,1.73
2013.01.02 06:17:32.492,1.5574,1.55801,2.25,1.73
2013.01.02 06:17:33.293,1.5574,1.55801,2.25,2.18
2013.01.02 06:17:33.823,1.55735,1.55799,2.25,1.43
2013.01.02 06:17:35.683,1.55735,1.55791,2.25,1.73
2013.01.02 06:17:36.273,1.5573,1.55791,2.25,2.18
2013.01.02 06:17:36.333,1.5573,1.55783,2.25,1.73
2013.01.02 06:17:37.273,1.5573,1.55784,1.88,1.73
2013.01.02 06:17:37.454,1.55735,1.55784,3.00,1.73
2013.01.02 06:17:37.573,1.55735,1.55784,2.25,1.50
2013.01.02 06:17:37.813,1.55735,1.55784,2.25,1.73
2013.01.02 06:17:38.053,1.55735,1.55789,2.25,1.73
2013.01.02 06:17:38.492,1.55742,1.55789,1.50,1.73
2013.01.02 06:17:38.552,1.55742,1.55789,2.25,1.73
2013.01.02 06:17:38.683,1.55742,1.55789,1.50,1.73
2013.01.02 06:17:39.383,1.55742,1.55798,1.88,2.36
2013.01.02 06:17:39.824,1.55746,1.55798,1.88,2.36
2013.01.02 06:17:40.194,1.55746,1.55799,1.88,2.36
2013.01.02 06:17:41.442,1.55751,1.55798,1.50,1.50
2013.01.02 06:17:41.692,1.55751,1.55798,1.50,1.73
2013.01.02 06:17:41.932,1.55751,1.55798,1.88,1.50
2013.01.02 06:17:42.434,1.55751,1.55799,1.50,1.50
2013.01.02 06:17:43.372,1.55751,1.55801,1.50,1.50
2013.01.02 06:17:43.882,1.55751,1.558,1.50,1.50
2013.01.02 06:17:44.452,1.55749,1.558,1.88,1.50
2013.01.02 06:17:44.526,1.55749,1.55794,1.50,1.50
2013.01.02 06:17:44.862,1.55747,1.55792,2.25,1.50
2013.01.02 06:17:45.291,1.55748,1.55792,1.13,1.50
2013.01.02 06:17:45.660,1.55748,1.55788,1.13,2.09
2013.01.02 06:17:46.162,1.55728,1.55788,1.88,1.73
2013.01.02 06:17:46.343,1.55728,1.55779,1.50,1.50
2013.01.02 06:17:46.463,1.55725,1.55781,1.13,1.50
2013.01.02 06:17:46.523,1.55724,1.55785,1.13,1.50
2013.01.02 06:17:46.893,1.55725,1.55785,1.13,1.50
2013.01.02 06:17:47.202,1.5573,1.55789,2.63,1.50
2013.01.02 06:17:47.513,1.55738,1.55788,1.13,1.50
2013.01.02 06:17:47.754,1.55743,1.55792,1.13,1.50
2013.01.02 06:17:47.892,1.55738,1.55792,1.13,1.50
2013.01.02 06:17:50.753,1.55747,1.55792,1.13,1.50
2013.01.02 06:17:51.052,1.55746,1.55802,1.88,1.50
2013.01.02 06:17:51.232,1.55746,1.55802,1.88,1.88
2013.01.02 06:17:51.763,1.55739,1.55795,1.13,1.88
2013.01.02 06:17:52.541,1.55739,1.55795,1.13,1.88
2013.01.02 06:17:52.784,1.55747,1.55793,1.13,1.50
2013.01.02 06:17:53.023,1.55738,1.55803,1.50,2.48
2013.01.02 06:17:53.612,1.55739,1.55803,2.25,2.48
2013.01.02 06:17:53.673,1.55739,1.55793,1.88,1.50
2013.01.02 06:17:56.495,1.55752,1.55793,1.13,1.50
2013.01.02 06:17:56.913,1.55751,1.55792,1.13,1.50
2013.01.02 06:17:57.164,1.55739,1.55793,1.50,1.50
2013.01.02 06:17:57.704,1.5574,1.55793,1.50,1.88
2013.01.02 06:17:57.824,1.55738,1.55793,1.13,1.88
2013.01.02 06:17:58.494,1.55737,1.55789,3.38,1.50
2013.01.02 06:17:59.543,1.55737,1.55789,1.88,1.88
2013.01.02 06:18:02.814,1.55737,1.55787,1.13,1.50
2013.01.02 06:18:08.815,1.55739,1.55787,1.13,1.50
2013.01.02 06:18:09.605,1.55739,1.55787,1.50,1.50
2013.01.02 06:18:13.754,1.55741,1.55787,1.13,1.50
2013.01.02 06:18:16.784,1.55739,1.55787,1.13,1.50
2013.01.02 06:18:17.433,1.55747,1.55787,1.69,1.50
2013.01.02 06:18:17.617,1.55754,1.55802,1.88,1.50
2013.01.02 06:18:17.863,1.5576,1.55803,1.50,1.50
2013.01.02 06:18:17.926,1.55762,1.55803,1.50,1.88
2013.01.02 06:18:18.043,1.55756,1.55801,1.13,1.88
2013.01.02 06:18:18.344,1.5575,1.55811,1.50,1.50
2013.01.02 06:18:18.463,1.55757,1.55811,1.50,1.50
2013.01.02 06:18:19.044,1.55763,1.55826,2.25,1.73
2013.01.02 06:18:20.043,1.55763,1.55826,1.88,1.73
2013.01.02 06:18:20.303,1.55763,1.5583,2.25,1.73
2013.01.02 06:18:20.612,1.55763,1.5583,1.88,1.35
2013.01.02 06:18:20.842,1.55769,1.55833,1.88,2.85
2013.01.02 06:18:20.903,1.55769,1.55834,2.25,2.10
2013.01.02 06:18:21.023,1.55768,1.55833,2.25,2.10
2013.01.02 06:18:21.323,1.55774,1.55837,2.25,1.50
2013.01.02 06:18:21.383,1.55772,1.55831,2.25,1.50
2013.01.02 06:18:21.809,1.55761,1.55826,1.13,1.50
2013.01.02 06:18:22.424,1.55771,1.55828,1.50,1.50
2013.01.02 06:18:22.485,1.5577,1.55832,1.13,2.25
2013.01.02 06:18:22.673,1.5577,1.55833,1.88,1.50
2013.01.02 06:18:22.733,1.5577,1.55836,2.25,1.50
2013.01.02 06:18:23.095,1.55771,1.55836,1.13,1.50
2013.01.02 06:18:23.452,1.55787,1.55837,1.50,1.13
2013.01.02 06:18:23.762,1.55793,1.55847,2.25,2.93
2013.01.02 06:18:24.134,1.55793,1.5586,2.25,4.35
2013.01.02 06:18:24.251,1.55793,1.5586,2.25,3.60
2013.01.02 06:18:25.888,1.55802,1.5586,1.50,3.60
2013.01.02 06:18:26.013,1.55796,1.5586,1.13,3.38
2013.01.02 06:18:26.074,1.55796,1.55858,1.13,1.50
2013.01.02 06:18:26.432,1.55801,1.55863,2.25,1.50
2013.01.02 06:18:26.605,1.55799,1.5586,2.25,1.50
2013.01.02 06:18:26.723,1.55802,1.5586,1.13,1.50
2013.01.02 06:18:27.043,1.55799,1.55859,3.00,1.50
2013.01.02 06:18:27.758,1.558,1.5586,1.13,1.50
2013.01.02 06:18:27.943,1.55799,1.5586,1.88,1.50
2013.01.02 06:18:28.243,1.55799,1.55859,2.25,1.50
2013.01.02 06:18:28.363,1.55803,1.55859,1.13,1.50
2013.01.02 06:18:28.684,1.55799,1.55849,1.88,1.13
2013.01.02 06:18:28.864,1.55789,1.55849,1.88,1.13
2013.01.02 06:18:29.463,1.55789,1.55846,1.88,2.63
2013.01.02 06:18:29.793,1.55789,1.55855,1.88,2.10
2013.01.02 06:18:30.343,1.55789,1.55855,2.25,1.50
2013.01.02 06:18:30.525,1.55787,1.5585,3.00,1.50
2013.01.02 06:18:33.923,1.55789,1.55846,2.25,2.16
2013.01.02 06:18:34.104,1.55788,1.55845,1.88,1.88
2013.01.02 06:18:34.164,1.5578,1.55833,1.13,1.50
2013.01.02 06:18:34.283,1.5578,1.55841,1.13,1.88
2013.01.02 06:18:34.583,1.5578,1.55837,1.13,1.50
2013.01.02 06:18:34.704,1.5578,1.55837,1.13,1.50
2013.01.02 06:18:34.883,1.5578,1.55844,1.50,1.88
2013.01.02 06:18:35.104,1.5578,1.55844,1.13,1.50
2013.01.02 06:18:35.363,1.55783,1.55843,1.13,1.50
2013.01.02 06:18:35.665,1.55797,1.55849,1.50,1.50
2013.01.02 06:18:36.023,1.55797,1.55847,1.88,1.50
2013.01.02 06:18:36.474,1.55796,1.55853,1.13,1.50
2013.01.02 06:18:36.673,1.55795,1.55847,2.25,1.50
2013.01.02 06:18:36.865,1.55802,1.55853,1.88,1.50
2013.01.02 06:18:37.433,1.55797,1.55848,1.13,1.50
2013.01.02 06:18:38.283,1.55797,1.55847,1.13,1.50
2013.01.02 06:18:38.404,1.55797,1.55848,1.13,1.50
2013.01.02 06:18:38.679,1.55797,1.55848,1.13,1.50
2013.01.02 06:18:38.894,1.55797,1.55847,1.13,1.50
2013.01.02 06:18:39.423,1.55797,1.55848,1.13,1.50
2013.01.02 06:18:39.580,1.55797,1.55848,1.13,1.50
2013.01.02 06:18:40.106,1.55797,1.5585,1.13,1.88
2013.01.02 06:18:40.708,1.55792,1.5585,1.13,1.88
2013.01.02 06:18:40.773,1.55792,1.5585,1.13,1.88
2013.01.02 06:18:41.337,1.55795,1.5585,1.88,1.88
2013.01.02 06:18:41.862,1.55792,1.55851,1.88,1.88
2013.01.02 06:18:41.993,1.55792,1.55845,1.88,1.50
2013.01.02 06:18:42.843,1.55792,1.55845,1.88,1.50
2013.01.02 06:18:44.793,1.55792,1.55846,1.88,1.50
2013.01.02 06:18:45.607,1.55792,1.55845,1.88,1.50
2013.01.02 06:18:46.164,1.55792,1.55846,1.88,1.50
2013.01.02 06:18:46.286,1.55792,1.55846,1.88,1.50
2013.01.02 06:18:46.843,1.55797,1.55846,1.88,1.50
2013.01.02 06:18:46.903,1.55793,1.55849,2.25,1.50
2013.01.02 06:18:47.023,1.55793,1.5585,2.25,1.50
2013.01.02 06:18:47.343,1.55793,1.55844,1.88,1.50
2013.01.02 06:18:47.913,1.55798,1.5585,1.88,1.88
2013.01.02 06:18:48.294,1.55793,1.55845,1.88,1.50
2013.01.02 06:18:48.806,1.55793,1.55846,1.88,1.50
2013.01.02 06:18:49.114,1.55791,1.55844,1.13,1.50
2013.01.02 06:18:49.473,1.55788,1.55841,1.50,1.50
2013.01.02 06:18:49.832,1.55774,1.55834,1.13,1.50
2013.01.02 06:18:50.353,1.55774,1.55836,1.13,2.25
2013.01.02 06:18:51.163,1.55775,1.55836,1.13,2.25
2013.01.02 06:18:51.982,1.55775,1.55836,1.13,2.25
2013.01.02 06:18:52.102,1.55775,1.55841,2.63,3.00
2013.01.02 06:18:52.162,1.55787,1.55841,1.50,1.50
2013.01.02 06:18:52.506,1.55782,1.55841,1.88,1.50
2013.01.02 06:18:54.033,1.55782,1.55836,1.88,1.50
2013.01.02 06:18:57.752,1.55774,1.55839,1.13,2.25
2013.01.02 06:18:58.289,1.55774,1.55839,1.13,2.25
2013.01.02 06:18:59.292,1.55774,1.55829,1.13,1.50
2013.01.02 06:18:59.602,1.55774,1.55822,1.88,1.50
2013.01.02 06:18:59.962,1.55775,1.5581,1.13,2.25
2013.01.02 06:19:00.322,1.55775,1.55779,1.13,1.50
2013.01.02 06:19:00.814,1.55764,1.55788,2.21,1.50
2013.01.02 06:19:00.890,1.55771,1.55781,1.13,1.50
2013.01.02 06:19:01.241,1.55765,1.55781,1.83,1.50
2013.01.02 06:19:01.302,1.55765,1.55787,1.83,1.50
2013.01.02 06:19:02.132,1.55765,1.55792,1.83,1.50
2013.01.02 06:19:02.372,1.55765,1.55798,1.83,1.50
2013.01.02 06:19:02.913,1.55774,1.55798,1.13,1.50
2013.01.02 06:19:03.459,1.55775,1.55792,1.13,1.50
2013.01.02 06:19:04.394,1.55774,1.55792,1.13,1.50
2013.01.02 06:19:04.912,1.55774,1.55788,1.13,1.50
2013.01.02 06:19:06.205,1.55774,1.55788,1.13,1.50
2013.01.02 06:19:12.611,1.55774,1.55793,1.13,1.50
2013.01.02 06:19:13.263,1.55775,1.55793,1.13,1.50
2013.01.02 06:19:13.321,1.55775,1.55793,1.13,1.50
2013.01.02 06:19:16.964,1.55775,1.55793,1.13,1.50
2013.01.02 06:19:17.102,1.55775,1.55793,1.13,1.50
2013.01.02 06:19:17.442,1.55775,1.55803,1.13,1.50
2013.01.02 06:19:17.982,1.55774,1.55796,1.13,1.50
2013.01.02 06:19:18.042,1.55774,1.55796,1.13,1.50
2013.01.02 06:19:18.231,1.55774,1.558,1.13,1.50
2013.01.02 06:19:18.361,1.55774,1.558,1.13,1.50
2013.01.02 06:19:19.332,1.55775,1.55796,1.13,1.50
2013.01.02 06:19:19.581,1.55774,1.55802,1.13,1.50
2013.01.02 06:19:19.761,1.55775,1.55802,1.13,1.50
2013.01.02 06:19:20.062,1.55775,1.55804,1.13,1.50
2013.01.02 06:19:20.183,1.55775,1.55808,1.13,1.50
2013.01.02 06:19:20.242,1.55775,1.55811,1.13,1.50
2013.01.02 06:19:20.301,1.55775,1.55815,1.13,1.50
2013.01.02 06:19:20.572,1.55775,1.55811,1.13,1.50
2013.01.02 06:19:21.502,1.55774,1.55811,1.13,1.50
2013.01.02 06:19:21.562,1.55774,1.55817,1.13,1.50
2013.01.02 06:19:21.821,1.55774,1.55817,1.13,1.50
2013.01.02 06:19:23.922,1.55774,1.55817,1.13,1.50
2013.01.02 06:19:24.471,1.55775,1.55817,1.13,1.50
2013.01.02 06:19:24.831,1.55775,1.55821,1.13,1.50
2013.01.02 06:19:24.952,1.55775,1.55826,1.13,1.50
2013.01.02 06:19:25.510,1.55774,1.55826,1.13,1.50
2013.01.02 06:19:26.064,1.55775,1.55826,1.13,1.50
2013.01.02 06:19:27.073,1.55774,1.55826,1.13,1.50
2013.01.02 06:19:27.211,1.55774,1.55829,1.13,1.50
2013.01.02 06:19:27.894,1.55774,1.55829,1.13,1.50
2013.01.02 06:19:30.315,1.55774,1.55829,1.13,1.50
2013.01.02 06:19:31.709,1.55774,1.55829,1.13,1.50
2013.01.02 06:19:32.081,1.55774,1.55834,1.13,1.50
2013.01.02 06:19:32.552,1.55775,1.5583,1.13,1.50
2013.01.02 06:19:33.431,1.55775,1.5583,1.13,1.50
2013.01.02 06:19:34.041,1.55775,1.5583,1.13,1.50
2013.01.02 06:19:34.282,1.55774,1.55837,1.13,1.50
2013.01.02 06:19:34.341,1.55774,1.55839,1.13,1.50
2013.01.02 06:19:34.402,1.55774,1.55843,1.13,2.25
2013.01.02 06:19:34.462,1.55774,1.55832,1.13,1.50
2013.01.02 06:19:34.932,1.55774,1.55832,1.13,1.50
2013.01.02 06:19:37.003,1.55775,1.55832,1.13,1.50
2013.01.02 06:19:37.652,1.55775,1.55832,1.13,1.50
2013.01.02 06:19:38.232,1.55775,1.55827,1.13,1.50
2013.01.02 06:19:38.592,1.55775,1.55814,1.13,1.50
2013.01.02 06:19:38.922,1.55775,1.55814,1.13,1.50
2013.01.02 06:19:40.042,1.55775,1.55814,1.13,1.50
2013.01.02 06:19:40.301,1.55775,1.55814,1.13,1.50
2013.01.02 06:19:40.742,1.55775,1.55814,1.88,1.50
2013.01.02 06:19:41.571,1.55775,1.55814,1.88,1.50
2013.01.02 06:19:45.472,1.55774,1.55817,1.13,1.50
2013.01.02 06:19:47.342,1.55774,1.55817,1.13,1.50
2013.01.02 06:19:47.471,1.55774,1.5582,1.13,1.50
2013.01.02 06:19:47.611,1.55774,1.55822,1.13,1.50
2013.01.02 06:19:47.834,1.55774,1.55822,1.13,1.50
2013.01.02 06:19:48.012,1.55774,1.55829,1.13,1.50
2013.01.02 06:19:48.172,1.55774,1.55815,1.13,1.50
2013.01.02 06:19:48.292,1.55751,1.55812,1.50,2.25
2013.01.02 06:19:48.412,1.5575,1.55812,1.50,2.25
2013.01.02 06:19:48.472,1.55755,1.55812,1.50,2.25
2013.01.02 06:19:49.012,1.55745,1.55809,1.13,1.50
2013.01.02 06:19:49.392,1.55756,1.55807,1.50,1.50
2013.01.02 06:19:49.923,1.55756,1.55807,1.50,1.88
2013.01.02 06:19:51.231,1.55756,1.55807,1.50,1.88
2013.01.02 06:19:51.732,1.55755,1.55812,1.50,1.88
2013.01.02 06:19:55.093,1.55756,1.55812,1.50,1.88
2013.01.02 06:19:56.042,1.55746,1.55812,1.13,1.88
2013.01.02 06:19:56.641,1.55747,1.55812,1.13,1.88
2013.01.02 06:19:57.154,1.55746,1.55811,1.13,1.46
2013.01.02 06:19:57.663,1.55746,1.55811,1.13,1.46
2013.01.02 06:19:58.217,1.55749,1.5581,1.13,1.97
2013.01.02 06:19:58.341,1.55756,1.5581,1.88,1.97
2013.01.02 06:19:58.426,1.55758,1.5581,1.50,1.97
2013.01.02 06:19:58.853,1.55747,1.55804,1.13,1.13
2013.01.02 06:19:59.963,1.55746,1.55814,1.88,1.63
2013.01.02 06:20:02.079,1.55748,1.55804,1.13,1.13
2013.01.02 06:20:02.603,1.55747,1.55803,1.13,1.13
2013.01.02 06:20:15.199,1.55747,1.55814,1.13,2.70
2013.01.02 06:20:15.746,1.55747,1.55814,1.13,3.08
2013.01.02 06:20:16.303,1.55746,1.55814,1.13,1.88
2013.01.02 06:20:20.210,1.55746,1.55814,1.13,1.88
2013.01.02 06:20:20.583,1.55754,1.55814,1.88,3.52
2013.01.02 06:20:20.702,1.55756,1.55814,1.50,3.52
2013.01.02 06:20:21.252,1.55757,1.55814,1.88,2.02
2013.01.02 06:20:21.794,1.55747,1.55805,1.13,1.13
2013.01.02 06:20:22.712,1.55747,1.55805,1.13,1.13
2013.01.02 06:20:23.053,1.55753,1.55814,1.88,2.41
2013.01.02 06:20:23.585,1.55754,1.55814,1.88,2.41
2013.01.02 06:20:24.124,1.55754,1.55815,1.88,2.25
2013.01.02 06:20:24.643,1.55745,1.55815,1.13,1.88
2013.01.02 06:20:25.883,1.55744,1.55815,1.13,1.88
2013.01.02 06:20:27.187,1.55747,1.55815,1.13,2.44
2013.01.02 06:20:27.524,1.55748,1.55804,1.13,1.13
2013.01.02 06:20:31.465,1.55757,1.55809,1.88,1.88
2013.01.02 06:20:33.066,1.55756,1.55809,1.88,1.88
2013.01.02 06:20:33.563,1.55756,1.55809,1.88,1.88
2013.01.02 06:20:34.463,1.55756,1.55809,1.88,1.88
2013.01.02 06:20:34.523,1.55748,1.55809,1.13,2.25
2013.01.02 06:20:41.627,1.55757,1.55809,1.88,1.88
2013.01.02 06:20:42.224,1.55748,1.55809,1.13,2.25
2013.01.02 06:20:42.524,1.55745,1.55805,1.13,1.46
2013.01.02 06:20:49.765,1.55746,1.55799,1.13,1.13
2013.01.02 06:20:50.024,1.55752,1.55798,1.13,1.13
2013.01.02 06:20:54.434,1.55752,1.55797,1.13,1.13
2013.01.02 06:20:55.515,1.55754,1.55807,1.13,2.80
2013.01.02 06:21:00.873,1.55754,1.55807,1.13,2.03
2013.01.02 06:21:01.619,1.55754,1.55807,1.13,2.03
2013.01.02 06:21:02.474,1.55754,1.55807,1.13,1.32
2013.01.02 06:21:02.766,1.55754,1.55807,1.13,1.32
2013.01.02 06:21:03.003,1.55754,1.55807,1.13,1.32
2013.01.02 06:21:09.105,1.55755,1.55805,1.13,3.15
2013.01.02 06:21:09.644,1.55755,1.55806,1.13,2.18
2013.01.02 06:21:12.343,1.55755,1.55806,1.13,2.18
2013.01.02 06:21:12.764,1.55755,1.55813,1.13,1.27
2013.01.02 06:21:12.964,1.55756,1.55815,1.13,1.13
2013.01.02 06:21:13.600,1.55757,1.55815,1.13,1.13
2013.01.02 06:21:17.253,1.55758,1.55815,1.13,1.13
2013.01.02 06:21:23.503,1.55755,1.55815,1.13,1.50
2013.01.02 06:21:23.864,1.55751,1.558,1.13,1.50
2013.01.02 06:21:24.003,1.55749,1.55801,1.13,1.50
2013.01.02 06:21:24.523,1.55742,1.558,1.13,2.25
2013.01.02 06:21:24.722,1.55742,1.55806,1.13,1.50
2013.01.02 06:21:25.342,1.55729,1.55781,1.88,1.50
2013.01.02 06:21:25.962,1.55721,1.55781,1.50,1.50
2013.01.02 06:21:26.942,1.55721,1.55787,1.50,1.88
2013.01.02 06:21:35.840,1.55724,1.55797,1.50,1.52
2013.01.02 06:21:35.905,1.55732,1.55797,1.50,1.14
2013.01.02 06:21:35.965,1.55732,1.55802,3.00,1.73
2013.01.02 06:21:36.033,1.55735,1.55802,1.50,2.48
2013.01.02 06:21:36.154,1.55734,1.55802,1.50,1.73
2013.01.02 06:21:36.332,1.55732,1.55811,1.50,3.52
2013.01.02 06:21:36.392,1.55735,1.55811,1.50,2.02
2013.01.02 06:21:36.713,1.5574,1.55816,1.50,1.13
2013.01.02 06:21:37.233,1.55747,1.55817,1.50,1.13
2013.01.02 06:21:37.658,1.55749,1.55817,1.50,1.13
2013.01.02 06:21:38.803,1.55743,1.55817,1.50,1.13
2013.01.02 06:21:39.333,1.55743,1.55823,1.50,2.25
2013.01.02 06:21:39.394,1.5574,1.55806,1.50,1.50
2013.01.02 06:21:39.515,1.55738,1.55806,1.50,1.50
2013.01.02 06:21:39.633,1.55741,1.55806,1.50,1.50
2013.01.02 06:21:39.813,1.55741,1.55812,1.50,1.50
2013.01.02 06:21:39.933,1.55741,1.55812,1.50,1.88
2013.01.02 06:21:40.053,1.55737,1.55812,1.13,1.88
2013.01.02 06:21:40.232,1.55742,1.55812,1.13,1.50
2013.01.02 06:21:40.594,1.55754,1.55817,1.50,1.13
2013.01.02 06:21:40.952,1.55747,1.55818,1.50,1.50
2013.01.02 06:21:41.133,1.55753,1.55818,1.50,1.50
2013.01.02 06:21:41.747,1.55741,1.55817,1.13,1.88
2013.01.02 06:21:42.284,1.55752,1.55816,1.50,1.88
2013.01.02 06:21:46.974,1.55743,1.55818,1.13,1.50
2013.01.02 06:21:47.483,1.55738,1.55816,1.13,2.25
2013.01.02 06:21:47.703,1.55747,1.55812,1.50,1.88
2013.01.02 06:21:48.063,1.5573,1.55803,1.13,1.50
2013.01.02 06:21:48.305,1.55731,1.55803,1.13,1.50
2013.01.02 06:21:48.363,1.55743,1.55803,1.50,1.50
2013.01.02 06:21:49.585,1.55742,1.55803,1.50,1.88
2013.01.02 06:21:50.853,1.55742,1.55803,1.50,2.25
2013.01.02 06:21:51.191,1.55744,1.55798,1.50,1.88
2013.01.02 06:21:51.743,1.55743,1.55798,1.50,1.88
2013.01.02 06:21:51.911,1.5574,1.55798,1.50,1.88
2013.01.02 06:21:54.054,1.55731,1.55798,1.13,1.88
2013.01.02 06:21:54.233,1.55743,1.55798,1.50,1.88
2013.01.02 06:21:59.618,1.55743,1.55793,1.50,1.50
2013.01.02 06:21:59.684,1.55737,1.55793,1.50,1.50
2013.01.02 06:22:00.194,1.55739,1.55793,1.50,1.50
2013.01.02 06:22:00.254,1.55739,1.55801,1.50,1.50
2013.01.02 06:22:00.313,1.55748,1.55802,1.50,1.50
2013.01.02 06:22:00.372,1.55748,1.55806,1.50,1.50
2013.01.02 06:22:01.084,1.55748,1.55807,1.50,1.50
2013.01.02 06:22:01.143,1.55748,1.5581,1.50,1.50
2013.01.02 06:22:01.202,1.5575,1.5581,1.50,1.50
2013.01.02 06:22:02.353,1.55739,1.5581,1.13,1.50
2013.01.02 06:22:02.623,1.55739,1.55805,1.13,1.50
2013.01.02 06:22:02.938,1.55741,1.55809,1.50,1.50
2013.01.02 06:22:03.083,1.55751,1.55809,1.50,1.50
2013.01.02 06:22:03.202,1.55751,1.55813,1.50,1.88
2013.01.02 06:22:10.644,1.55751,1.55813,1.50,2.63
2013.01.02 06:22:12.255,1.55751,1.55813,1.50,2.63
2013.01.02 06:22:21.023,1.55751,1.55812,1.50,1.50
2013.01.02 06:22:21.483,1.55751,1.55809,1.50,1.50
2013.01.02 06:22:25.763,1.55751,1.55812,1.50,1.50
2013.01.02 06:22:26.237,1.55754,1.55813,1.50,1.13
2013.01.02 06:22:29.163,1.5575,1.55813,1.50,1.88
2013.01.02 06:22:29.506,1.55755,1.55813,1.50,1.88
2013.01.02 06:22:30.049,1.55754,1.55813,1.88,1.13
2013.01.02 06:22:30.385,1.55751,1.55813,1.50,1.13
2013.01.02 06:22:30.503,1.55753,1.55813,1.50,1.13
2013.01.02 06:22:31.050,1.55753,1.55813,1.88,1.13
2013.01.02 06:22:31.371,1.55755,1.55813,1.50,1.13
2013.01.02 06:22:31.433,1.55751,1.55813,1.50,1.13
2013.01.02 06:22:32.773,1.55751,1.55812,1.50,1.13
2013.01.02 06:22:33.203,1.55744,1.55812,1.13,1.13
2013.01.02 06:22:33.704,1.55754,1.55812,1.50,1.13
2013.01.02 06:22:37.812,1.55755,1.55813,1.50,1.50
2013.01.02 06:22:38.704,1.55755,1.55804,1.50,1.50
2013.01.02 06:22:38.763,1.5574,1.55803,1.13,1.50
2013.01.02 06:22:38.884,1.5574,1.55802,1.13,1.50
2013.01.02 06:22:39.243,1.5574,1.55803,1.13,1.50
2013.01.02 06:22:40.163,1.5574,1.55803,1.13,3.00
2013.01.02 06:22:40.703,1.55749,1.55803,1.50,2.25
2013.01.02 06:22:40.763,1.55749,1.55803,1.50,2.63
2013.01.02 06:22:41.263,1.55739,1.558,1.13,2.25
2013.01.02 06:22:41.783,1.55749,1.55797,1.50,1.88
2013.01.02 06:22:42.364,1.55737,1.55797,1.13,1.88
2013.01.02 06:22:45.104,1.55737,1.55803,1.13,3.38
2013.01.02 06:22:45.163,1.55746,1.55799,1.50,2.25
2013.01.02 06:22:46.914,1.55747,1.55798,1.50,3.75
2013.01.02 06:22:47.126,1.55747,1.55798,1.50,3.38
2013.01.02 06:22:47.664,1.55732,1.55798,1.13,1.88
2013.01.02 06:22:47.723,1.55744,1.55797,1.88,1.50
2013.01.02 06:22:48.413,1.55744,1.55797,1.88,1.88
2013.01.02 06:22:49.103,1.55744,1.55797,1.88,1.88
2013.01.02 06:22:49.325,1.55731,1.55798,1.13,2.25
2013.01.02 06:22:49.753,1.5574,1.55799,1.50,2.25
2013.01.02 06:22:53.545,1.55741,1.55798,1.88,2.25
2013.01.02 06:22:54.193,1.55739,1.55799,1.50,2.25
2013.01.02 06:22:54.374,1.55731,1.55799,1.13,2.25
2013.01.02 06:22:54.493,1.55741,1.55798,1.50,2.25
2013.01.02 06:22:54.674,1.55735,1.55799,1.13,2.25
2013.01.02 06:22:55.853,1.55735,1.55797,1.13,1.88
2013.01.02 06:22:55.984,1.55742,1.55794,1.88,1.50
2013.01.02 06:23:07.913,1.55732,1.55795,1.13,1.50
2013.01.02 06:23:08.273,1.55724,1.55793,1.13,1.50
2013.01.02 06:23:08.573,1.55732,1.55794,1.88,1.50
2013.01.02 06:23:17.455,1.55734,1.55792,1.50,1.50
2013.01.02 06:23:17.573,1.55722,1.55793,1.13,1.50
2013.01.02 06:23:17.784,1.55735,1.55795,1.50,1.88
2013.01.02 06:23:18.004,1.55723,1.55795,1.13,1.50
2013.01.02 06:23:18.144,1.55733,1.55792,1.88,1.50
2013.01.02 06:23:18.505,1.55727,1.55792,1.13,1.50
2013.01.02 06:23:18.995,1.55733,1.55794,1.88,1.50
2013.01.02 06:23:19.323,1.55737,1.55793,1.50,1.50
2013.01.02 06:23:19.444,1.55736,1.55802,1.50,1.50
2013.01.02 06:23:19.503,1.55736,1.55802,1.50,1.88
2013.01.02 06:23:19.683,1.55728,1.55801,1.13,1.50
2013.01.02 06:23:19.803,1.55737,1.55797,1.88,1.50
2013.01.02 06:23:20.123,1.55738,1.55802,1.50,1.50
2013.01.02 06:23:21.283,1.55742,1.55802,1.50,1.50
2013.01.02 06:23:21.343,1.55744,1.55817,1.50,2.25
2013.01.02 06:23:21.583,1.55744,1.55824,1.50,1.50
2013.01.02 06:23:21.643,1.55748,1.55824,1.50,1.50
2013.01.02 06:23:21.953,1.55754,1.55836,1.50,2.25
2013.01.02 06:23:22.282,1.55754,1.55834,1.50,1.50
2013.01.02 06:23:22.414,1.55754,1.55829,1.50,1.50
2013.01.02 06:23:23.903,1.55754,1.5583,1.50,1.50
2013.01.02 06:23:24.544,1.55754,1.55829,1.50,1.50
2013.01.02 06:23:25.113,1.55754,1.55822,1.50,2.25
2013.01.02 06:23:25.173,1.55741,1.5582,1.13,2.25
2013.01.02 06:23:25.354,1.5574,1.55809,1.88,1.50
2013.01.02 06:23:25.736,1.55745,1.55806,1.13,1.50
2013.01.02 06:23:25.794,1.55749,1.5582,1.13,1.50
2013.01.02 06:23:26.333,1.55749,1.55818,1.88,1.50
2013.01.02 06:23:29.174,1.55749,1.55817,1.88,1.13
2013.01.02 06:23:29.474,1.55739,1.55807,2.63,1.50
2013.01.02 06:23:29.863,1.55739,1.55805,1.88,1.50
2013.01.02 06:23:30.227,1.55732,1.55799,1.88,1.50
2013.01.02 06:23:30.691,1.55732,1.55811,1.88,1.88
2013.01.02 06:23:30.813,1.55732,1.55808,1.88,1.88
2013.01.02 06:23:31.394,1.55726,1.55802,2.25,1.50
2013.01.02 06:23:33.213,1.55728,1.55803,1.50,1.50
2013.01.02 06:23:33.332,1.55738,1.5581,1.88,1.50
2013.01.02 06:23:33.533,1.55738,1.5581,1.50,1.50
2013.01.02 06:23:33.652,1.55738,1.55813,1.50,1.88
2013.01.02 06:23:36.314,1.55738,1.55812,1.50,1.50
2013.01.02 06:23:36.982,1.55738,1.55811,1.50,1.50
2013.01.02 06:23:37.163,1.55733,1.55807,1.50,1.13
2013.01.02 06:23:37.300,1.55725,1.55805,1.88,2.63
2013.01.02 06:23:37.483,1.55725,1.55803,1.88,1.13
2013.01.02 06:23:38.023,1.55725,1.55801,1.50,1.50
2013.01.02 06:23:38.083,1.55725,1.55801,1.88,1.50
2013.01.02 06:23:38.443,1.55729,1.55794,1.50,1.50
2013.01.02 06:23:38.563,1.55731,1.55806,1.50,1.50
2013.01.02 06:23:38.623,1.55734,1.55806,1.50,1.50
2013.01.02 06:23:38.682,1.55734,1.55814,1.50,2.63
2013.01.02 06:23:39.644,1.55734,1.5581,1.50,1.50
2013.01.02 06:23:44.102,1.55734,1.5581,1.88,1.50
2013.01.02 06:23:44.164,1.55734,1.5581,1.50,1.50
2013.01.02 06:23:50.835,1.55734,1.55806,1.50,1.50
2013.01.02 06:23:52.513,1.55734,1.55807,1.50,1.50
2013.01.02 06:23:53.053,1.55734,1.55806,1.50,1.50
2013.01.02 06:23:58.653,1.55736,1.55806,1.50,1.50
2013.01.02 06:24:01.384,1.55736,1.5581,1.88,1.50
2013.01.02 06:24:01.824,1.55736,1.5581,1.50,1.50
2013.01.02 06:24:02.104,1.55736,1.5581,1.88,1.50
2013.01.02 06:24:02.463,1.55736,1.55806,2.25,1.50
2013.01.02 06:24:02.524,1.55736,1.55811,2.25,1.50
2013.01.02 06:24:02.643,1.55736,1.55805,2.25,1.50
2013.01.02 06:24:03.174,1.55736,1.55804,2.25,1.50
2013.01.02 06:24:04.572,1.55738,1.55804,1.13,1.50
2013.01.02 06:24:04.874,1.55739,1.55812,1.13,1.50
2013.01.02 06:24:04.944,1.55739,1.55809,1.13,1.50
2013.01.02 06:24:05.550,1.55739,1.55809,1.13,1.50
2013.01.02 06:24:05.669,1.55739,1.55812,1.13,1.50
2013.01.02 06:24:07.483,1.5574,1.55808,1.13,1.50
2013.01.02 06:24:08.633,1.5574,1.55811,1.13,1.50
2013.01.02 06:24:09.200,1.55739,1.55809,1.13,1.50
2013.01.02 06:24:09.948,1.55739,1.55809,1.13,1.50
2013.01.02 06:24:10.604,1.55739,1.55809,1.13,1.50
2013.01.02 06:24:10.663,1.55739,1.55812,1.13,1.50
2013.01.02 06:24:11.184,1.55739,1.55811,1.13,1.50
2013.01.02 06:24:14.813,1.55738,1.55811,1.13,1.50
2013.01.02 06:24:14.949,1.55739,1.55811,1.13,1.50
2013.01.02 06:24:15.350,1.55739,1.55811,1.13,1.50
2013.01.02 06:24:16.964,1.55738,1.55811,1.13,1.50
2013.01.02 06:24:20.486,1.55739,1.55807,1.13,1.50
2013.01.02 06:24:20.663,1.55739,1.55811,1.13,1.50
2013.01.02 06:24:21.203,1.55738,1.55813,2.25,1.50
2013.01.02 06:24:21.333,1.55738,1.55811,2.25,1.50
2013.01.02 06:24:21.841,1.55738,1.55812,1.13,1.50
2013.01.02 06:24:22.182,1.55739,1.55809,1.13,1.50
2013.01.02 06:24:26.085,1.55737,1.55807,2.25,1.50
2013.01.02 06:24:26.323,1.55737,1.55806,2.25,1.50
2013.01.02 06:24:26.890,1.55737,1.55807,1.50,1.50
2013.01.02 06:24:27.013,1.55731,1.55807,1.13,1.50
2013.01.02 06:24:27.185,1.55733,1.55806,1.50,1.50
2013.01.02 06:24:27.593,1.55733,1.55806,1.13,1.50
2013.01.02 06:24:28.413,1.55733,1.55801,1.13,1.50
2013.01.02 06:24:28.653,1.55733,1.55806,1.13,1.50
2013.01.02 06:24:29.313,1.55729,1.55805,1.13,1.50
2013.01.02 06:24:45.573,1.55729,1.55805,1.50,1.50
2013.01.02 06:24:46.723,1.55729,1.55802,1.50,1.50
2013.01.02 06:24:47.424,1.55726,1.55803,2.25,1.50
2013.01.02 06:24:47.497,1.55723,1.55803,1.50,3.00
2013.01.02 06:24:47.565,1.55723,1.558,1.50,1.50
2013.01.02 06:24:48.172,1.55723,1.55799,1.88,1.50
2013.01.02 06:24:49.475,1.55723,1.55803,1.88,2.25
2013.01.02 06:24:50.803,1.55724,1.55801,1.88,1.50
2013.01.02 06:24:51.563,1.55725,1.55803,2.25,1.50
2013.01.02 06:24:58.403,1.55727,1.55806,1.88,1.50
2013.01.02 06:24:58.986,1.55727,1.55805,1.88,1.50
2013.01.02 06:25:02.643,1.55731,1.55805,1.50,1.50
2013.01.02 06:25:03.303,1.55732,1.55804,1.50,1.50
2013.01.02 06:25:03.667,1.55732,1.55804,1.88,1.50
2013.01.02 06:25:12.303,1.55732,1.55805,1.88,1.50
2013.01.02 06:25:21.513,1.55727,1.55804,1.88,1.50
2013.01.02 06:25:28.403,1.55728,1.55804,1.13,1.50
2013.01.02 06:25:28.463,1.55739,1.55804,1.50,1.50
2013.01.02 06:25:28.792,1.55739,1.55814,1.50,2.63
2013.01.02 06:25:29.243,1.55739,1.55807,1.50,1.50
2013.01.02 06:25:30.463,1.55733,1.55807,1.50,1.50
2013.01.02 06:25:31.779,1.55733,1.55806,1.50,1.50
2013.01.02 06:25:34.095,1.55736,1.55806,1.50,1.50
2013.01.02 06:25:34.673,1.55736,1.55809,1.50,1.50
2013.01.02 06:25:34.811,1.55736,1.55809,2.25,1.50
2013.01.02 06:25:35.283,1.55742,1.55812,1.88,1.50
2013.01.02 06:25:35.342,1.55742,1.55818,2.25,1.13
2013.01.02 06:25:35.444,1.55751,1.55816,1.50,1.50
2013.01.02 06:25:35.833,1.55747,1.55813,1.50,1.50
2013.01.02 06:25:36.523,1.55748,1.55813,1.50,1.50
2013.01.02 06:25:36.583,1.55748,1.55815,1.50,1.50
2013.01.02 06:25:36.703,1.55754,1.55821,1.50,2.25
2013.01.02 06:25:37.594,1.55754,1.55817,1.50,1.13
2013.01.02 06:25:37.714,1.55754,1.55821,1.50,1.50
2013.01.02 06:25:39.083,1.55751,1.55821,1.50,1.50
2013.01.02 06:25:40.235,1.55748,1.55822,1.50,1.50
2013.01.02 06:25:40.697,1.55748,1.55822,1.88,1.50
2013.01.02 06:25:41.053,1.55758,1.55828,1.50,2.63
2013.01.02 06:25:41.493,1.55749,1.55823,1.13,1.50
2013.01.02 06:25:42.031,1.5575,1.55828,1.13,2.63
2013.01.02 06:25:42.093,1.55758,1.55822,1.50,1.50
2013.01.02 06:25:42.213,1.55748,1.55822,1.88,1.50
2013.01.02 06:25:42.333,1.55757,1.55828,1.50,2.63
2013.01.02 06:25:42.453,1.55749,1.55828,1.13,2.63
2013.01.02 06:25:42.763,1.55749,1.55823,1.13,1.50
2013.01.02 06:25:43.203,1.55757,1.55823,1.50,1.50
2013.01.02 06:25:43.443,1.55748,1.55828,2.63,2.63
2013.01.02 06:25:43.514,1.55757,1.55823,1.50,1.50
2013.01.02 06:25:44.046,1.55758,1.55828,1.50,2.63
2013.01.02 06:25:44.484,1.5575,1.55828,1.13,2.63
2013.01.02 06:25:44.833,1.55749,1.55822,1.13,1.50
2013.01.02 06:25:45.184,1.55748,1.55828,2.63,2.63
2013.01.02 06:25:45.294,1.55748,1.55822,2.63,1.50
2013.01.02 06:25:47.302,1.55758,1.55828,1.50,2.63
2013.01.02 06:25:47.813,1.55757,1.55823,1.50,1.50
2013.01.02 06:25:48.214,1.55748,1.55828,2.63,2.63
2013.01.02 06:25:48.744,1.55749,1.55828,1.13,2.63
2013.01.02 06:25:48.983,1.55754,1.55828,1.50,2.63
2013.01.02 06:25:49.584,1.55754,1.55823,1.50,1.50
2013.01.02 06:25:49.740,1.55753,1.55828,1.50,2.63
2013.01.02 06:25:53.624,1.55753,1.55828,2.25,2.25
2013.01.02 06:25:53.983,1.55759,1.55828,1.50,1.50
2013.01.02 06:25:54.043,1.55759,1.55833,1.50,1.50
2013.01.02 06:25:54.178,1.55758,1.5584,1.88,2.25
2013.01.02 06:25:54.303,1.55758,1.5584,1.88,1.50
2013.01.02 06:25:54.793,1.55759,1.55837,1.50,1.50
2013.01.02 06:25:55.053,1.55759,1.5584,1.50,1.50
2013.01.02 06:25:55.655,1.5576,1.55836,1.50,1.50
2013.01.02 06:25:55.753,1.55761,1.5584,1.50,1.50
2013.01.02 06:25:56.104,1.55758,1.5584,3.38,2.25
2013.01.02 06:25:56.513,1.5576,1.5584,1.50,2.25
2013.01.02 06:25:56.873,1.55754,1.55831,1.13,1.50
2013.01.02 06:25:56.934,1.55758,1.55833,1.13,2.63
2013.01.02 06:25:57.113,1.55759,1.55834,3.75,1.13
2013.01.02 06:25:57.233,1.55762,1.55834,1.50,2.25
2013.01.02 06:25:57.534,1.55765,1.55834,1.50,2.25
2013.01.02 06:25:57.653,1.55765,1.55839,2.25,1.13
2013.01.02 06:25:57.985,1.55765,1.55839,1.88,2.63
2013.01.02 06:25:58.094,1.55765,1.55836,1.88,1.50
2013.01.02 06:25:58.405,1.55765,1.55833,1.88,1.50
2013.01.02 06:25:58.604,1.55765,1.55838,1.88,2.63
2013.01.02 06:25:58.663,1.55765,1.55833,1.88,1.50
2013.01.02 06:25:58.723,1.55765,1.55838,1.88,2.63
2013.01.02 06:25:58.935,1.55765,1.55835,1.88,1.50
2013.01.02 06:25:59.233,1.55765,1.55838,1.88,2.63
2013.01.02 06:25:59.304,1.55765,1.55835,1.88,1.50
2013.01.02 06:25:59.505,1.55765,1.55839,1.88,2.63
2013.01.02 06:25:59.725,1.55765,1.55836,1.88,1.50
2013.01.02 06:25:59.945,1.55765,1.55838,1.88,2.63
2013.01.02 06:26:00.073,1.55765,1.55836,1.88,1.50
2013.01.02 06:26:00.434,1.55765,1.55832,1.88,1.13
2013.01.02 06:26:00.553,1.55765,1.55839,1.50,1.13
2013.01.02 06:26:01.200,1.55766,1.55833,1.50,2.25
2013.01.02 06:26:01.653,1.5577,1.55832,1.50,2.25
2013.01.02 06:26:04.537,1.55772,1.55829,1.50,1.50
2013.01.02 06:26:04.895,1.55765,1.55823,1.88,1.50
2013.01.02 06:26:05.255,1.55768,1.55825,1.13,1.50
2013.01.02 06:26:05.773,1.55769,1.55825,1.50,1.50
2013.01.02 06:26:06.280,1.55764,1.55825,2.25,1.50
2013.01.02 06:26:06.584,1.55772,1.55825,1.50,1.50
2013.01.02 06:26:06.927,1.55777,1.55825,1.50,1.50
2013.01.02 06:26:07.233,1.55782,1.55825,1.50,1.50
2013.01.02 06:26:07.658,1.55782,1.55828,1.50,1.50
2013.01.02 06:26:07.783,1.55782,1.55825,1.50,1.50
2013.01.02 06:26:07.879,1.55782,1.55835,1.50,1.50
2013.01.02 06:26:08.003,1.55782,1.55838,1.50,1.50
2013.01.02 06:26:10.074,1.55782,1.55835,1.50,1.50
2013.01.02 06:26:13.413,1.55782,1.55838,1.50,1.50
2013.01.02 06:26:13.814,1.55782,1.5584,1.50,1.50
2013.01.02 06:26:14.364,1.55782,1.55839,1.50,1.50
2013.01.02 06:26:14.905,1.55782,1.55841,1.50,1.88
2013.01.02 06:26:15.143,1.55782,1.55838,1.50,1.50
2013.01.02 06:26:15.775,1.55782,1.5584,1.50,1.50
2013.01.02 06:26:15.844,1.55782,1.55838,1.50,1.50
2013.01.02 06:26:16.273,1.55782,1.5584,1.50,1.50
2013.01.02 06:26:16.725,1.55782,1.55838,1.50,1.50
2013.01.02 06:26:17.083,1.55782,1.5584,1.50,1.50
2013.01.02 06:26:17.622,1.55782,1.55839,1.50,1.50
2013.01.02 06:26:17.893,1.55782,1.55841,1.50,1.88
2013.01.02 06:26:17.974,1.55782,1.55839,1.50,1.50
2013.01.02 06:26:18.533,1.55782,1.5584,1.50,1.88
2013.01.02 06:26:18.869,1.55782,1.55838,1.50,1.50
2013.01.02 06:26:19.045,1.55782,1.5584,1.50,1.50
2013.01.02 06:26:19.580,1.55782,1.55839,1.50,1.50
2013.01.02 06:26:20.083,1.55782,1.55842,1.50,4.13
2013.01.02 06:26:20.792,1.55782,1.55842,1.50,4.13
2013.01.02 06:26:20.994,1.55782,1.55839,1.50,1.50
2013.01.02 06:26:21.214,1.55782,1.55841,1.50,1.88
2013.01.02 06:26:21.804,1.55782,1.5584,1.50,1.50
2013.01.02 06:26:22.744,1.55782,1.55841,3.00,2.63
2013.01.02 06:26:23.305,1.55782,1.5584,1.50,1.50
2013.01.02 06:26:23.807,1.55782,1.55839,1.50,1.50
2013.01.02 06:26:23.933,1.55774,1.5584,2.25,1.50
2013.01.02 06:26:24.435,1.55777,1.55839,1.50,1.50
2013.01.02 06:26:24.775,1.55781,1.55841,1.50,1.88
2013.01.02 06:26:25.233,1.55789,1.55839,1.50,1.50
2013.01.02 06:26:25.473,1.55792,1.55848,1.50,1.50
2013.01.02 06:26:25.653,1.55792,1.55845,1.50,1.50
2013.01.02 06:26:26.213,1.5579,1.55845,2.63,1.50
2013.01.02 06:26:26.534,1.55788,1.55845,1.88,1.50
2013.01.02 06:26:26.844,1.558,1.55845,1.50,1.50
2013.01.02 06:26:27.264,1.55792,1.5585,2.25,1.50
2013.01.02 06:26:27.444,1.55794,1.55854,1.13,1.50
2013.01.02 06:26:27.564,1.55793,1.55848,2.25,1.50
2013.01.02 06:26:27.754,1.55796,1.55854,1.50,1.50
2013.01.02 06:26:28.294,1.55794,1.55855,2.25,1.50
2013.01.02 06:26:29.103,1.55783,1.55854,1.13,1.50
2013.01.02 06:26:29.224,1.55783,1.55851,1.50,1.50
2013.01.02 06:26:29.343,1.55787,1.55851,3.00,1.50
2013.01.02 06:26:29.464,1.55788,1.55849,1.50,1.50
2013.01.02 06:26:29.823,1.55784,1.55841,1.50,1.50
2013.01.02 06:26:30.123,1.5578,1.55841,1.50,1.88
2013.01.02 06:26:30.264,1.5578,1.55838,1.50,1.50
2013.01.02 06:26:30.505,1.55775,1.55837,1.50,1.50
2013.01.02 06:26:30.664,1.55784,1.55837,1.50,1.50
2013.01.02 06:26:31.074,1.55785,1.55841,1.50,1.88
2013.01.02 06:26:32.873,1.55783,1.55841,1.50,1.88
2013.01.02 06:26:34.344,1.55773,1.55841,2.63,1.88
2013.01.02 06:26:34.704,1.55785,1.55841,1.50,1.88
2013.01.02 06:26:34.764,1.55781,1.55841,1.50,1.88
2013.01.02 06:26:35.078,1.55784,1.55841,1.50,1.88
2013.01.02 06:26:35.443,1.55773,1.55841,1.88,1.88
2013.01.02 06:26:35.503,1.55783,1.55841,1.50,1.88
2013.01.02 06:26:36.930,1.55783,1.55838,1.50,1.50
2013.01.02 06:26:37.296,1.55783,1.55836,1.50,1.50
2013.01.02 06:26:37.717,1.55779,1.55836,1.50,1.50
2013.01.02 06:26:43.312,1.55782,1.55836,1.50,1.50
2013.01.02 06:26:43.824,1.55782,1.55841,1.50,2.25
2013.01.02 06:26:44.347,1.55772,1.55841,1.13,2.25
2013.01.02 06:26:44.653,1.55777,1.5584,1.13,1.13
2013.01.02 06:26:44.893,1.55787,1.55835,1.50,1.50
2013.01.02 06:26:45.014,1.5578,1.55835,1.50,1.50
2013.01.02 06:26:45.193,1.55787,1.55835,1.50,1.50
2013.01.02 06:26:48.514,1.5578,1.55835,1.50,1.50
2013.01.02 06:26:48.634,1.55785,1.55835,1.50,1.50
2013.01.02 06:26:53.647,1.55789,1.55835,1.50,1.50
2013.01.02 06:26:54.365,1.55781,1.55835,1.50,1.50
2013.01.02 06:26:54.485,1.55784,1.55835,1.50,1.50
2013.01.02 06:26:56.026,1.5578,1.55835,3.00,1.50
2013.01.02 06:26:56.564,1.5578,1.55835,1.50,2.25
2013.01.02 06:26:56.926,1.5578,1.55823,1.50,1.13
2013.01.02 06:26:57.104,1.55778,1.55823,1.50,1.13
2013.01.02 06:26:57.164,1.55775,1.55823,1.50,1.13
2013.01.02 06:26:57.224,1.55774,1.55813,1.50,1.50
2013.01.02 06:26:57.283,1.5576,1.55813,1.50,1.50
2013.01.02 06:27:00.634,1.5576,1.5581,1.50,1.50
2013.01.02 06:27:00.693,1.55755,1.55808,2.25,1.50
2013.01.02 06:27:02.644,1.55758,1.55808,1.50,1.50
2013.01.02 06:27:04.553,1.55759,1.55808,1.50,1.50
2013.01.02 06:27:04.816,1.55755,1.55808,1.50,1.50
2013.01.02 06:27:05.430,1.55756,1.55808,1.50,1.50
2013.01.02 06:27:05.735,1.55759,1.55808,1.50,1.50
2013.01.02 06:27:09.803,1.55755,1.55808,1.50,1.50
2013.01.02 06:27:10.405,1.55756,1.55808,1.50,1.50
2013.01.02 06:27:15.787,1.55755,1.55808,1.50,1.50
2013.01.02 06:27:15.904,1.55758,1.55808,1.50,1.50
2013.01.02 06:27:19.984,1.55755,1.55808,1.50,1.50
2013.01.02 06:27:20.043,1.55762,1.55808,1.50,1.50
2013.01.02 06:27:20.373,1.5576,1.55808,1.50,1.50
2013.01.02 06:27:22.748,1.55759,1.55808,1.50,1.50
2013.01.02 06:27:25.249,1.55758,1.55808,1.50,1.50
2013.01.02 06:27:25.965,1.55757,1.55808,1.50,1.50
2013.01.02 06:27:33.594,1.55755,1.55808,1.50,1.50
2013.01.02 06:27:37.434,1.55755,1.55808,1.50,2.25
2013.01.02 06:27:37.555,1.5575,1.55803,1.50,1.50
2013.01.02 06:27:39.746,1.5575,1.558,2.25,1.50
2013.01.02 06:27:40.100,1.55745,1.55798,2.25,1.50
2013.01.02 06:27:40.435,1.5575,1.55802,1.50,1.50
2013.01.02 06:27:56.754,1.55751,1.55802,1.50,1.50
2013.01.02 06:27:56.814,1.55753,1.55808,1.50,1.50
2013.01.02 06:27:56.934,1.55753,1.55808,1.50,2.25
2013.01.02 06:27:57.054,1.55748,1.55801,1.50,1.50
2013.01.02 06:28:02.284,1.55753,1.55804,1.50,1.88
2013.01.02 06:28:22.294,1.55753,1.55806,1.50,1.88
2013.01.02 06:28:22.825,1.55752,1.55804,1.50,1.88
2013.01.02 06:28:25.316,1.55752,1.55804,1.50,1.88
2013.01.02 06:28:27.597,1.55752,1.55803,1.50,1.13
2013.01.02 06:28:27.725,1.55747,1.55799,1.50,1.50
2013.01.02 06:28:28.024,1.5575,1.55805,1.50,1.88
2013.01.02 06:28:34.846,1.55758,1.55807,1.50,2.63
2013.01.02 06:28:35.534,1.55758,1.55813,1.50,3.00
2013.01.02 06:28:36.933,1.55755,1.55807,1.50,1.88
2013.01.02 06:28:47.214,1.55755,1.55807,1.50,1.88
2013.01.02 06:28:47.394,1.55758,1.55812,1.50,1.69
2013.01.02 06:28:47.454,1.55758,1.55813,1.50,1.88
2013.01.02 06:28:48.703,1.55758,1.55812,2.25,1.50
2013.01.02 06:28:48.823,1.55764,1.55817,1.50,1.13
2013.01.02 06:28:49.404,1.55764,1.55819,1.50,3.38
2013.01.02 06:28:51.814,1.5576,1.55813,1.50,1.50
2013.01.02 06:28:52.975,1.5576,1.55813,2.25,1.50
2013.01.02 06:28:53.033,1.55764,1.55817,1.50,1.88
2013.01.02 06:28:58.369,1.55764,1.55819,1.50,1.50
2013.01.02 06:28:58.433,1.55762,1.55812,1.50,1.50
2013.01.02 06:28:58.553,1.55757,1.55812,1.50,1.50
2013.01.02 06:29:12.014,1.55752,1.55807,2.25,1.50
2013.01.02 06:29:12.073,1.55752,1.55807,1.50,1.50
2013.01.02 06:29:14.605,1.55752,1.55807,2.25,1.50
2013.01.02 06:29:14.734,1.55762,1.55815,1.50,2.25
2013.01.02 06:29:17.234,1.55762,1.55815,1.50,1.50
2013.01.02 06:29:34.107,1.5576,1.5581,1.50,1.50
2013.01.02 06:29:34.175,1.55757,1.5581,2.25,1.50
2013.01.02 06:29:54.683,1.55758,1.55813,1.50,1.50
2013.01.02 06:29:58.696,1.55758,1.5581,1.50,1.50
2013.01.02 06:29:58.755,1.55753,1.55808,1.50,1.50
2013.01.02 06:30:00.175,1.55753,1.55808,2.25,2.25
2013.01.02 06:30:00.500,1.55759,1.558,1.50,1.50
2013.01.02 06:30:04.495,1.55761,1.55806,1.50,1.50
2013.01.02 06:30:12.284,1.55764,1.55811,1.50,1.50
2013.01.02 06:30:14.244,1.55764,1.55811,1.50,2.25
2013.01.02 06:30:14.434,1.5576,1.55805,1.50,1.50
2013.01.02 06:30:16.164,1.55766,1.55812,1.50,1.50
2013.01.02 06:30:16.223,1.55769,1.55814,1.50,1.50
2013.01.02 06:30:16.283,1.55769,1.55816,1.50,1.50
2013.01.02 06:30:16.894,1.55769,1.55816,1.88,3.00
2013.01.02 06:30:17.350,1.55774,1.55816,1.50,1.50
2013.01.02 06:30:17.831,1.55777,1.55819,1.50,1.88
2013.01.02 06:30:18.225,1.55769,1.55814,1.88,1.50
2013.01.02 06:30:18.695,1.55769,1.55814,1.50,1.50
2013.01.02 06:30:20.793,1.55767,1.55809,1.50,1.50
2013.01.02 06:30:20.853,1.55764,1.55809,1.50,1.50
2013.01.02 06:30:23.895,1.55767,1.55811,1.50,1.50
2013.01.02 06:30:23.954,1.55767,1.55813,1.50,1.50
2013.01.02 06:30:33.134,1.55767,1.55811,1.50,1.50
2013.01.02 06:30:33.514,1.55764,1.55809,1.50,1.50
2013.01.02 06:30:52.172,1.55768,1.55811,1.50,1.50
2013.01.02 06:30:52.233,1.55768,1.55813,1.50,1.50
2013.01.02 06:31:07.284,1.55772,1.55816,1.50,1.50
2013.01.02 06:31:07.844,1.55772,1.55817,1.50,3.00
2013.01.02 06:31:08.995,1.55772,1.55815,1.50,1.50
2013.01.02 06:31:09.534,1.55772,1.55814,1.50,1.50
2013.01.02 06:31:09.746,1.55767,1.55814,1.50,3.00
2013.01.02 06:31:21.714,1.55766,1.55811,1.50,1.50
2013.01.02 06:31:21.774,1.55763,1.55811,1.88,1.50
2013.01.02 06:31:22.286,1.55763,1.55811,1.50,1.50
2013.01.02 06:31:24.194,1.55768,1.55813,1.50,1.50
2013.01.02 06:31:37.764,1.55769,1.55813,1.50,1.50
2013.01.02 06:31:37.824,1.55772,1.55817,1.50,1.50
2013.01.02 06:31:57.295,1.55767,1.55814,1.50,1.50
2013.01.02 06:32:02.744,1.55763,1.55811,2.25,1.50
2013.01.02 06:32:03.774,1.55763,1.55811,3.75,1.50
2013.01.02 06:32:04.276,1.55763,1.55811,1.50,1.50
2013.01.02 06:32:04.545,1.55768,1.55811,1.50,1.50
2013.01.02 06:32:04.724,1.5577,1.55815,1.50,1.50
2013.01.02 06:32:13.275,1.55768,1.55812,1.50,1.50
2013.01.02 06:32:13.334,1.55766,1.55812,1.50,1.50
2013.01.02 06:32:14.144,1.55766,1.55812,1.88,1.50
2013.01.02 06:32:15.104,1.55766,1.55812,1.88,1.50
2013.01.02 06:32:15.234,1.55768,1.55812,1.50,1.50
2013.01.02 06:32:15.294,1.55769,1.55816,1.50,1.50
2013.01.02 06:32:16.374,1.55769,1.55813,1.50,1.50
2013.01.02 06:32:16.434,1.55765,1.5581,1.50,1.50
2013.01.02 06:32:16.674,1.55765,1.55802,1.50,1.50
2013.01.02 06:32:16.736,1.55757,1.55799,1.88,1.50
2013.01.02 06:32:16.914,1.55754,1.55798,1.88,1.50
2013.01.02 06:32:17.045,1.55754,1.55799,3.00,1.50
2013.01.02 06:32:17.106,1.55761,1.55806,1.50,1.50
2013.01.02 06:32:17.466,1.55765,1.5581,1.50,2.25
2013.01.02 06:32:17.586,1.55769,1.55813,1.50,1.50
2013.01.02 06:32:20.464,1.55769,1.55812,1.50,1.50
2013.01.02 06:32:23.124,1.55769,1.55814,1.50,1.50
2013.01.02 06:32:23.244,1.55772,1.55819,1.50,1.50
2013.01.02 06:32:25.494,1.55778,1.55824,1.88,1.50
2013.01.02 06:32:25.800,1.55782,1.55827,1.50,1.50
2013.01.02 06:32:25.875,1.55782,1.55829,1.88,1.50
2013.01.02 06:32:28.544,1.55782,1.55826,1.50,1.50
2013.01.02 06:32:29.516,1.55778,1.55825,1.88,3.00
2013.01.02 06:32:29.583,1.55777,1.55821,1.88,1.50
2013.01.02 06:32:30.148,1.55774,1.55821,1.50,1.50
2013.01.02 06:32:31.852,1.55776,1.55821,1.50,1.50
2013.01.02 06:32:31.915,1.55777,1.55825,1.50,1.50
2013.01.02 06:32:33.305,1.55781,1.55825,1.50,1.50
2013.01.02 06:32:33.364,1.55782,1.55828,1.50,1.50
2013.01.02 06:32:34.033,1.55782,1.55827,1.50,1.50
2013.01.02 06:32:36.784,1.55782,1.55828,1.50,1.50
2013.01.02 06:32:36.994,1.55786,1.55828,1.50,1.50
2013.01.02 06:32:46.772,1.55786,1.55829,1.50,1.50
2013.01.02 06:32:48.117,1.55786,1.55832,1.50,1.50
2013.01.02 06:32:48.496,1.55786,1.5583,1.50,1.50
2013.01.02 06:32:49.996,1.55783,1.55828,1.50,1.50
2013.01.02 06:32:51.684,1.55784,1.55828,1.50,1.50
2013.01.02 06:32:51.745,1.55786,1.55833,1.50,3.75
2013.01.02 06:32:52.638,1.55786,1.55831,1.50,1.50
2013.01.02 06:32:52.973,1.55783,1.55828,1.50,1.50
2013.01.02 06:32:54.384,1.55783,1.55828,3.00,1.50
2013.01.02 06:32:54.694,1.55796,1.55841,1.50,1.50
2013.01.02 06:32:54.975,1.55796,1.55828,1.50,1.50
2013.01.02 06:32:55.034,1.55781,1.55826,1.88,1.50
2013.01.02 06:32:55.226,1.55781,1.55826,1.50,1.50
2013.01.02 06:32:56.166,1.55787,1.55826,1.50,1.50
2013.01.02 06:32:56.224,1.5579,1.55835,1.50,2.25
2013.01.02 06:32:56.284,1.5579,1.55835,1.50,3.00
2013.01.02 06:32:57.784,1.55798,1.55835,1.50,1.50
2013.01.02 06:32:57.975,1.55798,1.55838,1.50,1.50
2013.01.02 06:32:58.096,1.55798,1.5584,1.50,1.50
2013.01.02 06:32:58.525,1.55798,1.55837,1.50,1.50
2013.01.02 06:33:00.366,1.55796,1.55836,1.50,1.50
2013.01.02 06:33:00.426,1.55791,1.55836,1.88,1.50
2013.01.02 06:33:00.915,1.55791,1.55833,1.50,1.50
2013.01.02 06:33:00.974,1.55788,1.55833,1.50,3.00
2013.01.02 06:33:01.035,1.55786,1.55833,1.50,3.00
2013.01.02 06:33:04.864,1.55789,1.55833,1.50,1.50
2013.01.02 06:33:05.416,1.55791,1.55836,1.50,3.38
2013.01.02 06:33:08.824,1.55791,1.55836,1.50,3.00
2013.01.02 06:33:10.974,1.55791,1.55832,1.50,1.50
2013.01.02 06:33:14.984,1.55797,1.55832,1.50,1.50
2013.01.02 06:33:15.044,1.558,1.55839,1.50,1.50
2013.01.02 06:33:15.545,1.558,1.55841,1.50,1.50
2013.01.02 06:33:17.754,1.55795,1.55841,1.88,1.50
2013.01.02 06:33:17.874,1.55795,1.55842,1.88,3.75
2013.01.02 06:33:17.935,1.55795,1.55837,1.88,1.50
2013.01.02 06:33:18.303,1.55795,1.55834,1.50,1.50
2013.01.02 06:33:20.594,1.55786,1.55831,1.88,1.50
2013.01.02 06:33:20.654,1.55786,1.55831,1.50,1.50
2013.01.02 06:33:20.715,1.55786,1.55824,1.50,1.50
2013.01.02 06:33:20.895,1.55777,1.55822,1.88,1.50
2013.01.02 06:33:22.125,1.55777,1.55822,1.88,1.50
2013.01.02 06:33:22.244,1.55777,1.55822,1.88,2.25
2013.01.02 06:33:22.314,1.55775,1.55818,1.88,1.50
2013.01.02 06:33:22.796,1.55779,1.55819,1.50,1.50
2013.01.02 06:33:22.854,1.55779,1.55824,1.50,1.50
2013.01.02 06:33:29.166,1.55779,1.55824,1.88,1.50
2013.01.02 06:33:29.374,1.55779,1.55824,1.50,1.50
2013.01.02 06:33:30.335,1.55774,1.55821,1.88,1.50
2013.01.02 06:33:30.399,1.55769,1.55816,2.25,1.50
2013.01.02 06:33:31.416,1.55769,1.55816,1.50,1.50
2013.01.02 06:33:32.294,1.55775,1.55816,1.50,1.50
2013.01.02 06:33:32.354,1.55777,1.55822,1.50,1.50
2013.01.02 06:33:40.275,1.55777,1.55822,2.25,1.50
2013.01.02 06:33:40.402,1.55783,1.55827,1.50,1.50
2013.01.02 06:33:41.466,1.55783,1.55828,1.50,1.50
2013.01.02 06:33:43.525,1.55783,1.55828,2.63,1.50
2013.01.02 06:33:43.864,1.55794,1.55832,1.50,1.50
2013.01.02 06:33:46.944,1.55794,1.55829,1.50,1.50
2013.01.02 06:33:47.125,1.55791,1.55828,1.50,1.50
2013.01.02 06:33:47.735,1.55791,1.55827,1.50,1.50
2013.01.02 06:33:49.025,1.55791,1.55828,1.50,1.50
2013.01.02 06:33:49.086,1.55784,1.55828,1.50,1.50
2013.01.02 06:33:51.176,1.55782,1.55827,1.50,1.88
2013.01.02 06:33:51.295,1.5578,1.55827,1.50,1.88
2013.01.02 06:33:55.255,1.5578,1.55823,1.50,1.50
2013.01.02 06:33:55.757,1.5578,1.55827,1.50,3.38
2013.01.02 06:34:05.955,1.55774,1.55821,1.88,2.25
2013.01.02 06:34:06.076,1.55774,1.55819,1.88,1.13
2013.01.02 06:34:06.135,1.55771,1.55816,1.88,1.50
2013.01.02 06:34:06.255,1.55771,1.55816,1.50,1.50
2013.01.02 06:34:06.555,1.55771,1.55814,1.50,1.50
2013.01.02 06:34:06.917,1.55771,1.55812,1.50,1.50
2013.01.02 06:34:07.034,1.55762,1.55809,1.50,1.50
2013.01.02 06:34:09.369,1.55765,1.55809,1.50,1.50
2013.01.02 06:34:09.435,1.55767,1.55812,1.50,3.00
2013.01.02 06:34:22.115,1.5577,1.55817,1.50,1.50
2013.01.02 06:34:23.016,1.55775,1.5582,1.50,1.50
2013.01.02 06:34:23.075,1.55779,1.55826,1.50,1.50
2013.01.02 06:34:27.025,1.55784,1.55829,1.50,1.50
2013.01.02 06:34:30.705,1.55778,1.55825,2.25,1.50
2013.01.02 06:34:32.018,1.55778,1.55822,1.50,1.50
2013.01.02 06:34:32.085,1.55774,1.55821,1.50,1.50
2013.01.02 06:34:32.715,1.55777,1.55821,1.50,1.50
2013.01.02 06:34:32.775,1.55779,1.55826,1.50,1.50
2013.01.02 06:34:33.715,1.55779,1.55826,2.25,1.50
2013.01.02 06:34:33.775,1.55788,1.55826,1.50,1.50
2013.01.02 06:34:33.835,1.55789,1.55833,1.50,1.50
2013.01.02 06:34:34.025,1.55789,1.55835,1.50,1.50
2013.01.02 06:34:34.145,1.55793,1.55835,1.50,1.50
2013.01.02 06:34:34.326,1.558,1.55845,1.50,1.88
2013.01.02 06:34:34.445,1.558,1.55845,1.50,3.00
2013.01.02 06:34:34.565,1.558,1.55842,1.50,1.50
2013.01.02 06:34:34.625,1.55795,1.5584,1.50,1.50
2013.01.02 06:34:35.076,1.55797,1.5584,1.50,1.50
2013.01.02 06:34:35.135,1.55799,1.55844,1.50,1.50
2013.01.02 06:34:36.866,1.55797,1.55842,1.50,1.50
2013.01.02 06:34:36.925,1.55794,1.55842,1.50,1.50
2013.01.02 06:34:38.565,1.55792,1.55837,3.00,1.50
2013.01.02 06:34:46.097,1.55795,1.55837,1.50,1.50
2013.01.02 06:34:46.216,1.55795,1.55841,1.50,1.50
2013.01.02 06:34:48.205,1.55799,1.5584,1.50,1.50
2013.01.02 06:34:48.446,1.55809,1.55854,1.50,1.50
2013.01.02 06:34:53.007,1.55813,1.55857,1.50,1.50
2013.01.02 06:34:59.327,1.55813,1.5586,1.50,1.50
2013.01.02 06:35:03.045,1.55816,1.5586,1.50,1.50
2013.01.02 06:35:03.415,1.5583,1.5586,1.50,1.50
2013.01.02 06:35:03.477,1.55832,1.55879,1.50,1.50
2013.01.02 06:35:04.525,1.55832,1.5587,1.50,1.50
2013.01.02 06:35:04.585,1.55823,1.55868,2.25,1.50
2013.01.02 06:35:04.765,1.55823,1.55868,1.50,1.50
2013.01.02 06:35:05.055,1.55819,1.55865,1.88,1.50
2013.01.02 06:35:05.246,1.55812,1.55858,2.25,1.50
2013.01.02 06:35:05.367,1.55812,1.55858,1.50,1.50
2013.01.02 06:35:05.977,1.55803,1.55847,1.50,1.88
2013.01.02 06:35:06.334,1.55803,1.55842,1.50,2.25
2013.01.02 06:35:06.635,1.55807,1.55845,1.50,2.25
2013.01.02 06:35:07.087,1.55807,1.55853,1.50,1.50
2013.01.02 06:35:07.148,1.55807,1.55853,1.50,2.24
2013.01.02 06:35:07.275,1.55802,1.55849,1.50,2.25
2013.01.02 06:35:07.335,1.55792,1.55839,2.25,1.50
2013.01.02 06:35:07.766,1.55798,1.55843,1.50,2.25
2013.01.02 06:35:09.415,1.55798,1.55839,1.50,2.14
2013.01.02 06:35:09.654,1.55793,1.55838,1.50,2.25
2013.01.02 06:35:10.252,1.55793,1.55838,1.50,2.25
2013.01.02 06:35:12.328,1.55788,1.55835,1.50,2.25
2013.01.02 06:35:12.464,1.55788,1.55835,1.50,1.88
2013.01.02 06:35:12.616,1.55788,1.55835,1.50,1.50
2013.01.02 06:35:16.516,1.55784,1.55829,1.50,1.50
2013.01.02 06:35:17.416,1.55784,1.55822,1.50,1.50
2013.01.02 06:35:17.542,1.55773,1.5582,1.50,1.50
2013.01.02 06:35:20.805,1.5577,1.55815,1.50,1.50
2013.01.02 06:35:22.295,1.5577,1.55814,1.50,1.50
2013.01.02 06:35:28.072,1.5577,1.5581,1.50,1.50
2013.01.02 06:35:36.286,1.55767,1.5581,1.50,1.50
2013.01.02 06:35:36.835,1.55766,1.5581,1.50,1.50
2013.01.02 06:35:38.015,1.55766,1.55811,1.50,1.50
2013.01.02 06:35:42.285,1.55766,1.55808,1.50,1.50
2013.01.02 06:35:43.865,1.55766,1.55808,2.25,1.50
2013.01.02 06:35:44.205,1.5577,1.55808,1.50,1.50
2013.01.02 06:35:44.575,1.55773,1.55808,1.50,1.50
2013.01.02 06:35:44.705,1.55773,1.55812,1.50,1.50
2013.01.02 06:35:45.275,1.55773,1.55813,1.50,1.50
2013.01.02 06:35:46.055,1.55769,1.55813,1.50,1.50
2013.01.02 06:35:50.985,1.55769,1.55816,1.50,1.50
2013.01.02 06:35:51.182,1.55769,1.55812,1.50,1.50
2013.01.02 06:35:52.835,1.55769,1.55811,1.50,1.50
2013.01.02 06:35:54.446,1.55769,1.55812,1.50,1.50
2013.01.02 06:35:54.565,1.55769,1.55816,1.88,3.00
2013.01.02 06:35:54.625,1.55767,1.55808,1.88,1.50
2013.01.02 06:35:54.866,1.55763,1.55808,1.88,1.50
2013.01.02 06:35:55.256,1.55763,1.55808,1.50,1.50
2013.01.02 06:35:56.705,1.55767,1.55814,1.50,2.25
2013.01.02 06:35:57.245,1.55767,1.55814,1.50,1.50
2013.01.02 06:36:00.058,1.55767,1.55811,1.50,1.50
2013.01.02 06:36:00.115,1.55764,1.55809,1.50,1.50
2013.01.02 06:36:07.787,1.55767,1.55809,1.50,1.50
2013.01.02 06:36:07.845,1.55769,1.55812,1.50,1.50
2013.01.02 06:36:08.115,1.55772,1.55811,1.50,1.50
2013.01.02 06:36:10.016,1.55766,1.55811,2.25,1.50
2013.01.02 06:36:10.075,1.55766,1.55812,1.50,1.50
2013.01.02 06:36:10.665,1.55766,1.55811,1.50,1.50
2013.01.02 06:36:23.626,1.55773,1.55811,1.50,1.50
2013.01.02 06:36:23.955,1.55777,1.55811,1.50,1.50
2013.01.02 06:36:25.698,1.55777,1.55812,1.50,1.50
2013.01.02 06:36:25.796,1.5577,1.55812,1.50,1.50
2013.01.02 06:36:27.305,1.5577,1.55811,2.25,1.50
2013.01.02 06:36:28.345,1.5577,1.55812,1.50,1.50
2013.01.02 06:36:28.896,1.5577,1.55813,1.50,1.50
2013.01.02 06:36:32.035,1.5577,1.55812,1.50,1.50
2013.01.02 06:36:32.306,1.55766,1.55812,1.50,1.50
2013.01.02 06:36:39.826,1.55766,1.55813,1.50,1.50
2013.01.02 06:36:52.666,1.55767,1.55813,1.50,1.50
2013.01.02 06:37:09.556,1.55771,1.55814,1.50,1.50
2013.01.02 06:37:09.650,1.55771,1.55816,1.50,1.50
2013.01.02 06:37:09.715,1.55776,1.55816,1.50,1.50
2013.01.02 06:37:11.974,1.55776,1.55818,1.50,1.50
2013.01.02 06:37:16.295,1.55774,1.55817,1.50,2.63
2013.01.02 06:37:16.355,1.55771,1.55817,1.50,2.63
2013.01.02 06:37:16.595,1.55775,1.55817,1.50,1.88
2013.01.02 06:37:17.166,1.55775,1.55818,1.50,1.50
2013.01.02 06:37:17.745,1.55773,1.55818,1.50,3.00
2013.01.02 06:37:17.805,1.55771,1.55818,2.63,3.00
2013.01.02 06:37:18.335,1.55771,1.55817,1.50,1.88
2013.01.02 06:37:21.476,1.55771,1.55817,1.50,2.25
2013.01.02 06:37:21.596,1.55766,1.55813,2.25,1.50
2013.01.02 06:37:22.059,1.55771,1.55812,1.50,1.13
2013.01.02 06:37:22.128,1.55771,1.55816,1.50,3.00
2013.01.02 06:37:22.196,1.55771,1.55814,1.50,1.50
2013.01.02 06:37:22.654,1.55771,1.55816,1.50,2.25
2013.01.02 06:37:23.256,1.55774,1.55818,1.50,1.88
2013.01.02 06:37:23.555,1.55774,1.55822,1.50,1.88
2013.01.02 06:37:23.795,1.55779,1.55824,1.50,1.88
2013.01.02 06:37:24.095,1.55774,1.55822,1.50,1.88
2013.01.02 06:37:24.656,1.55774,1.55822,2.25,1.88
2013.01.02 06:37:24.776,1.55774,1.55822,2.25,1.50
2013.01.02 06:37:24.835,1.55781,1.55824,1.50,1.50
2013.01.02 06:37:24.895,1.55781,1.55826,1.50,1.50
2013.01.02 06:37:24.955,1.55785,1.55828,1.50,1.50
2013.01.02 06:37:25.076,1.55785,1.55832,1.50,3.00
2013.01.02 06:37:25.166,1.55784,1.55822,1.50,1.50
2013.01.02 06:37:25.285,1.55774,1.55822,1.88,1.88
2013.01.02 06:37:25.586,1.55774,1.55822,1.50,1.88
2013.01.02 06:37:25.801,1.55774,1.55822,1.50,1.88
2013.01.02 06:37:25.987,1.55781,1.55828,1.50,1.50
2013.01.02 06:37:30.915,1.55784,1.55828,1.50,1.50
2013.01.02 06:37:30.975,1.55786,1.55831,1.50,1.50
2013.01.02 06:37:31.515,1.55786,1.55832,1.50,1.50
2013.01.02 06:37:32.396,1.55786,1.55833,1.50,2.63
2013.01.02 06:37:32.755,1.55779,1.55822,1.50,1.50
2013.01.02 06:37:32.827,1.55779,1.55824,1.50,1.50
2013.01.02 06:37:33.185,1.55779,1.55824,1.50,1.88
2013.01.02 06:37:33.366,1.55776,1.55821,1.50,1.88
2013.01.02 06:37:38.735,1.55779,1.55827,1.50,3.00
2013.01.02 06:37:38.826,1.55779,1.55824,1.50,1.50
2013.01.02 06:37:39.197,1.55779,1.55827,1.50,1.50
2013.01.02 06:37:39.655,1.55779,1.55823,1.50,1.50
2013.01.02 06:37:39.716,1.55779,1.55827,1.50,1.50
2013.01.02 06:37:40.055,1.55779,1.55824,1.50,1.50
2013.01.02 06:37:40.336,1.55779,1.55827,1.50,1.50
2013.01.02 06:37:40.467,1.55779,1.55823,1.50,1.50
2013.01.02 06:37:40.888,1.55779,1.55827,1.50,1.50
2013.01.02 06:37:41.570,1.55779,1.55824,1.50,1.50
2013.01.02 06:37:41.787,1.55779,1.55827,1.50,3.00
2013.01.02 06:37:42.016,1.55779,1.55824,1.50,1.50
2013.01.02 06:37:42.636,1.55779,1.55823,1.50,1.50
2013.01.02 06:37:42.777,1.55779,1.55827,1.50,3.00
2013.01.02 06:37:43.345,1.55779,1.55826,1.50,1.50
2013.01.02 06:37:43.578,1.55779,1.55824,1.50,1.50
2013.01.02 06:37:43.796,1.55779,1.55826,1.50,1.50
2013.01.02 06:37:43.915,1.55775,1.55822,1.50,1.50
2013.01.02 06:37:44.395,1.55775,1.55822,1.50,2.25
2013.01.02 06:37:53.795,1.55775,1.55822,1.50,3.00
2013.01.02 06:37:53.980,1.55775,1.5582,1.50,1.13
2013.01.02 06:37:54.487,1.55775,1.55819,1.50,1.13
2013.01.02 06:37:55.556,1.55775,1.55822,1.50,1.88
2013.01.02 06:37:59.227,1.55775,1.55821,1.50,1.88
2013.01.02 06:38:01.295,1.55779,1.55823,1.50,1.88
2013.01.02 06:38:01.357,1.55779,1.55826,1.50,3.00
2013.01.02 06:38:01.978,1.55779,1.55825,1.50,1.50
2013.01.02 06:38:10.577,1.55779,1.55826,1.50,2.25
2013.01.02 06:38:10.755,1.55772,1.55819,1.50,1.50
2013.01.02 06:38:12.675,1.55778,1.55819,1.50,1.50
2013.01.02 06:38:12.753,1.55779,1.55826,1.50,2.25
2013.01.02 06:38:12.815,1.55779,1.55826,1.50,3.00
2013.01.02 06:38:21.998,1.55779,1.55825,1.50,1.88
2013.01.02 06:38:22.115,1.55775,1.55822,1.50,1.50
2013.01.02 06:38:23.295,1.55775,1.55822,1.50,1.88
2013.01.02 06:38:23.713,1.5577,1.55811,1.88,1.50
2013.01.02 06:38:24.446,1.5577,1.5581,1.50,1.50
2013.01.02 06:38:29.966,1.5577,1.55811,1.50,1.50
2013.01.02 06:38:30.086,1.55765,1.55811,1.50,1.50
2013.01.02 06:38:32.864,1.5577,1.55811,1.50,1.50
2013.01.02 06:38:33.534,1.5577,1.5581,1.50,1.50
2013.01.02 06:38:37.275,1.5577,1.55811,1.50,1.50
2013.01.02 06:38:38.425,1.5577,1.55813,1.50,1.50
2013.01.02 06:38:42.345,1.5577,1.55812,1.88,1.50
2013.01.02 06:38:42.725,1.5577,1.55813,1.50,1.50
2013.01.02 06:38:50.365,1.5577,1.55813,2.25,1.50
2013.01.02 06:38:50.667,1.55798,1.55834,1.50,1.50
2013.01.02 06:38:50.867,1.55798,1.55843,1.50,2.25
2013.01.02 06:38:50.985,1.55798,1.55843,1.50,1.88
2013.01.02 06:38:51.425,1.55798,1.55838,1.50,1.50
2013.01.02 06:38:51.935,1.55798,1.55843,1.50,2.25
2013.01.02 06:38:53.005,1.55798,1.5584,1.88,1.88
2013.01.02 06:38:53.365,1.55787,1.55829,1.50,1.50
2013.01.02 06:38:53.484,1.55787,1.55834,1.50,1.50
2013.01.02 06:38:53.545,1.55787,1.55834,2.25,1.50
2013.01.02 06:38:53.856,1.55794,1.55838,1.50,1.50
2013.01.02 06:38:54.215,1.55794,1.55836,1.50,1.50
2013.01.02 06:38:54.335,1.55787,1.55834,1.88,1.50
2013.01.02 06:38:54.546,1.55786,1.55829,1.88,1.50
2013.01.02 06:38:54.725,1.5579,1.55836,1.88,3.00
2013.01.02 06:38:55.413,1.5579,1.55834,1.88,1.50
2013.01.02 06:38:55.965,1.55789,1.55833,1.88,1.50
2013.01.02 06:38:56.085,1.55788,1.55833,1.50,1.50
2013.01.02 06:38:56.274,1.55788,1.55833,1.50,1.88
2013.01.02 06:38:56.514,1.55785,1.55829,1.50,1.50
2013.01.02 06:38:56.755,1.55787,1.5583,1.50,1.50
2013.01.02 06:38:56.815,1.55787,1.55832,1.50,1.50
2013.01.02 06:38:56.935,1.55787,1.55832,1.50,1.88
2013.01.02 06:38:57.385,1.55787,1.55828,1.50,1.50
2013.01.02 06:39:07.109,1.55787,1.55827,1.50,1.50
2013.01.02 06:39:09.265,1.55782,1.55827,1.88,1.50
2013.01.02 06:39:09.736,1.55782,1.55828,1.88,1.50
2013.01.02 06:39:09.856,1.55787,1.55828,1.50,1.50
2013.01.02 06:39:12.645,1.55783,1.55828,1.88,3.38
2013.01.02 06:39:13.146,1.55783,1.55828,1.88,3.38
2013.01.02 06:39:13.655,1.55783,1.55825,1.50,1.50
2013.01.02 06:39:14.265,1.55783,1.55825,1.50,1.88
2013.01.02 06:39:14.385,1.55778,1.55825,1.50,3.38
2013.01.02 06:39:25.736,1.55778,1.55825,1.50,3.38
2013.01.02 06:39:25.916,1.55778,1.55825,1.50,3.00
2013.01.02 06:39:26.036,1.55783,1.55825,1.50,1.50
2013.01.02 06:39:26.097,1.55783,1.55828,1.50,1.50
2013.01.02 06:39:26.246,1.5578,1.55823,1.50,1.50
2013.01.02 06:39:26.306,1.55778,1.55823,1.88,1.50
2013.01.02 06:39:26.676,1.55783,1.55824,1.50,1.50
2013.01.02 06:39:26.735,1.55783,1.55828,1.50,1.50
2013.01.02 06:39:29.247,1.55781,1.55824,1.50,1.50
2013.01.02 06:39:29.306,1.55777,1.55824,1.88,1.50
2013.01.02 06:39:29.425,1.55777,1.55824,1.50,1.50
2013.01.02 06:39:33.726,1.55781,1.55828,1.50,1.50
2013.01.02 06:39:53.665,1.55782,1.55829,1.50,3.00
2013.01.02 06:39:56.595,1.55782,1.55829,2.25,1.50
2013.01.02 06:39:56.838,1.55789,1.55836,1.50,1.50
2013.01.02 06:39:57.225,1.55794,1.55838,1.50,1.50
2013.01.02 06:39:57.872,1.55794,1.55839,1.50,1.50
2013.01.02 06:39:58.346,1.55798,1.55842,1.50,1.50
2013.01.02 06:39:58.405,1.55798,1.55845,1.50,1.50
2013.01.02 06:40:03.016,1.55798,1.55844,1.50,1.50
2013.01.02 06:40:03.077,1.55795,1.5584,1.50,1.50
2013.01.02 06:40:06.516,1.55796,1.5584,1.88,1.50
2013.01.02 06:40:06.575,1.55798,1.55844,1.88,1.50
2013.01.02 06:40:06.696,1.55802,1.55845,1.50,1.50
2013.01.02 06:40:06.815,1.55808,1.55855,1.50,2.25
2013.01.02 06:40:06.936,1.55808,1.55849,1.50,1.50
2013.01.02 06:40:07.055,1.55802,1.55847,1.50,1.50
2013.01.02 06:40:07.175,1.55805,1.55848,1.50,1.50
2013.01.02 06:40:07.516,1.55809,1.55848,1.50,1.50
2013.01.02 06:40:07.836,1.55809,1.55856,1.50,1.88
2013.01.02 06:40:08.765,1.55809,1.55855,1.50,1.88
2013.01.02 06:40:09.505,1.55809,1.55856,1.50,1.88
2013.01.02 06:40:14.705,1.55809,1.55856,1.50,1.88
2013.01.02 06:40:15.450,1.55809,1.55856,1.50,1.88
2013.01.02 06:40:16.260,1.55809,1.55856,1.88,1.88
2013.01.02 06:40:16.832,1.55809,1.55856,1.50,1.88
2013.01.02 06:40:25.535,1.55809,1.55856,1.50,1.88
2013.01.02 06:40:26.146,1.55809,1.55856,1.50,1.88
2013.01.02 06:40:26.263,1.55809,1.55856,1.50,1.88
2013.01.02 06:40:26.464,1.55809,1.55856,1.50,1.88
2013.01.02 06:40:27.687,1.55809,1.55856,1.50,1.88
2013.01.02 06:40:28.432,1.55809,1.55856,1.50,1.88
2013.01.02 06:40:33.765,1.55809,1.55856,1.50,1.88
2013.01.02 06:40:34.095,1.55813,1.5586,1.50,1.88
2013.01.02 06:40:34.155,1.55813,1.5586,1.50,1.88
2013.01.02 06:40:37.930,1.55813,1.5586,1.50,2.25
2013.01.02 06:40:38.132,1.55813,1.5586,1.50,1.88
2013.01.02 06:40:38.886,1.55811,1.55852,1.50,1.50
2013.01.02 06:40:38.945,1.55807,1.55852,1.88,1.50
2013.01.02 06:40:40.875,1.55812,1.55857,1.50,2.63
2013.01.02 06:40:41.385,1.55813,1.55857,1.50,1.50
2013.01.02 06:40:41.855,1.55815,1.55863,1.50,1.50
2013.01.02 06:40:45.665,1.55813,1.55859,1.50,1.50
2013.01.02 06:40:46.494,1.55812,1.55859,1.50,1.50
2013.01.02 06:40:46.835,1.55815,1.55863,1.50,1.50
2013.01.02 06:41:01.466,1.55812,1.55857,1.50,1.50
2013.01.02 06:41:01.665,1.55806,1.55854,3.38,1.50
2013.01.02 06:41:01.786,1.55809,1.55854,1.50,1.50
2013.01.02 06:41:03.735,1.55814,1.55862,1.50,2.25
2013.01.02 06:41:03.795,1.55814,1.55862,1.50,1.50
2013.01.02 06:41:12.776,1.55812,1.55855,1.88,1.50
2013.01.02 06:41:13.315,1.558,1.55845,1.88,1.50
2013.01.02 06:41:13.765,1.55805,1.55845,1.88,1.50
2013.01.02 06:41:14.286,1.55806,1.55845,1.50,1.50
2013.01.02 06:41:14.805,1.55806,1.55852,1.50,2.25
2013.01.02 06:41:15.386,1.55806,1.55852,1.50,1.50
2013.01.02 06:41:18.505,1.55805,1.55852,1.50,1.50
2013.01.02 06:41:21.706,1.55812,1.55857,1.50,1.88
2013.01.02 06:41:22.045,1.55816,1.55863,1.50,1.88
2013.01.02 06:41:22.632,1.55816,1.55863,1.50,1.88
2013.01.02 06:41:24.985,1.55816,1.55863,1.50,1.88
2013.01.02 06:41:26.936,1.55814,1.55854,1.50,1.50
2013.01.02 06:41:27.055,1.55811,1.55854,1.88,1.50
2013.01.02 06:41:27.315,1.55818,1.5586,1.50,1.88
2013.01.02 06:41:27.675,1.5582,1.5586,1.50,2.25
2013.01.02 06:41:27.795,1.55817,1.55864,1.50,1.50
2013.01.02 06:41:28.132,1.55824,1.55864,1.50,1.50
2013.01.02 06:41:28.956,1.55828,1.55865,1.50,1.50
2013.01.02 06:41:29.015,1.55828,1.55875,1.50,2.25
2013.01.02 06:41:29.580,1.55828,1.55875,1.50,1.50
2013.01.02 06:41:42.625,1.55833,1.55877,1.50,1.50
2013.01.02 06:41:42.926,1.55845,1.55874,1.50,1.50
2013.01.02 06:41:43.168,1.55828,1.55872,2.25,1.50
2013.01.02 06:41:43.228,1.55835,1.55876,2.25,1.50
2013.01.02 06:41:43.285,1.55835,1.55876,3.00,1.50
2013.01.02 06:41:43.346,1.55844,1.55884,1.50,1.50
2013.01.02 06:41:43.465,1.55847,1.55885,1.50,1.88
2013.01.02 06:41:43.525,1.55837,1.55884,1.88,1.50
2013.01.02 06:41:43.585,1.55837,1.55879,1.88,1.50
2013.01.02 06:41:43.765,1.55834,1.55881,1.88,1.50
2013.01.02 06:41:44.005,1.55834,1.55881,1.50,1.50
2013.01.02 06:41:44.186,1.55834,1.55881,2.25,1.50
2013.01.02 06:41:44.246,1.55843,1.5589,1.50,1.50
2013.01.02 06:41:44.465,1.55836,1.55882,1.50,1.50
2013.01.02 06:41:45.155,1.55837,1.55882,1.50,1.50
2013.01.02 06:41:48.395,1.55842,1.55883,1.50,1.50
2013.01.02 06:41:48.455,1.5584,1.55884,1.50,1.50
2013.01.02 06:41:48.582,1.55837,1.55884,1.50,1.50
2013.01.02 06:41:50.291,1.55835,1.55878,1.50,1.50
2013.01.02 06:41:50.361,1.55831,1.55878,1.50,1.50
2013.01.02 06:41:54.246,1.55837,1.55878,1.50,1.50
2013.01.02 06:41:54.305,1.55839,1.55886,1.50,1.50
2013.01.02 06:41:54.425,1.55839,1.55886,2.25,1.50
2013.01.02 06:41:54.801,1.55858,1.55899,1.50,1.50
2013.01.02 06:41:55.434,1.55858,1.55898,1.50,1.50
2013.01.02 06:41:57.475,1.55854,1.55899,1.50,1.50
2013.01.02 06:41:57.535,1.55851,1.55896,1.50,1.50
2013.01.02 06:41:57.595,1.55849,1.55896,1.88,1.50
2013.01.02 06:41:59.535,1.55846,1.55891,1.50,1.50
2013.01.02 06:41:59.708,1.55849,1.55896,1.50,1.50
2013.01.02 06:41:59.765,1.55845,1.55892,1.88,1.50
2013.01.02 06:41:59.825,1.55845,1.55892,1.50,1.50
2013.01.02 06:42:01.745,1.5585,1.55895,1.50,1.50
2013.01.02 06:42:03.996,1.55854,1.55899,1.50,3.00
2013.01.02 06:42:04.297,1.55851,1.55895,1.50,1.50
2013.01.02 06:42:04.872,1.5585,1.55895,1.50,1.50
2013.01.02 06:42:06.215,1.55853,1.55898,1.50,1.50
2013.01.02 06:42:08.626,1.55853,1.559,1.50,1.50
2013.01.02 06:42:10.427,1.55853,1.55898,1.50,1.50
2013.01.02 06:42:13.949,1.55853,1.55899,1.50,1.50
2013.01.02 06:42:25.965,1.55853,1.559,1.50,1.50
2013.01.02 06:42:26.636,1.55856,1.55901,1.50,1.50
2013.01.02 06:42:26.695,1.55856,1.55903,1.50,3.00
2013.01.02 06:42:27.205,1.55856,1.559,1.50,1.50
2013.01.02 06:42:27.365,1.55856,1.55902,1.50,1.50
2013.01.02 06:42:27.916,1.55856,1.55903,1.50,1.50
2013.01.02 06:42:28.476,1.55856,1.55902,1.50,1.50
2013.01.02 06:42:29.106,1.55856,1.55901,1.50,1.50
2013.01.02 06:42:29.225,1.55856,1.55903,1.50,3.00
2013.01.02 06:42:29.845,1.55856,1.55902,1.50,1.50
2013.01.02 06:42:30.286,1.55854,1.55902,1.50,1.50
2013.01.02 06:42:30.626,1.55853,1.559,1.50,1.50
2013.01.02 06:42:30.955,1.55853,1.55902,1.50,1.50
2013.01.02 06:42:31.776,1.55853,1.55903,1.50,1.50
2013.01.02 06:42:31.946,1.55853,1.55901,1.50,1.50
2013.01.02 06:42:32.646,1.55853,1.55902,1.50,1.50
2013.01.02 06:42:33.260,1.55853,1.55901,1.50,1.50
2013.01.02 06:42:33.766,1.55853,1.55902,1.50,1.50
2013.01.02 06:42:34.356,1.55853,1.55901,1.50,1.50
2013.01.02 06:42:34.495,1.55853,1.55907,1.50,1.50
2013.01.02 06:42:34.825,1.55853,1.559,1.50,1.50
2013.01.02 06:42:35.287,1.55853,1.55902,1.50,1.50
2013.01.02 06:42:35.815,1.55853,1.55901,1.50,1.50
2013.01.02 06:42:36.635,1.55853,1.55902,1.50,1.50
2013.01.02 06:42:36.976,1.55853,1.55907,1.50,1.50
2013.01.02 06:42:37.135,1.55853,1.55902,1.50,1.50
2013.01.02 06:42:37.467,1.55857,1.55902,1.50,1.50
2013.01.02 06:42:38.065,1.55857,1.55901,1.50,1.50
2013.01.02 06:42:38.845,1.55857,1.55904,1.50,1.50
2013.01.02 06:42:39.395,1.55857,1.55903,1.50,1.50
2013.01.02 06:42:44.661,1.55857,1.55904,1.50,3.00
2013.01.02 06:42:51.507,1.55857,1.55895,1.50,1.50
2013.01.02 06:42:53.426,1.5586,1.55906,1.50,2.25
2013.01.02 06:42:53.716,1.5586,1.55903,1.50,1.50
2013.01.02 06:42:54.437,1.5586,1.55906,1.50,3.00
2013.01.02 06:42:57.716,1.55858,1.559,1.50,1.50
2013.01.02 06:42:58.075,1.55858,1.55898,1.50,1.50
2013.01.02 06:42:58.615,1.55859,1.55899,1.50,1.50
2013.01.02 06:42:59.465,1.5586,1.55901,1.50,1.50
2013.01.02 06:43:00.617,1.55858,1.55905,1.50,1.88
2013.01.02 06:43:00.784,1.55858,1.559,1.50,1.50
2013.01.02 06:43:00.996,1.55856,1.559,1.50,3.00
2013.01.02 06:43:01.116,1.55863,1.55907,1.50,1.50
2013.01.02 06:43:01.236,1.5586,1.55906,3.00,3.00
2013.01.02 06:43:01.356,1.5586,1.55903,1.50,1.50
2013.01.02 06:43:01.888,1.55861,1.55903,1.50,1.50
2013.01.02 06:43:02.227,1.55861,1.55901,1.50,1.50
2013.01.02 06:43:02.836,1.55861,1.55906,1.50,2.25
2013.01.02 06:43:03.146,1.55862,1.55904,1.50,1.50
2013.01.02 06:43:03.540,1.55863,1.55907,1.50,2.25
2013.01.02 06:43:10.845,1.55864,1.55902,1.50,1.50
2013.01.02 06:43:15.627,1.5586,1.55902,1.50,1.50
2013.01.02 06:43:17.987,1.55855,1.55898,1.50,1.50
2013.01.02 06:43:18.046,1.55852,1.55897,1.50,1.50
2013.01.02 06:43:18.355,1.55852,1.55895,1.50,1.50
2013.01.02 06:43:35.556,1.55852,1.55896,1.50,1.50
2013.01.02 06:43:37.992,1.55852,1.55897,1.50,3.00
2013.01.02 06:43:38.596,1.5585,1.55896,1.50,1.50
2013.01.02 06:43:39.206,1.55849,1.55896,1.50,1.50
2013.01.02 06:43:58.599,1.55851,1.55896,1.50,1.50
2013.01.02 06:43:59.136,1.55851,1.55892,1.50,1.50
2013.01.02 06:43:59.609,1.55849,1.55891,1.50,1.50
2013.01.02 06:43:59.687,1.55847,1.55891,1.50,1.50
2013.01.02 06:44:00.263,1.55846,1.55891,3.00,1.50
2013.01.02 06:44:01.127,1.55851,1.55892,1.50,1.50
2013.01.02 06:44:01.786,1.55848,1.55892,1.50,1.50
2013.01.02 06:44:02.286,1.55847,1.55889,1.50,1.50
2013.01.02 06:44:02.695,1.55847,1.55891,1.50,1.50
2013.01.02 06:44:06.047,1.55847,1.55892,1.50,1.50
2013.01.02 06:44:06.326,1.55851,1.55896,1.50,3.38
2013.01.02 06:44:07.027,1.55852,1.55896,1.50,1.50
2013.01.02 06:44:08.786,1.55861,1.55899,1.50,1.88
2013.01.02 06:44:08.847,1.55861,1.55908,1.50,1.88
2013.01.02 06:44:09.186,1.5586,1.55901,1.50,1.50
2013.01.02 06:44:09.246,1.55857,1.55901,1.50,1.50
2013.01.02 06:44:09.427,1.55857,1.55901,2.25,1.50
2013.01.02 06:44:09.738,1.55863,1.55908,1.88,1.50
2013.01.02 06:44:09.916,1.55863,1.5591,1.88,1.50
2013.01.02 06:44:10.036,1.55867,1.55912,1.50,1.50
2013.01.02 06:44:13.307,1.55867,1.55911,1.50,1.50
2013.01.02 06:44:22.338,1.55865,1.5591,1.50,1.50
2013.01.02 06:44:24.566,1.55863,1.55907,1.50,1.50
2013.01.02 06:44:24.866,1.55855,1.559,1.50,1.50
2013.01.02 06:44:24.986,1.55853,1.55899,3.38,1.50
2013.01.02 06:44:26.467,1.55853,1.55898,1.50,1.50
2013.01.02 06:44:26.835,1.55859,1.559,1.50,1.50
2013.01.02 06:44:27.138,1.55865,1.55902,1.50,1.13
2013.01.02 06:44:27.496,1.55868,1.55914,1.50,1.50
2013.01.02 06:44:32.476,1.55865,1.55911,3.75,1.50
2013.01.02 06:44:32.836,1.55866,1.55901,1.50,1.50
2013.01.02 06:44:32.896,1.55851,1.55898,1.88,1.50
2013.01.02 06:44:33.016,1.55855,1.55902,1.50,1.50
2013.01.02 06:44:33.380,1.55861,1.55908,1.50,1.73
2013.01.02 06:44:44.006,1.55864,1.55908,1.50,1.73
2013.01.02 06:44:44.067,1.55867,1.55913,1.50,1.73
2013.01.02 06:44:46.196,1.55869,1.55913,1.50,1.73
2013.01.02 06:44:46.557,1.55877,1.55922,1.50,2.18
2013.01.02 06:44:52.476,1.55873,1.55919,1.50,2.18
2013.01.02 06:44:52.666,1.55876,1.55919,1.50,2.18
2013.01.02 06:44:52.846,1.55878,1.55923,1.50,3.23
2013.01.02 06:44:56.456,1.55878,1.55923,2.25,1.73
2013.01.02 06:44:56.815,1.55897,1.55928,1.50,1.50
2013.01.02 06:44:57.115,1.55909,1.55956,1.50,2.25
2013.01.02 06:44:57.515,1.55909,1.55952,1.50,1.50
2013.01.02 06:44:57.694,1.55909,1.55949,1.50,1.50
2013.01.02 06:44:57.754,1.55901,1.55946,1.50,1.50
2013.01.02 06:44:57.814,1.55894,1.55941,2.25,1.50
2013.01.02 06:44:58.373,1.55894,1.55941,1.50,1.50
2013.01.02 06:44:58.439,1.55908,1.55955,1.50,1.50
2013.01.02 06:44:58.755,1.55898,1.55945,1.50,1.50
2013.01.02 06:44:59.114,1.55892,1.55937,1.50,1.50
2013.01.02 06:45:02.037,1.55892,1.55936,1.50,1.50
2013.01.02 06:45:02.096,1.55888,1.55933,1.50,1.50
2013.01.02 06:45:02.725,1.55892,1.55937,1.50,1.50
2013.01.02 06:45:03.055,1.55895,1.55945,1.50,1.50
2013.01.02 06:45:05.956,1.55892,1.55942,1.50,1.50
2013.01.02 06:45:06.262,1.55891,1.55938,1.50,1.50
2013.01.02 06:45:06.735,1.55889,1.55935,1.50,1.50
2013.01.02 06:45:06.796,1.55887,1.55935,1.50,1.50
2013.01.02 06:45:07.544,1.55891,1.55938,1.50,1.50
2013.01.02 06:45:07.932,1.55895,1.55944,1.50,2.25
2013.01.02 06:45:08.449,1.55895,1.55944,1.50,1.50
2013.01.02 06:45:09.075,1.55894,1.55939,1.50,1.50
2013.01.02 06:45:09.134,1.55892,1.55939,1.50,1.50
2013.01.02 06:45:21.394,1.55892,1.55939,2.25,1.50
2013.01.02 06:45:21.455,1.55897,1.55944,1.50,1.50
2013.01.02 06:45:21.630,1.55904,1.55949,1.50,1.50
2013.01.02 06:45:21.945,1.55908,1.55953,1.50,1.50
2013.01.02 06:45:25.225,1.55912,1.55957,1.50,1.50
2013.01.02 06:45:26.794,1.55908,1.55953,1.50,1.50
2013.01.02 06:45:27.285,1.55908,1.55953,1.50,1.73
2013.01.02 06:45:27.465,1.55908,1.55953,1.50,1.73
2013.01.02 06:45:30.587,1.5591,1.55953,1.50,1.73
2013.01.02 06:45:31.412,1.55912,1.55957,1.50,1.73
2013.01.02 06:45:32.025,1.55908,1.55953,1.50,1.73
2013.01.02 06:45:35.509,1.55916,1.5596,1.50,1.73
2013.01.02 06:45:35.768,1.55916,1.55961,1.50,1.73
2013.01.02 06:45:35.826,1.5592,1.55965,1.50,1.73
2013.01.02 06:45:36.188,1.55923,1.5597,1.50,1.73
2013.01.02 06:45:36.327,1.55923,1.5597,1.50,1.73
2013.01.02 06:45:36.647,1.55919,1.55966,1.50,1.50
2013.01.02 06:45:38.976,1.55919,1.55964,1.50,1.50
2013.01.02 06:45:39.035,1.55915,1.55962,1.50,1.73
2013.01.02 06:45:40.276,1.55918,1.55966,1.50,3.23
2013.01.02 06:45:55.237,1.55918,1.55959,1.50,1.50
2013.01.02 06:45:55.416,1.5591,1.55956,1.50,1.50
2013.01.02 06:45:55.726,1.55913,1.55956,1.50,1.50
2013.01.02 06:45:56.077,1.55915,1.5596,1.50,1.73
2013.01.02 06:45:59.466,1.5591,1.55957,1.50,1.73
2013.01.02 06:45:59.527,1.55909,1.55953,1.50,1.50
2013.01.02 06:45:59.836,1.55907,1.55953,1.50,1.73
2013.01.02 06:46:01.247,1.55908,1.55953,1.50,1.73
2013.01.02 06:46:01.376,1.55906,1.55949,1.50,2.48
2013.01.02 06:46:01.496,1.55906,1.55944,1.50,1.50
2013.01.02 06:46:01.855,1.55884,1.55929,1.50,2.25
2013.01.02 06:46:01.975,1.55889,1.55931,1.50,1.73
2013.01.02 06:46:02.455,1.55884,1.55931,1.88,1.73
2013.01.02 06:46:02.575,1.55884,1.55931,1.50,1.73
2013.01.02 06:46:02.695,1.55887,1.55931,1.50,1.73
2013.01.02 06:46:03.019,1.55889,1.55935,1.50,1.73
2013.01.02 06:46:03.296,1.55887,1.55932,1.50,1.73
2013.01.02 06:46:03.415,1.55885,1.55932,1.50,1.73
2013.01.02 06:46:07.486,1.55889,1.55932,1.50,1.73
2013.01.02 06:46:07.845,1.55902,1.55949,1.50,2.48
2013.01.02 06:46:08.026,1.55902,1.55943,1.50,1.98
2013.01.02 06:46:08.146,1.55893,1.55941,1.50,1.73
2013.01.02 06:46:08.205,1.55893,1.55941,1.73,1.50
2013.01.02 06:46:08.326,1.55899,1.55944,1.50,1.50
2013.01.02 06:46:08.658,1.55903,1.55951,1.50,2.10
2013.01.02 06:46:09.026,1.55903,1.55947,1.50,1.73
2013.01.02 06:46:09.085,1.55899,1.55946,1.50,1.73
2013.01.02 06:46:09.206,1.55899,1.55946,1.50,1.50
2013.01.02 06:46:09.265,1.55901,1.55946,1.50,1.50
2013.01.02 06:46:09.645,1.55908,1.55953,1.50,1.73
2013.01.02 06:46:13.919,1.55908,1.5595,1.50,1.73
2013.01.02 06:46:13.976,1.55902,1.55949,1.50,1.73
2013.01.02 06:46:14.411,1.55899,1.55944,1.50,1.50
2013.01.02 06:46:14.726,1.55899,1.55944,1.50,1.73
2013.01.02 06:46:14.966,1.55899,1.55944,1.50,1.50
2013.01.02 06:46:15.286,1.55899,1.55944,1.50,1.73
2013.01.02 06:46:15.476,1.55899,1.55944,1.50,1.50
2013.01.02 06:46:15.685,1.55899,1.55944,1.50,1.73
2013.01.02 06:46:16.285,1.55899,1.55944,1.50,1.50
2013.01.02 06:46:17.089,1.55896,1.55941,1.50,1.50
2013.01.02 06:46:17.147,1.55893,1.55941,2.25,1.50
2013.01.02 06:46:19.075,1.55896,1.55941,1.50,1.50
2013.01.02 06:46:19.135,1.55898,1.55945,1.50,2.25
2013.01.02 06:46:22.806,1.55902,1.55949,1.50,1.50
2013.01.02 06:46:23.776,1.55908,1.5595,1.50,1.50
2013.01.02 06:46:23.836,1.55908,1.55953,1.50,1.50
2013.01.02 06:46:25.334,1.55908,1.55953,1.88,1.50
2013.01.02 06:46:25.516,1.55916,1.55961,1.50,1.50
2013.01.02 06:46:25.635,1.5592,1.55963,1.50,1.50
2013.01.02 06:46:25.756,1.5592,1.55965,1.50,1.50
2013.01.02 06:46:27.680,1.55916,1.55933,1.50,1.50
2013.01.02 06:46:27.746,1.55886,1.55916,1.73,1.50
2013.01.02 06:46:27.806,1.55886,1.55913,1.73,1.50
2013.01.02 06:46:28.105,1.55866,1.55913,1.88,1.50
2013.01.02 06:46:28.295,1.55866,1.55913,1.50,1.88
2013.01.02 06:46:28.515,1.5587,1.55916,1.50,1.88
2013.01.02 06:46:29.106,1.5587,1.55916,1.50,1.88
2013.01.02 06:46:30.026,1.55879,1.55927,1.50,1.88
2013.01.02 06:46:30.205,1.55883,1.5593,1.50,2.25
2013.01.02 06:46:30.707,1.55883,1.5593,1.50,1.50
2013.01.02 06:46:32.835,1.55883,1.5593,2.25,1.50
2013.01.02 06:46:37.936,1.5589,1.5593,1.50,1.50
2013.01.02 06:46:37.995,1.55893,1.55938,1.50,1.50
2013.01.02 06:46:38.056,1.55895,1.55938,1.50,1.50
2013.01.02 06:46:38.115,1.55898,1.55943,1.50,1.88
2013.01.02 06:46:38.725,1.55898,1.55943,1.50,1.88
2013.01.02 06:46:43.005,1.55907,1.55943,1.50,1.50
2013.01.02 06:46:43.064,1.55908,1.55955,1.50,1.88
2013.01.02 06:46:43.185,1.55908,1.55955,1.50,1.50
2013.01.02 06:46:43.365,1.5591,1.55955,1.50,1.50
2013.01.02 06:46:43.725,1.55913,1.55958,1.50,1.50
2013.01.02 06:46:44.895,1.55913,1.55958,1.50,2.25
2013.01.02 06:46:45.075,1.55893,1.5594,2.25,1.50
2013.01.02 06:46:45.134,1.55893,1.5594,1.88,1.50
2013.01.02 06:46:45.575,1.5589,1.55935,1.50,1.50
2013.01.02 06:46:46.306,1.5589,1.55935,1.50,1.88
2013.01.02 06:46:46.666,1.55906,1.55949,1.50,1.88
2013.01.02 06:46:46.845,1.55908,1.55956,1.50,2.25
2013.01.02 06:46:47.026,1.55905,1.5595,1.50,2.25
2013.01.02 06:46:47.145,1.55902,1.55945,2.25,1.50
2013.01.02 06:46:47.576,1.55904,1.55949,1.50,2.25
2013.01.02 06:46:47.696,1.55907,1.55954,1.50,3.00
2013.01.02 06:46:47.756,1.55915,1.55954,1.50,1.50
2013.01.02 06:46:48.075,1.5592,1.55965,1.50,1.88
2013.01.02 06:46:48.255,1.55915,1.5597,1.50,1.88
2013.01.02 06:46:48.375,1.55915,1.5597,1.50,1.50
2013.01.02 06:46:48.615,1.5592,1.55973,1.50,1.50
2013.01.02 06:46:48.675,1.55919,1.55976,1.50,1.50
2013.01.02 06:46:48.855,1.55919,1.55978,1.50,1.50
2013.01.02 06:46:49.106,1.55917,1.55973,1.50,1.50
2013.01.02 06:46:49.166,1.55915,1.55973,1.50,1.50
2013.01.02 06:46:49.345,1.5592,1.55976,1.50,1.50
2013.01.02 06:46:49.645,1.55923,1.55978,1.50,2.25
2013.01.02 06:46:49.966,1.55919,1.55974,1.50,2.48
2013.01.02 06:46:50.146,1.55919,1.55974,1.50,1.50
2013.01.02 06:46:50.265,1.55919,1.55965,1.50,1.50
2013.01.02 06:46:50.325,1.55917,1.55964,1.50,1.50
2013.01.02 06:46:50.856,1.55913,1.55961,1.50,3.00
2013.01.02 06:46:50.976,1.55915,1.55961,1.50,1.50
2013.01.02 06:46:51.035,1.55917,1.55964,1.50,1.50
2013.01.02 06:46:51.305,1.55913,1.5596,1.50,1.50
2013.01.02 06:46:51.708,1.55917,1.55963,1.50,1.50
2013.01.02 06:46:52.065,1.55919,1.55963,1.50,1.50
2013.01.02 06:46:52.486,1.55922,1.55963,1.50,1.50
2013.01.02 06:46:52.546,1.55922,1.55967,1.50,1.50
2013.01.02 06:46:52.606,1.55934,1.55977,1.50,1.35
2013.01.02 06:46:52.726,1.55923,1.5597,1.50,1.88
2013.01.02 06:46:52.976,1.55934,1.55979,1.50,1.88
2013.01.02 06:46:53.306,1.55925,1.55971,1.50,1.88
2013.01.02 06:46:53.365,1.55933,1.55974,1.50,1.88
2013.01.02 06:46:53.546,1.55927,1.55972,1.50,1.88
2013.01.02 06:46:53.788,1.55934,1.55979,1.50,1.88
2013.01.02 06:46:53.850,1.55934,1.55978,1.50,1.50
2013.01.02 06:46:54.285,1.55929,1.55976,1.50,1.50
2013.01.02 06:46:54.465,1.55932,1.55975,1.50,1.50
2013.01.02 06:46:54.775,1.55933,1.5598,1.50,3.38
2013.01.02 06:46:55.256,1.55933,1.5598,1.50,3.98
2013.01.02 06:46:55.435,1.55933,1.5598,1.50,1.88
2013.01.02 06:46:55.927,1.55923,1.5597,1.50,1.50
2013.01.02 06:46:56.285,1.55927,1.55974,1.50,1.50
2013.01.02 06:46:56.601,1.55932,1.55977,1.50,1.50
2013.01.02 06:46:56.906,1.55931,1.55976,1.50,1.88
2013.01.02 06:46:57.206,1.55929,1.55976,1.50,1.88
2013.01.02 06:46:57.625,1.55926,1.55971,1.50,1.50
2013.01.02 06:46:57.866,1.55933,1.5598,1.50,1.88
2013.01.02 06:46:57.925,1.55933,1.5598,1.88,1.50
2013.01.02 06:46:58.047,1.55937,1.55984,1.50,1.88
2013.01.02 06:46:58.227,1.55933,1.5598,2.25,1.50
2013.01.02 06:46:58.347,1.55937,1.55984,1.50,1.50
2013.01.02 06:46:58.465,1.55937,1.55984,1.50,2.25
2013.01.02 06:46:58.946,1.55939,1.55983,1.88,1.50
2013.01.02 06:46:59.006,1.55941,1.55989,1.88,1.50
2013.01.02 06:46:59.326,1.55941,1.55989,2.25,1.50
2013.01.02 06:46:59.507,1.55938,1.55985,1.50,1.50
2013.01.02 06:46:59.626,1.55938,1.55985,1.50,1.88
2013.01.02 06:46:59.855,1.55938,1.55984,1.50,1.50
2013.01.02 06:47:00.235,1.55933,1.55981,1.50,1.50
2013.01.02 06:47:01.449,1.55933,1.55977,1.50,1.50
2013.01.02 06:47:01.517,1.55929,1.55976,1.50,1.50
2013.01.02 06:47:11.056,1.55929,1.55976,2.25,1.50
2013.01.02 06:47:11.116,1.55935,1.5598,1.50,1.50
2013.01.02 06:47:11.235,1.55938,1.55985,1.50,2.63
2013.01.02 06:47:13.066,1.55934,1.55982,1.50,1.50
2013.01.02 06:47:13.306,1.5594,1.55985,1.50,1.50
2013.01.02 06:47:15.515,1.5594,1.55985,1.50,2.25
2013.01.02 06:47:15.576,1.55934,1.55981,1.50,1.50
2013.01.02 06:47:15.765,1.55934,1.55979,1.50,1.50
2013.01.02 06:47:16.086,1.55934,1.55976,1.50,1.50
2013.01.02 06:47:16.265,1.55934,1.55981,1.50,2.63
2013.01.02 06:47:16.995,1.55934,1.55976,1.50,1.50
2013.01.02 06:47:17.320,1.55934,1.55974,1.50,1.50
2013.01.02 06:47:17.385,1.55934,1.55981,1.50,1.88
2013.01.02 06:47:17.815,1.55934,1.55975,1.50,1.50
2013.01.02 06:47:18.106,1.55934,1.55981,1.50,1.88
2013.01.02 06:47:18.435,1.55934,1.55975,1.50,1.50
2013.01.02 06:47:18.597,1.55934,1.5598,1.50,1.13
2013.01.02 06:47:18.655,1.5593,1.55977,1.50,1.50
2013.01.02 06:47:19.165,1.5593,1.55973,1.50,1.50
2013.01.02 06:47:19.586,1.5593,1.55977,1.50,1.50
2013.01.02 06:47:19.835,1.5593,1.55973,1.50,1.50
2013.01.02 06:47:20.097,1.5593,1.55977,1.50,1.50
2013.01.02 06:47:20.406,1.5593,1.55975,1.50,1.50
2013.01.02 06:47:20.707,1.55918,1.55965,1.88,2.25
2013.01.02 06:47:20.767,1.55918,1.55965,1.50,2.25
2013.01.02 06:47:21.175,1.5591,1.55955,2.25,1.50
2013.01.02 06:47:21.365,1.5591,1.55955,1.50,1.50
2013.01.02 06:47:21.425,1.55905,1.55952,2.25,1.50
2013.01.02 06:47:22.056,1.55905,1.55952,1.50,1.50
2013.01.02 06:47:26.736,1.55905,1.55951,1.50,1.50
2013.01.02 06:47:26.795,1.55901,1.55949,1.50,1.50
2013.01.02 06:47:27.325,1.55901,1.55947,1.50,1.50
2013.01.02 06:47:27.807,1.55899,1.55944,1.50,1.50
2013.01.02 06:47:28.645,1.55896,1.55941,1.50,1.50
2013.01.02 06:47:28.713,1.55893,1.55941,1.50,1.50
2013.01.02 06:47:29.157,1.55893,1.55939,1.50,2.25
2013.01.02 06:47:29.476,1.55884,1.55917,1.50,1.50
2013.01.02 06:47:29.834,1.55889,1.55936,1.50,1.50
2013.01.02 06:47:30.965,1.55889,1.55936,2.25,1.50
2013.01.02 06:47:31.204,1.55893,1.55941,1.50,1.50
2013.01.02 06:47:38.565,1.55893,1.55941,1.73,1.50
2013.01.02 06:47:38.625,1.55898,1.55943,1.50,1.50
2013.01.02 06:47:45.036,1.55901,1.55943,1.50,1.50
2013.01.02 06:47:45.346,1.55921,1.5594,1.50,1.73
2013.01.02 06:47:45.406,1.55892,1.55939,2.25,1.73
2013.01.02 06:47:45.585,1.55911,1.55947,1.50,1.88
2013.01.02 06:47:45.645,1.55912,1.55952,2.25,1.73
2013.01.02 06:47:45.705,1.55917,1.55952,1.50,1.73
2013.01.02 06:47:46.176,1.5592,1.55962,1.50,1.21
2013.01.02 06:47:47.076,1.55912,1.55955,2.25,1.73
2013.01.02 06:47:47.135,1.55906,1.55954,1.88,1.73
2013.01.02 06:47:47.256,1.55906,1.5595,1.88,1.50
2013.01.02 06:47:47.737,1.55902,1.55949,1.50,1.50
2013.01.02 06:47:47.796,1.55904,1.55949,1.50,1.50
2013.01.02 06:47:47.856,1.55906,1.55953,1.50,1.73
2013.01.02 06:47:48.439,1.55906,1.55953,1.50,1.50
2013.01.02 06:48:01.606,1.55908,1.55953,1.50,1.50
2013.01.02 06:48:01.955,1.55911,1.55956,1.50,1.73
2013.01.02 06:48:02.636,1.55914,1.55956,1.50,1.73
2013.01.02 06:48:03.286,1.55915,1.55962,1.50,1.73
2013.01.02 06:48:05.403,1.55915,1.55962,1.50,1.73
2013.01.02 06:48:10.076,1.55911,1.55958,1.50,1.73
2013.01.02 06:48:15.757,1.5591,1.55953,1.50,1.73
2013.01.02 06:48:15.896,1.55908,1.55953,1.50,1.73
2013.01.02 06:48:23.159,1.55909,1.55953,1.50,1.73
2013.01.02 06:48:23.216,1.55914,1.55957,1.50,1.73
2013.01.02 06:48:23.335,1.55917,1.55963,1.50,2.10
2013.01.02 06:48:24.556,1.55912,1.55959,1.50,1.73
2013.01.02 06:48:29.205,1.55908,1.55954,1.50,2.10
2013.01.02 06:48:29.265,1.55902,1.55947,1.50,1.50
2013.01.02 06:48:29.385,1.55899,1.55941,1.50,1.50
2013.01.02 06:48:29.445,1.55895,1.55941,1.73,1.50
2013.01.02 06:48:29.565,1.55895,1.55941,1.50,1.73
2013.01.02 06:48:29.626,1.55895,1.55941,1.50,3.23
2013.01.02 06:48:29.985,1.55876,1.55915,1.36,1.50
2013.01.02 06:48:31.175,1.55887,1.55924,1.73,1.50
2013.01.02 06:48:31.235,1.5589,1.55927,1.50,1.13
2013.01.02 06:48:31.415,1.55896,1.5594,1.50,1.73
2013.01.02 06:48:34.310,1.55896,1.55941,1.50,1.73
2013.01.02 06:48:35.966,1.55891,1.55936,2.25,1.98
2013.01.02 06:48:36.026,1.55884,1.5593,2.25,1.73
2013.01.02 06:48:36.287,1.55884,1.5593,1.50,1.73
2013.01.02 06:48:39.016,1.55881,1.55926,1.50,2.10
2013.01.02 06:48:39.075,1.55881,1.55926,1.50,2.10
2013.01.02 06:48:39.275,1.55876,1.55923,1.50,1.73
2013.01.02 06:48:45.595,1.55875,1.55919,1.50,1.73
2013.01.02 06:48:45.655,1.55872,1.55919,1.50,1.73
2013.01.02 06:48:46.476,1.55872,1.55919,1.50,2.48
2013.01.02 06:48:46.656,1.55869,1.55914,1.50,1.50
2013.01.02 06:48:49.488,1.55873,1.5592,1.50,2.48
2013.01.02 06:48:49.835,1.55877,1.55924,1.50,2.48
2013.01.02 06:48:51.516,1.55871,1.55919,1.50,1.73
2013.01.02 06:48:51.575,1.55868,1.55915,1.50,1.50
2013.01.02 06:48:59.645,1.55874,1.55917,1.50,1.50
2013.01.02 06:48:59.985,1.55881,1.55928,1.50,2.48
2013.01.02 06:49:01.705,1.5588,1.5592,1.50,2.10
2013.01.02 06:49:01.767,1.55873,1.5592,1.50,2.10
2013.01.02 06:49:02.006,1.55871,1.55917,1.50,1.50
2013.01.02 06:49:02.468,1.55877,1.55919,1.50,2.10
2013.01.02 06:49:02.798,1.55881,1.55928,1.50,2.48
2013.01.02 06:49:03.567,1.55881,1.55928,1.50,2.48
2013.01.02 06:49:04.142,1.55881,1.55928,1.50,2.48
2013.01.02 06:49:04.515,1.55869,1.55916,2.48,1.50
2013.01.02 06:49:04.575,1.5587,1.55916,1.50,1.50
2013.01.02 06:49:04.696,1.55871,1.55916,1.50,2.63
2013.01.02 06:49:04.883,1.55859,1.55905,1.73,1.50
2013.01.02 06:49:07.286,1.55858,1.55905,2.75,1.50
2013.01.02 06:49:07.346,1.55867,1.55912,1.73,1.50
2013.01.02 06:49:14.485,1.55872,1.55915,1.50,1.50
2013.01.02 06:49:14.606,1.55872,1.55919,1.50,2.25
2013.01.02 06:49:14.786,1.55877,1.55922,1.50,1.50
2013.01.02 06:49:24.020,1.55877,1.55922,1.73,1.50
2013.01.02 06:49:24.325,1.55881,1.55925,1.50,1.50
2013.01.02 06:49:25.095,1.55881,1.55926,1.50,1.50
2013.01.02 06:49:26.387,1.55881,1.55926,1.73,1.50
2013.01.02 06:49:26.626,1.55881,1.55926,1.50,2.48
2013.01.02 06:49:26.747,1.55875,1.55922,1.50,1.73
2013.01.02 06:49:27.488,1.55875,1.55922,1.50,1.73
2013.01.02 06:49:27.658,1.55875,1.55922,1.50,1.73
2013.01.02 06:49:28.035,1.55875,1.55922,1.50,1.73
2013.01.02 06:49:28.216,1.55875,1.55922,1.50,1.73
2013.01.02 06:49:28.428,1.55875,1.55922,1.50,1.73
2013.01.02 06:49:28.974,1.55875,1.55922,1.50,1.73
2013.01.02 06:49:33.237,1.55875,1.55922,1.50,2.48
2013.01.02 06:49:33.296,1.55875,1.55919,1.50,1.73
2013.01.02 06:49:33.356,1.55872,1.55917,1.50,1.50
2013.01.02 06:49:39.750,1.55875,1.55919,1.50,1.73
2013.01.02 06:49:41.840,1.5587,1.55918,1.50,1.73
2013.01.02 06:49:49.706,1.5587,1.55918,2.25,1.73
2013.01.02 06:49:50.108,1.55876,1.55923,1.50,2.10
2013.01.02 06:49:55.176,1.55874,1.55915,1.50,1.50
2013.01.02 06:49:55.486,1.5587,1.55915,1.50,1.73
2013.01.02 06:49:59.926,1.5587,1.55915,1.50,1.73
2013.01.02 06:50:00.107,1.55873,1.5592,1.50,2.10
2013.01.02 06:50:00.573,1.55873,1.5592,1.50,3.51
2013.01.02 06:50:00.637,1.55869,1.55916,1.50,1.73
2013.01.02 06:50:07.156,1.55864,1.55911,1.50,1.73
2013.01.02 06:50:07.216,1.55862,1.55904,3.00,1.50
2013.01.02 06:50:07.277,1.55859,1.55904,1.50,1.50
2013.01.02 06:50:07.337,1.55859,1.55904,1.50,1.73
2013.01.02 06:50:15.338,1.55857,1.55899,1.50,1.50
2013.01.02 06:50:15.646,1.55866,1.55911,1.50,2.00
2013.01.02 06:50:17.407,1.55859,1.55904,1.50,2.75
2013.01.02 06:50:17.467,1.55853,1.55901,1.50,1.73
2013.01.02 06:50:17.586,1.55859,1.55904,1.50,1.50
2013.01.02 06:50:17.774,1.55861,1.55904,1.50,1.50
2013.01.02 06:50:18.106,1.55864,1.55909,1.50,2.10
2013.01.02 06:50:18.434,1.55868,1.55909,1.50,1.73
2013.01.02 06:50:19.619,1.55868,1.55909,1.50,2.10
2013.01.02 06:50:19.976,1.5586,1.55903,1.50,1.50
2013.01.02 06:50:21.498,1.55865,1.55904,1.50,1.50
2013.01.02 06:50:21.556,1.55865,1.55908,1.50,2.10
2013.01.02 06:50:21.616,1.55873,1.55909,1.50,2.10
2013.01.02 06:50:21.916,1.55868,1.55911,1.50,1.73
2013.01.02 06:50:22.038,1.55868,1.55911,1.50,2.22
2013.01.02 06:50:22.338,1.55865,1.55906,1.50,2.22
2013.01.02 06:50:22.587,1.55868,1.55906,2.25,2.22
2013.01.02 06:50:22.979,1.55871,1.55906,1.50,2.22
2013.01.02 06:50:23.097,1.55871,1.55906,1.50,1.73
2013.01.02 06:50:23.157,1.55873,1.55916,1.50,2.02
2013.01.02 06:50:23.646,1.55881,1.55921,1.50,1.15
2013.01.02 06:50:23.766,1.55881,1.55921,1.50,1.05
2013.01.02 06:50:25.865,1.55875,1.55916,1.50,1.73
2013.01.02 06:50:26.956,1.5587,1.55911,1.50,1.73
2013.01.02 06:50:37.300,1.55868,1.55902,1.50,1.50
2013.01.02 06:50:37.426,1.55859,1.55902,1.50,1.50
2013.01.02 06:50:38.256,1.55854,1.55897,1.73,1.50
2013.01.02 06:50:38.376,1.5585,1.55893,2.25,1.50
2013.01.02 06:50:39.123,1.5585,1.55893,1.50,1.50
2013.01.02 06:50:39.380,1.55856,1.55899,1.50,1.73
2013.01.02 06:50:44.346,1.55864,1.55905,1.50,1.73
2013.01.02 06:50:44.586,1.55857,1.559,1.50,1.73
2013.01.02 06:50:50.605,1.55856,1.55895,1.50,1.73
2013.01.02 06:50:50.786,1.55854,1.55895,1.50,1.73
2013.01.02 06:50:52.196,1.55854,1.55892,1.50,1.50
2013.01.02 06:50:52.436,1.55834,1.55877,2.25,1.50
2013.01.02 06:50:52.998,1.55839,1.55878,1.50,1.50
2013.01.02 06:50:53.055,1.55839,1.55882,1.50,1.73
2013.01.02 06:50:57.439,1.55836,1.55877,1.50,1.50
2013.01.02 06:50:59.206,1.55838,1.55877,1.50,1.50
2013.01.02 06:50:59.266,1.5584,1.55882,1.50,1.50
2013.01.02 06:50:59.325,1.55842,1.55882,1.50,1.50
2013.01.02 06:50:59.386,1.55843,1.55886,1.50,1.88
2013.01.02 06:50:59.447,1.55848,1.5589,1.50,1.88
2013.01.02 06:50:59.566,1.55852,1.55893,1.50,1.73
2013.01.02 06:50:59.746,1.55852,1.55893,1.50,2.27
2013.01.02 06:50:59.986,1.55837,1.55878,1.50,1.50
2013.01.02 06:51:01.665,1.55837,1.55877,1.50,1.50
2013.01.02 06:51:01.725,1.55832,1.55875,1.50,1.50
2013.01.02 06:51:06.565,1.55834,1.55875,1.50,1.50
2013.01.02 06:51:06.625,1.55836,1.55879,1.50,1.88
2013.01.02 06:51:08.996,1.55836,1.55876,1.50,1.50
2013.01.02 06:51:09.056,1.55832,1.55873,1.50,1.50
2013.01.02 06:51:11.726,1.55832,1.55873,1.50,1.73
2013.01.02 06:51:11.786,1.55829,1.5587,1.50,1.73
2013.01.02 06:51:11.846,1.55827,1.5587,1.50,1.73
2013.01.02 06:51:11.965,1.55818,1.55859,2.25,1.50
2013.01.02 06:51:12.335,1.55818,1.55859,1.50,1.50
2013.01.02 06:51:16.094,1.55821,1.55861,1.50,1.50
2013.01.02 06:51:16.156,1.55821,1.55864,1.50,1.50
2013.01.02 06:51:16.935,1.55827,1.55866,1.50,1.73
2013.01.02 06:51:17.176,1.55813,1.55854,1.50,1.73
2013.01.02 06:51:17.236,1.55811,1.55847,1.50,1.73
2013.01.02 06:51:17.297,1.55794,1.55847,2.25,1.73
2013.01.02 06:51:17.356,1.55794,1.55847,2.25,1.73
2013.01.02 06:51:17.415,1.558,1.55847,1.50,1.73
2013.01.02 06:51:17.836,1.55787,1.55846,1.50,2.48
2013.01.02 06:51:18.365,1.55787,1.55846,1.50,2.48
2013.01.02 06:51:18.425,1.55787,1.55846,1.50,2.25
2013.01.02 06:51:18.486,1.55789,1.5584,1.50,1.50
2013.01.02 06:51:18.606,1.55787,1.55843,1.50,1.50
2013.01.02 06:51:18.665,1.55789,1.55837,1.50,1.50
2013.01.02 06:51:18.906,1.55788,1.55841,1.50,1.88
2013.01.02 06:51:19.026,1.55792,1.55835,1.50,1.50
2013.01.02 06:51:19.186,1.55786,1.55836,1.50,1.50
2013.01.02 06:51:19.315,1.55786,1.55834,1.50,1.50
2013.01.02 06:51:19.376,1.55782,1.55833,2.25,1.50
2013.01.02 06:51:19.435,1.55782,1.5583,3.75,1.50
2013.01.02 06:51:19.736,1.55815,1.55856,1.50,1.59
2013.01.02 06:51:19.796,1.55811,1.55846,1.50,1.45
2013.01.02 06:51:19.915,1.55788,1.55835,1.88,1.50
2013.01.02 06:51:20.036,1.55795,1.55837,1.50,1.50
2013.01.02 06:51:20.216,1.5579,1.55834,1.50,1.73
2013.01.02 06:51:22.036,1.5579,1.55834,1.50,1.50
2013.01.02 06:51:22.097,1.55794,1.55834,1.50,1.50
2013.01.02 06:51:22.216,1.55795,1.5584,1.50,1.73
2013.01.02 06:51:23.036,1.55795,1.55837,1.50,1.50
2013.01.02 06:51:23.095,1.5579,1.55835,1.50,1.50
2013.01.02 06:51:23.686,1.5579,1.55835,2.25,1.50
2013.01.02 06:51:23.746,1.55797,1.55853,2.10,2.25
2013.01.02 06:51:23.925,1.55795,1.55838,1.73,1.50
2013.01.02 06:51:23.986,1.55797,1.55838,1.50,1.73
2013.01.02 06:51:24.107,1.55782,1.55838,1.13,1.73
2013.01.02 06:51:24.166,1.55785,1.55839,1.50,1.73
2013.01.02 06:51:24.226,1.55785,1.55843,1.73,1.73
2013.01.02 06:51:26.278,1.55785,1.55843,1.73,1.73
2013.01.02 06:51:26.757,1.55787,1.55843,1.73,1.50
2013.01.02 06:51:27.116,1.55804,1.55856,1.50,1.45
2013.01.02 06:51:27.237,1.55805,1.5586,1.50,2.20
2013.01.02 06:51:27.296,1.55805,1.5586,1.73,1.73
2013.01.02 06:51:27.356,1.55808,1.55864,1.50,1.73
2013.01.02 06:51:28.446,1.5582,1.55864,1.50,1.73
2013.01.02 06:51:28.508,1.5582,1.55864,1.50,1.50
2013.01.02 06:51:28.567,1.55823,1.55865,1.50,1.50
2013.01.02 06:51:31.707,1.55823,1.55865,1.50,1.73
2013.01.02 06:51:31.977,1.55817,1.55862,1.50,1.73
2013.01.02 06:51:32.578,1.55817,1.55862,1.50,2.10
2013.01.02 06:51:34.505,1.55817,1.55862,2.25,2.10
2013.01.02 06:51:34.566,1.55823,1.55865,1.50,1.88
2013.01.02 06:51:34.626,1.55833,1.55875,1.50,2.85
2013.01.02 06:51:34.805,1.55835,1.5587,1.50,1.73
2013.01.02 06:51:34.865,1.55828,1.5587,1.50,1.73
2013.01.02 06:51:35.485,1.55828,1.5587,1.50,1.50
2013.01.02 06:51:36.726,1.55836,1.55878,1.50,1.73
2013.01.02 06:51:37.575,1.55828,1.5587,1.50,1.50
2013.01.02 06:51:39.427,1.55833,1.5587,1.50,1.50
2013.01.02 06:51:39.501,1.55835,1.55878,1.50,1.73
2013.01.02 06:51:41.766,1.55839,1.55881,1.50,1.73
2013.01.02 06:51:41.825,1.55839,1.55881,1.50,1.73
2013.01.02 06:51:42.006,1.55837,1.55877,1.50,1.73
2013.01.02 06:51:45.265,1.55839,1.55877,1.50,1.73
2013.01.02 06:51:45.326,1.55841,1.55883,1.50,1.73
2013.01.02 06:51:45.386,1.55846,1.55885,1.50,1.73
2013.01.02 06:51:45.696,1.55849,1.55879,1.50,1.50
2013.01.02 06:51:45.756,1.55835,1.55878,2.25,1.73
2013.01.02 06:51:45.816,1.55835,1.55878,1.50,1.73
2013.01.02 06:51:48.127,1.55831,1.55874,1.50,1.73
2013.01.02 06:51:49.545,1.55838,1.55874,1.50,1.50
2013.01.02 06:51:49.606,1.5584,1.55881,1.50,1.73
2013.01.02 06:51:49.666,1.55847,1.5589,1.50,2.37
2013.01.02 06:51:50.376,1.55842,1.55885,1.50,1.73
2013.01.02 06:51:53.256,1.55829,1.55872,2.25,1.50
2013.01.02 06:51:53.316,1.55829,1.55872,1.50,1.73
2013.01.02 06:51:54.507,1.55829,1.55872,1.50,1.50
2013.01.02 06:51:54.566,1.55835,1.55874,1.50,1.50
2013.01.02 06:51:54.876,1.55841,1.55879,1.50,1.73
2013.01.02 06:51:55.236,1.55837,1.55878,1.50,1.73
2013.01.02 06:51:55.836,1.55833,1.55874,1.50,1.73
2013.01.02 06:51:59.047,1.55828,1.55871,1.50,1.73
2013.01.02 06:52:00.037,1.55831,1.55875,1.50,1.73
2013.01.02 06:52:00.156,1.55831,1.55875,1.50,1.73
2013.01.02 06:52:01.797,1.55831,1.55875,1.50,1.50
2013.01.02 06:52:10.807,1.55836,1.55878,1.50,1.50
2013.01.02 06:52:14.316,1.55834,1.55872,1.50,1.50
2013.01.02 06:52:14.377,1.55829,1.55872,1.50,1.50
2013.01.02 06:52:16.516,1.55831,1.55872,1.50,1.50
2013.01.02 06:52:17.154,1.55834,1.55875,1.50,1.50
2013.01.02 06:52:24.825,1.55834,1.55875,3.00,1.50
2013.01.02 06:52:24.886,1.55837,1.55881,2.25,1.50
2013.01.02 06:52:24.946,1.55848,1.5589,1.50,1.88
2013.01.02 06:52:25.126,1.55848,1.5589,1.50,1.50
2013.01.02 06:52:25.935,1.5585,1.5589,1.50,1.50
2013.01.02 06:52:25.996,1.55853,1.55894,1.50,1.50
2013.01.02 06:52:26.356,1.55865,1.55907,1.50,1.50
2013.01.02 06:52:26.596,1.55861,1.55904,1.50,1.50
2013.01.02 06:52:26.715,1.55858,1.559,1.50,1.50
2013.01.02 06:52:28.973,1.55855,1.55896,1.50,1.50
2013.01.02 06:52:29.396,1.55858,1.55901,1.50,1.50
2013.01.02 06:52:29.456,1.55858,1.55899,1.50,1.50
2013.01.02 06:52:29.816,1.55856,1.55892,1.50,1.50
2013.01.02 06:52:29.876,1.55858,1.559,1.50,2.25
2013.01.02 06:52:30.056,1.55858,1.55895,1.50,1.50
2013.01.02 06:52:30.115,1.5585,1.55893,1.50,1.50
2013.01.02 06:52:30.295,1.55852,1.55893,1.50,1.50
2013.01.02 06:52:30.356,1.55855,1.55897,1.50,1.50
2013.01.02 06:52:30.416,1.55859,1.559,1.50,2.25
2013.01.02 06:52:30.656,1.55855,1.55897,1.50,1.50
2013.01.02 06:52:30.724,1.55844,1.55886,1.50,1.50
2013.01.02 06:52:30.966,1.55851,1.55895,1.50,1.50
2013.01.02 06:52:31.026,1.55851,1.55891,1.50,1.50
2013.01.02 06:52:31.086,1.55847,1.55889,1.50,1.50
2013.01.02 06:52:31.206,1.55843,1.55885,1.50,1.50
2013.01.02 06:52:31.626,1.55846,1.55888,1.50,1.50
2013.01.02 06:52:31.866,1.55853,1.55896,1.50,1.50
2013.01.02 06:52:31.927,1.55844,1.55888,1.50,1.50
2013.01.02 06:52:32.046,1.55844,1.55879,1.50,1.50
2013.01.02 06:52:32.286,1.55844,1.55882,1.50,1.50
2013.01.02 06:52:32.532,1.55844,1.55887,1.50,2.25
2013.01.02 06:52:32.657,1.55833,1.55877,3.00,1.50
2013.01.02 06:52:32.776,1.55835,1.55876,1.50,1.50
2013.01.02 06:52:32.896,1.55837,1.55881,1.50,1.50
2013.01.02 06:52:37.666,1.55841,1.55882,1.50,1.50
2013.01.02 06:52:37.727,1.55841,1.55884,1.50,1.50
2013.01.02 06:52:37.786,1.55846,1.55885,1.50,1.50
2013.01.02 06:52:37.846,1.55846,1.55887,1.50,1.50
2013.01.02 06:52:38.336,1.55843,1.55885,1.50,1.50
2013.01.02 06:52:38.396,1.55841,1.55885,1.50,1.50
2013.01.02 06:52:39.396,1.55841,1.55885,1.88,1.50
2013.01.02 06:52:39.936,1.55852,1.55889,1.50,1.50
2013.01.02 06:52:39.996,1.55852,1.55895,1.50,1.50
2013.01.02 06:52:40.616,1.55857,1.55896,1.50,1.50
2013.01.02 06:52:40.743,1.55857,1.55898,1.50,1.50
2013.01.02 06:52:43.947,1.55854,1.55886,1.50,1.50
2013.01.02 06:52:44.066,1.55843,1.55886,1.50,1.50
2013.01.02 06:52:46.486,1.55843,1.55886,1.88,1.50
2013.01.02 06:52:46.546,1.55843,1.55886,2.10,1.50
2013.01.02 06:52:46.606,1.55847,1.5589,1.73,1.50
2013.01.02 06:52:46.665,1.55852,1.55895,1.50,1.50
2013.01.02 06:52:47.035,1.55857,1.55896,1.50,1.50
2013.01.02 06:52:47.575,1.55857,1.55897,1.50,1.50
2013.01.02 06:52:49.325,1.55857,1.55897,1.50,2.25
2013.01.02 06:52:49.386,1.55853,1.55893,1.50,1.50
2013.01.02 06:52:49.446,1.55846,1.55888,1.73,1.50
2013.01.02 06:52:51.277,1.55852,1.55893,1.50,1.50
2013.01.02 06:52:51.726,1.55852,1.55895,1.50,3.00
2013.01.02 06:52:57.196,1.55857,1.55898,1.50,1.50
2013.01.02 06:53:01.575,1.55854,1.55894,1.50,1.50
2013.01.02 06:53:02.217,1.55854,1.55894,1.50,1.73
2013.01.02 06:53:05.016,1.55848,1.55891,1.50,1.50
2013.01.02 06:53:06.336,1.55847,1.55885,1.50,1.50
2013.01.02 06:53:06.397,1.55844,1.55885,1.50,1.50
2013.01.02 06:53:08.366,1.55848,1.55889,1.50,1.50
2013.01.02 06:53:13.225,1.55845,1.55885,3.00,1.50
2013.01.02 06:53:28.246,1.55848,1.55888,1.50,1.73
2013.01.02 06:53:28.366,1.55848,1.55889,1.50,1.50
2013.01.02 06:54:09.263,1.55847,1.55888,1.50,1.50
2013.01.02 06:54:17.317,1.55847,1.55886,1.50,1.50
2013.01.02 06:54:17.376,1.55842,1.55884,1.50,1.50
2013.01.02 06:54:35.116,1.55847,1.55889,1.50,1.50
2013.01.02 06:54:35.237,1.55851,1.55894,1.50,1.50
2013.01.02 06:54:37.676,1.55854,1.55894,1.50,1.50
2013.01.02 06:54:37.736,1.55855,1.55897,1.50,1.50
2013.01.02 06:54:40.086,1.55855,1.55893,1.50,1.50
2013.01.02 06:54:40.147,1.5585,1.55891,1.50,1.50
2013.01.02 06:54:40.207,1.55846,1.55887,1.50,1.50
2013.01.02 06:54:42.326,1.55849,1.55887,1.50,1.50
2013.01.02 06:54:42.386,1.55851,1.55891,1.50,1.50
2013.01.02 06:54:48.326,1.55846,1.55889,1.50,1.50
2013.01.02 06:54:50.118,1.55846,1.55889,2.25,1.50
2013.01.02 06:54:50.476,1.5586,1.55901,1.50,1.88
2013.01.02 06:54:52.316,1.5586,1.55895,1.50,1.50
2013.01.02 06:54:53.036,1.55853,1.55893,1.50,1.50
2013.01.02 06:55:05.717,1.55848,1.55889,1.50,1.50
2013.01.02 06:55:06.076,1.55845,1.55883,2.25,1.50
2013.01.02 06:55:06.196,1.55842,1.55883,1.50,1.50
2013.01.02 06:55:07.656,1.55842,1.55883,2.25,1.50
2013.01.02 06:55:07.787,1.5585,1.55892,1.50,1.50
2013.01.02 06:55:12.407,1.55849,1.55889,1.50,1.50
2013.01.02 06:55:12.467,1.55846,1.55889,1.50,1.50
2013.01.02 06:55:14.447,1.55849,1.55889,1.50,1.50
2013.01.02 06:55:14.507,1.55851,1.55893,1.50,1.50
2013.01.02 06:55:18.316,1.55851,1.55891,1.50,1.50
2013.01.02 06:55:18.436,1.55843,1.55884,1.50,1.50
2013.01.02 06:55:19.769,1.55846,1.55887,1.50,1.50
2013.01.02 06:55:19.843,1.55846,1.55889,1.50,1.50
2013.01.02 06:55:20.277,1.55843,1.55883,1.50,1.50
2013.01.02 06:55:21.806,1.5584,1.55881,1.50,1.50
2013.01.02 06:55:21.926,1.55834,1.55877,1.50,1.50
2013.01.02 06:55:22.406,1.55839,1.55882,1.50,1.50
2013.01.02 06:55:22.716,1.55844,1.55887,1.50,1.50
2013.01.02 06:55:23.036,1.55847,1.55887,1.50,1.50
2013.01.02 06:55:23.096,1.55848,1.55891,1.50,1.50
2013.01.02 06:55:24.286,1.55848,1.5589,1.50,1.50
2013.01.02 06:55:24.346,1.55848,1.55888,1.50,1.50
2013.01.02 06:55:26.007,1.55843,1.55886,1.50,1.50
2013.01.02 06:55:35.227,1.55846,1.55886,1.50,1.50
2013.01.02 06:55:35.287,1.55848,1.55891,1.50,1.50
2013.01.02 06:55:43.198,1.55848,1.55888,1.50,1.50
2013.01.02 06:55:43.257,1.55845,1.55886,1.50,1.50
2013.01.02 06:55:44.470,1.55845,1.55885,1.50,1.50
2013.01.02 06:55:44.537,1.55841,1.55882,1.50,1.50
2013.01.02 06:55:48.377,1.55845,1.55887,1.50,1.50
2013.01.02 06:55:54.267,1.55847,1.55888,1.50,1.50
2013.01.02 06:55:54.327,1.55847,1.5589,1.50,1.50
2013.01.02 06:55:57.007,1.55844,1.55887,1.50,1.50
2013.01.02 06:55:57.067,1.55842,1.55887,1.50,1.50
2013.01.02 06:55:59.487,1.5585,1.55888,1.50,1.50
2013.01.02 06:55:59.606,1.5585,1.55892,1.50,1.50
2013.01.02 06:56:00.276,1.55853,1.55894,1.50,1.50
2013.01.02 06:56:00.336,1.55853,1.55896,1.50,1.50
2013.01.02 06:56:00.866,1.55851,1.55892,1.50,1.50
2013.01.02 06:56:00.926,1.55849,1.55892,1.88,1.50
2013.01.02 06:56:01.467,1.55849,1.55883,1.50,1.50
2013.01.02 06:56:01.526,1.55837,1.55882,1.88,1.50
2013.01.02 06:56:01.658,1.55842,1.55882,1.50,1.50
2013.01.02 06:56:01.777,1.55837,1.55882,1.50,1.50
2013.01.02 06:56:01.996,1.5584,1.55882,1.50,1.50
2013.01.02 06:56:02.125,1.55841,1.55886,1.50,1.50
2013.01.02 06:56:07.716,1.5584,1.55881,1.50,1.50
2013.01.02 06:56:07.776,1.55838,1.55881,1.50,1.50
2013.01.02 06:56:12.236,1.55833,1.55876,1.50,1.50
2013.01.02 06:56:14.146,1.55833,1.55873,1.50,1.50
2013.01.02 06:56:14.207,1.55828,1.55871,1.50,1.50
2013.01.02 06:56:21.528,1.55834,1.55877,1.50,1.50
2013.01.02 06:56:23.132,1.55834,1.55875,1.50,1.50
2013.01.02 06:56:23.199,1.5583,1.55873,1.50,1.50
2013.01.02 06:56:24.317,1.55825,1.5587,1.50,1.50
2013.01.02 06:56:25.686,1.55824,1.55866,1.50,1.50
2013.01.02 06:56:25.806,1.55821,1.55866,1.50,1.50
2013.01.02 06:56:25.926,1.55819,1.55861,1.50,1.50
2013.01.02 06:56:26.227,1.55812,1.55856,1.50,1.50
2013.01.02 06:56:26.757,1.55812,1.55856,1.50,2.25
2013.01.02 06:56:26.817,1.55812,1.55853,1.50,1.50
2013.01.02 06:56:26.997,1.55801,1.55844,1.50,1.50
2013.01.02 06:56:28.138,1.55805,1.55846,1.50,1.50
2013.01.02 06:56:28.207,1.55805,1.55848,1.50,1.50
2013.01.02 06:56:28.836,1.55802,1.55845,1.50,1.50
2013.01.02 06:56:28.896,1.558,1.55845,1.50,1.50
2013.01.02 06:56:49.586,1.55804,1.55847,1.50,3.00
2013.01.02 06:56:57.156,1.55808,1.55851,1.50,1.50
2013.01.02 06:57:02.366,1.55812,1.55855,1.50,1.50
2013.01.02 06:57:11.036,1.55815,1.5586,1.50,1.50
2013.01.02 06:57:15.996,1.55808,1.55853,1.50,1.50
2013.01.02 06:57:16.297,1.55802,1.55847,1.50,1.50
2013.01.02 06:57:19.466,1.55802,1.55817,1.50,1.50
2013.01.02 06:57:19.526,1.55775,1.55816,1.50,1.50
2013.01.02 06:57:19.585,1.55775,1.55816,1.13,1.50
2013.01.02 06:57:19.646,1.55774,1.55816,1.50,1.50
2013.01.02 06:57:19.706,1.55779,1.55824,2.25,1.73
2013.01.02 06:57:19.826,1.55791,1.55834,1.50,3.12
2013.01.02 06:57:20.143,1.55794,1.55839,1.50,2.00
2013.01.02 06:57:21.197,1.55794,1.55839,1.50,1.50
2013.01.02 06:57:22.606,1.55797,1.55839,1.50,1.50
2013.01.02 06:57:22.666,1.55799,1.55842,1.50,1.50
2013.01.02 06:57:25.709,1.55797,1.55839,1.50,1.50
2013.01.02 06:57:25.826,1.55794,1.55839,1.50,1.50
2013.01.02 06:57:30.185,1.55792,1.55834,1.50,1.50
2013.01.02 06:57:30.246,1.55789,1.55834,1.50,1.50
2013.01.02 06:57:37.410,1.55789,1.55817,1.50,1.50
2013.01.02 06:57:37.466,1.55777,1.55814,1.50,1.50
2013.01.02 06:57:37.527,1.55771,1.55814,1.88,1.50
2013.01.02 06:57:37.767,1.55771,1.55814,1.50,1.50
2013.01.02 06:57:38.008,1.55768,1.55809,1.50,1.50
2013.01.02 06:57:38.197,1.55764,1.55809,1.50,1.50
2013.01.02 06:57:39.916,1.55757,1.558,2.25,1.50
2013.01.02 06:57:40.625,1.55757,1.558,1.50,1.50
2013.01.02 06:57:41.878,1.55768,1.55811,1.50,1.88
2013.01.02 06:57:42.450,1.55768,1.55811,1.50,1.50
2013.01.02 06:57:42.656,1.55755,1.55799,1.50,1.50
2013.01.02 06:57:43.227,1.55762,1.55805,1.50,1.50
2013.01.02 06:57:47.736,1.55765,1.5581,1.50,1.50
2013.01.02 06:57:47.856,1.5577,1.55813,1.50,1.50
2013.01.02 06:57:48.219,1.55766,1.55809,1.50,1.50
2013.01.02 06:57:49.686,1.55766,1.55795,1.50,1.50
2013.01.02 06:57:49.746,1.55749,1.55794,2.25,1.50
2013.01.02 06:57:49.806,1.55752,1.55794,1.50,1.50
2013.01.02 06:57:49.866,1.55755,1.55798,1.50,1.50
2013.01.02 06:57:55.338,1.55752,1.55794,1.50,1.50
2013.01.02 06:57:55.577,1.55754,1.55799,1.50,1.50
2013.01.02 06:57:57.978,1.55743,1.55786,2.25,1.50
2013.01.02 06:57:58.097,1.55743,1.55786,1.88,1.50
2013.01.02 06:57:58.161,1.55746,1.5579,1.50,1.50
2013.01.02 06:57:58.287,1.55742,1.55787,2.25,1.50
2013.01.02 06:57:58.347,1.55743,1.55787,2.85,1.50
2013.01.02 06:57:58.527,1.55742,1.55787,2.25,1.50
2013.01.02 06:57:58.587,1.55751,1.55794,2.25,1.50
2013.01.02 06:58:00.677,1.55749,1.5579,1.50,1.50
2013.01.02 06:58:00.738,1.55747,1.5579,1.50,1.50
2013.01.02 06:58:02.977,1.55741,1.55785,1.50,1.50
2013.01.02 06:58:10.425,1.5574,1.55776,1.50,1.50
2013.01.02 06:58:10.488,1.55733,1.55776,2.25,1.50
2013.01.02 06:58:10.907,1.55733,1.55776,1.50,1.88
2013.01.02 06:58:10.967,1.55728,1.55773,1.50,1.50
2013.01.02 06:58:11.027,1.55725,1.55768,1.50,1.50
2013.01.02 06:58:12.427,1.55725,1.55764,1.50,1.50
2013.01.02 06:58:12.487,1.55719,1.55762,1.50,1.50
2013.01.02 06:58:12.687,1.55721,1.55762,1.50,1.50
2013.01.02 06:58:13.047,1.55723,1.55766,1.50,1.50
2013.01.02 06:58:13.108,1.55726,1.55766,1.50,1.50
2013.01.02 06:58:13.227,1.55723,1.55766,3.38,1.50
2013.01.02 06:58:13.677,1.55725,1.55766,1.50,1.50
2013.01.02 06:58:14.157,1.55727,1.55766,1.50,1.50
2013.01.02 06:58:14.337,1.55725,1.55766,1.50,1.50
2013.01.02 06:58:14.457,1.55728,1.55773,1.50,1.50
2013.01.02 06:58:17.358,1.55731,1.55773,1.50,1.50
2013.01.02 06:58:17.477,1.55735,1.5578,3.00,1.50
2013.01.02 06:58:17.537,1.55739,1.5578,1.50,1.50
2013.01.02 06:58:17.597,1.55741,1.55784,1.50,1.50
2013.01.02 06:58:21.007,1.55741,1.55784,2.25,1.50
2013.01.02 06:58:21.127,1.55752,1.55795,1.50,1.73
2013.01.02 06:58:25.327,1.55754,1.55795,1.50,1.73
2013.01.02 06:58:25.567,1.55755,1.558,1.50,1.50
2013.01.02 06:58:26.396,1.55755,1.558,1.50,2.25
2013.01.02 06:58:26.782,1.55754,1.5578,1.50,1.50
2013.01.02 06:58:26.849,1.55753,1.5579,1.50,1.50
2013.01.02 06:58:26.906,1.55753,1.55797,1.50,1.35
2013.01.02 06:58:27.206,1.55753,1.55797,1.50,1.58
2013.01.02 06:58:27.856,1.55753,1.55797,1.50,1.20
2013.01.02 06:58:27.978,1.5574,1.55776,1.50,1.50
2013.01.02 06:58:28.277,1.55734,1.55776,1.50,1.50
2013.01.02 06:58:30.168,1.55742,1.55776,1.50,1.50
2013.01.02 06:58:30.227,1.55745,1.55788,1.50,2.48
2013.01.02 06:58:30.287,1.55745,1.55788,1.50,1.73
2013.01.02 06:58:30.469,1.55742,1.55784,1.50,1.50
2013.01.02 06:58:30.817,1.55756,1.55801,1.50,2.33
2013.01.02 06:58:33.277,1.55756,1.55801,1.50,1.88
2013.01.02 06:58:39.008,1.55756,1.55798,1.50,1.50
2013.01.02 06:58:39.068,1.55752,1.55797,1.50,1.50
2013.01.02 06:58:39.757,1.55752,1.55792,1.50,1.50
2013.01.02 06:58:39.877,1.55746,1.55789,1.50,1.50
2013.01.02 06:58:45.218,1.55743,1.55785,3.00,1.50
2013.01.02 06:58:45.799,1.55742,1.55785,1.50,1.50
2013.01.02 06:58:50.338,1.55745,1.5579,1.50,1.50
2013.01.02 06:58:50.399,1.5575,1.55793,1.50,1.50
2013.01.02 06:58:52.238,1.55755,1.55795,1.50,1.50
2013.01.02 06:58:52.297,1.55755,1.55798,1.50,1.50
2013.01.02 06:59:03.692,1.5576,1.55801,1.50,1.50
2013.01.02 06:59:03.759,1.5576,1.55803,1.50,1.50
2013.01.02 06:59:09.008,1.55761,1.55803,1.50,1.50
2013.01.02 06:59:09.068,1.55767,1.55803,1.50,1.50
2013.01.02 06:59:09.427,1.55779,1.55803,1.50,1.50
2013.01.02 06:59:09.608,1.55788,1.55831,1.50,1.50
2013.01.02 06:59:09.668,1.55788,1.55821,1.50,1.50
2013.01.02 06:59:09.728,1.55777,1.5582,1.13,1.50
2013.01.02 06:59:09.788,1.55786,1.5582,1.50,1.50
2013.01.02 06:59:09.848,1.55787,1.55832,1.50,2.25
2013.01.02 06:59:09.908,1.55787,1.55824,1.50,1.50
2013.01.02 06:59:09.968,1.55778,1.55823,2.25,1.50
2013.01.02 06:59:10.029,1.55778,1.55823,1.50,1.50
2013.01.02 06:59:10.089,1.55782,1.55823,1.50,1.50
2013.01.02 06:59:10.617,1.55783,1.55823,1.50,1.50
2013.01.02 06:59:14.979,1.55785,1.55824,1.50,1.50
2013.01.02 06:59:15.097,1.55785,1.5583,1.50,1.50
2013.01.02 06:59:18.378,1.55794,1.55832,1.50,1.50
2013.01.02 06:59:18.439,1.55794,1.55839,1.50,1.50
2013.01.02 06:59:18.499,1.55799,1.5584,1.50,1.50
2013.01.02 06:59:18.558,1.55799,1.55844,1.50,1.50
2013.01.02 06:59:19.218,1.55799,1.55841,1.50,1.50
2013.01.02 06:59:19.539,1.55799,1.55844,1.50,1.50
2013.01.02 06:59:20.350,1.55799,1.55836,1.50,1.50
2013.01.02 06:59:20.409,1.55791,1.55832,2.25,1.50
2013.01.02 06:59:20.638,1.55791,1.55832,1.50,1.50
2013.01.02 06:59:20.758,1.55791,1.55828,1.50,1.50
2013.01.02 06:59:20.997,1.55787,1.55828,1.50,1.50
2013.01.02 06:59:21.169,1.55782,1.55827,1.50,1.50
2013.01.02 06:59:21.228,1.55781,1.55822,1.50,1.50
2013.01.02 06:59:21.418,1.55777,1.55822,1.88,1.50
2013.01.02 06:59:23.257,1.55777,1.5582,3.00,1.50
2013.01.02 06:59:23.583,1.55777,1.55817,1.50,1.50
2013.01.02 06:59:23.652,1.55777,1.55822,1.50,1.50
2013.01.02 06:59:23.778,1.55784,1.55822,1.50,1.50
2013.01.02 06:59:23.838,1.55785,1.5583,1.50,1.50
2013.01.02 06:59:24.862,1.55785,1.5583,1.50,1.88
2013.01.02 06:59:25.107,1.55776,1.55821,1.50,1.50
2013.01.02 06:59:26.857,1.55771,1.55814,1.50,1.50
2013.01.02 06:59:27.177,1.55775,1.55816,1.50,1.50
2013.01.02 06:59:27.240,1.55771,1.55816,1.50,1.50
2013.01.02 06:59:30.198,1.55771,1.55816,1.50,2.48
2013.01.02 06:59:30.383,1.55758,1.55801,1.88,1.50
2013.01.02 06:59:30.509,1.55758,1.55801,1.50,1.50
2013.01.02 06:59:31.357,1.55767,1.55812,1.50,1.73
2013.01.02 06:59:33.277,1.55767,1.55812,1.50,2.16
2013.01.02 06:59:33.397,1.55763,1.55806,1.50,1.73
2013.01.02 06:59:34.077,1.55764,1.55806,1.50,1.73
2013.01.02 06:59:34.137,1.55771,1.55811,1.50,2.16
2013.01.02 06:59:34.439,1.55774,1.55817,1.50,2.16
2013.01.02 06:59:34.676,1.55777,1.55822,1.50,2.10
2013.01.02 06:59:36.087,1.55769,1.55814,1.50,1.73
2013.01.02 06:59:36.207,1.55766,1.55809,1.50,1.50
2013.01.02 06:59:38.369,1.55766,1.55809,1.50,2.25
2013.01.02 06:59:38.487,1.55752,1.55795,1.88,1.50
2013.01.02 06:59:38.727,1.55752,1.55795,1.50,1.50
2013.01.02 06:59:42.298,1.55755,1.558,1.50,2.48
2013.01.02 06:59:42.358,1.55763,1.55806,1.50,2.25
2013.01.02 06:59:42.909,1.55763,1.55806,1.50,1.88
2013.01.02 06:59:51.907,1.55763,1.55806,1.50,2.25
2013.01.02 06:59:51.968,1.55761,1.55799,1.50,1.50
2013.01.02 06:59:52.027,1.55757,1.55799,1.50,1.50
2013.01.02 06:59:52.087,1.55755,1.55792,1.50,1.50
2013.01.02 06:59:52.147,1.55747,1.55792,1.88,1.50
2013.01.02 06:59:52.328,1.55751,1.55796,1.50,1.88
2013.01.02 06:59:52.449,1.55756,1.55797,1.50,1.88
2013.01.02 06:59:52.627,1.55756,1.55801,1.50,1.50
2013.01.02 06:59:54.517,1.55755,1.55796,1.50,1.50
2013.01.02 06:59:54.576,1.55751,1.55796,1.50,1.50
2013.01.02 06:59:56.917,1.55751,1.5579,1.50,1.50
2013.01.02 06:59:57.037,1.55745,1.55788,1.50,1.50
2013.01.02 06:59:57.217,1.55745,1.55788,1.50,1.88
2013.01.02 06:59:57.618,1.5574,1.55785,1.50,1.50
2013.01.02 06:59:59.427,1.5574,1.55776,1.50,1.50
2013.01.02 06:59:59.487,1.55729,1.55774,1.50,1.50
2013.01.02 06:59:59.548,1.55736,1.55774,1.50,1.50
2013.01.02 06:59:59.608,1.55738,1.55781,1.50,1.88
