2015.04.03 10:00:00.847,1.95073,1.95102,1.00,1.00
2015.04.03 10:00:01.508,1.95076,1.95104,1.00,1.00
2015.04.03 10:00:21.311,1.95079,1.95105,1.00,1.00
2015.04.03 10:00:27.762,1.95075,1.95104,1.00,1.00
2015.04.03 10:00:28.383,1.95075,1.95104,1.00,1.37
2015.04.03 10:00:29.413,1.95075,1.95104,1.00,1.50
2015.04.03 10:00:33.821,1.95075,1.95104,1.00,1.37
2015.04.03 10:00:34.342,1.95075,1.95104,1.00,1.37
2015.04.03 10:00:34.595,1.95074,1.95101,1.00,1.00
2015.04.03 10:00:34.696,1.95065,1.95104,1.50,1.00
2015.04.03 10:00:34.797,1.95063,1.95102,1.00,1.00
2015.04.03 10:00:35.100,1.9507,1.95099,1.00,1.00
2015.04.03 10:00:35.150,1.95064,1.95101,1.00,1.00
2015.04.03 10:01:05.114,1.95064,1.95101,1.00,1.75
2015.04.03 10:01:05.165,1.9506,1.95091,1.00,1.00
2015.04.03 10:01:05.266,1.95059,1.95088,1.00,1.00
2015.04.03 10:01:05.417,1.9505,1.95088,1.00,1.37
2015.04.03 10:01:05.569,1.95048,1.95088,2.25,1.37
2015.04.03 10:01:05.619,1.95053,1.9508,1.00,1.00
2015.04.03 10:01:07.160,1.95043,1.9508,1.00,1.00
2015.04.03 10:01:19.091,1.95048,1.95076,1.00,1.00
2015.04.03 10:01:28.811,1.95045,1.95074,1.00,1.00
2015.04.03 10:02:28.871,1.95036,1.95081,1.00,1.12
2015.04.03 10:02:31.332,1.95039,1.95081,1.00,1.12
2015.04.03 10:02:35.090,1.95036,1.95081,1.00,1.00
2015.04.03 10:02:35.242,1.95034,1.95078,1.00,1.00
2015.04.03 10:02:38.997,1.95033,1.95078,1.50,1.00
2015.04.03 10:03:01.161,1.95031,1.95072,1.00,1.00
2015.04.03 10:03:01.312,1.95032,1.95075,1.00,1.00
2015.04.03 10:03:01.816,1.95031,1.95075,1.00,1.00
2015.04.03 10:03:02.385,1.95031,1.95075,1.00,1.37
2015.04.03 10:03:02.487,1.95031,1.95076,1.50,1.37
2015.04.03 10:03:03.689,1.95031,1.95073,1.00,1.37
2015.04.03 10:03:05.074,1.95031,1.95066,1.50,1.00
2015.04.03 10:03:05.377,1.95001,1.9504,1.00,1.00
2015.04.03 10:03:05.428,1.95001,1.95028,1.00,1.00
2015.04.03 10:03:05.579,1.94979,1.95021,1.00,1.00
2015.04.03 10:03:05.680,1.94976,1.95021,1.00,1.00
2015.04.03 10:03:05.882,1.94979,1.95021,1.00,1.00
2015.04.03 10:03:06.870,1.9498,1.95013,1.00,1.00
2015.04.03 10:03:07.476,1.9498,1.95014,1.00,1.00
2015.04.03 10:03:11.380,1.94983,1.95014,1.00,1.00
2015.04.03 10:03:20.563,1.94983,1.95018,1.50,1.00
2015.04.03 10:03:30.818,1.94979,1.95012,1.00,1.00
2015.04.03 10:03:45.973,1.94979,1.95009,1.00,1.00
2015.04.03 10:03:47.725,1.94979,1.95009,1.00,1.37
2015.04.03 10:03:48.028,1.94976,1.95003,1.00,1.37
2015.04.03 10:03:48.079,1.94971,1.95003,1.00,1.37
2015.04.03 10:03:48.130,1.94971,1.95,1.00,1.00
2015.04.03 10:03:48.676,1.94971,1.94999,1.00,1.00
2015.04.03 10:03:56.066,1.94971,1.95,1.00,1.00
2015.04.03 10:03:58.162,1.94971,1.95004,1.00,1.50
2015.04.03 10:03:59.271,1.94971,1.95,1.00,1.00
2015.04.03 10:03:59.812,1.94971,1.95002,1.00,1.00
2015.04.03 10:04:14.455,1.94971,1.95,1.00,1.00
2015.04.03 10:04:22.040,1.94971,1.95003,1.00,1.00
2015.04.03 10:04:22.456,1.94974,1.95006,1.00,1.00
2015.04.03 10:04:36.189,1.94974,1.95006,1.87,1.00
2015.04.03 10:04:36.240,1.94979,1.95012,1.00,1.00
2015.04.03 10:04:36.341,1.9498,1.95014,1.00,1.00
2015.04.03 10:04:36.679,1.94983,1.95014,1.00,1.00
2015.04.03 10:04:36.781,1.94984,1.95016,1.00,1.00
2015.04.03 10:04:37.029,1.94987,1.95019,1.50,1.00
2015.04.03 10:04:37.549,1.95001,1.95029,1.00,1.00
2015.04.03 10:04:37.600,1.95004,1.95034,1.00,1.00
2015.04.03 10:04:38.106,1.95003,1.95034,1.00,1.00
2015.04.03 10:04:38.308,1.95009,1.95034,1.00,1.00
2015.04.03 10:04:38.662,1.95009,1.95039,1.00,1.00
2015.04.03 10:04:44.573,1.95009,1.95041,1.00,1.00
2015.04.03 10:04:47.429,1.9501,1.95043,1.00,1.00
2015.04.03 10:04:47.883,1.95014,1.95046,1.00,1.00
2015.04.03 10:05:18.676,1.95019,1.95051,1.00,1.00
2015.04.03 10:05:35.515,1.9502,1.95051,1.00,1.00
2015.04.03 10:05:36.617,1.95022,1.95051,1.00,1.00
2015.04.03 10:05:42.016,1.95022,1.95055,1.00,1.00
2015.04.03 10:05:46.278,1.95021,1.95055,1.00,1.00
2015.04.03 10:06:06.086,1.95025,1.95055,1.00,1.00
2015.04.03 10:06:06.389,1.95027,1.95055,1.37,1.00
2015.04.03 10:06:06.439,1.95033,1.95065,1.00,1.00
2015.04.03 10:06:06.541,1.95035,1.95065,1.00,1.00
2015.04.03 10:06:06.643,1.95039,1.9507,1.00,1.00
2015.04.03 10:06:07.145,1.9504,1.9507,1.00,1.00
2015.04.03 10:06:07.643,1.95043,1.9507,1.00,1.00
2015.04.03 10:06:08.047,1.95046,1.9507,1.00,1.00
2015.04.03 10:06:08.098,1.95046,1.95075,1.00,1.00
2015.04.03 10:06:18.007,1.95049,1.95075,1.00,1.00
2015.04.03 10:06:18.109,1.95049,1.95081,1.00,1.00
2015.04.03 10:06:18.211,1.95052,1.95081,1.00,1.00
2015.04.03 10:06:18.437,1.95048,1.95081,1.50,1.00
2015.04.03 10:06:20.266,1.95049,1.95081,1.00,1.00
2015.04.03 10:06:23.899,1.95051,1.95081,1.00,1.00
2015.04.03 10:06:24.051,1.95053,1.95085,1.87,1.00
2015.04.03 10:06:24.153,1.9506,1.95085,1.00,1.00
2015.04.03 10:06:24.254,1.9506,1.95092,1.00,1.00
2015.04.03 10:06:24.676,1.95062,1.95092,1.00,1.00
2015.04.03 10:06:26.782,1.95059,1.95092,1.50,1.00
2015.04.03 10:06:35.670,1.9506,1.95092,1.00,1.00
2015.04.03 10:06:36.126,1.95059,1.9509,1.00,1.00
2015.04.03 10:06:37.209,1.95059,1.95091,1.00,1.00
2015.04.03 10:06:38.015,1.95059,1.95092,1.00,1.00
2015.04.03 10:06:38.421,1.95064,1.95092,1.00,1.00
2015.04.03 10:06:38.522,1.9506,1.95092,1.00,1.00
2015.04.03 10:06:38.673,1.95062,1.95096,1.00,1.00
2015.04.03 10:06:39.187,1.95064,1.95096,1.00,1.00
2015.04.03 10:06:39.692,1.95063,1.95096,1.00,1.00
2015.04.03 10:06:40.195,1.95065,1.95097,1.00,1.00
2015.04.03 10:06:41.372,1.9507,1.95103,1.00,1.00
2015.04.03 10:06:41.626,1.95073,1.95105,1.00,1.00
2015.04.03 10:06:41.830,1.95076,1.9511,1.00,1.50
2015.04.03 10:06:42.083,1.95071,1.95106,1.00,1.00
2015.04.03 10:06:42.285,1.95064,1.95096,1.00,1.00
2015.04.03 10:06:42.688,1.95064,1.95096,1.00,1.37
2015.04.03 10:06:42.739,1.95059,1.95093,1.00,1.37
2015.04.03 10:06:42.789,1.95059,1.95093,1.00,1.37
2015.04.03 10:06:42.840,1.95056,1.9509,1.00,1.37
2015.04.03 10:06:42.891,1.95056,1.9509,1.00,1.12
2015.04.03 10:06:43.693,1.95056,1.95088,1.00,1.00
2015.04.03 10:06:43.844,1.95051,1.95084,1.00,1.00
2015.04.03 10:06:43.945,1.95051,1.95082,1.00,1.00
2015.04.03 10:06:44.257,1.95048,1.95079,1.00,1.00
2015.04.03 10:06:44.359,1.95048,1.95082,1.00,1.50
2015.04.03 10:06:47.474,1.95048,1.95079,1.00,1.00
2015.04.03 10:06:47.676,1.95046,1.95078,1.00,1.00
2015.04.03 10:06:47.801,1.95046,1.95075,1.00,1.00
2015.04.03 10:06:47.902,1.95043,1.95075,1.00,1.00
2015.04.03 10:06:48.004,1.9504,1.95072,1.00,1.00
2015.04.03 10:06:48.788,1.95033,1.95067,1.00,1.00
2015.04.03 10:06:54.619,1.95036,1.9507,1.00,1.00
2015.04.03 10:06:58.330,1.95041,1.95075,1.00,1.00
2015.04.03 10:06:58.633,1.95044,1.95078,1.00,1.00
2015.04.03 10:06:58.936,1.9505,1.95077,1.00,1.00
2015.04.03 10:07:30.466,1.95052,1.95077,1.00,1.00
2015.04.03 10:07:31.222,1.95056,1.95077,1.00,1.00
2015.04.03 10:07:31.425,1.95053,1.95077,1.00,1.00
2015.04.03 10:07:31.729,1.95053,1.95081,1.00,1.00
2015.04.03 10:07:32.275,1.95052,1.95081,1.00,1.00
2015.04.03 10:07:43.386,1.95052,1.95081,1.00,1.37
2015.04.03 10:07:43.487,1.95047,1.95076,1.00,1.00
2015.04.03 10:07:43.588,1.95045,1.95071,1.00,1.00
2015.04.03 10:07:47.444,1.95038,1.95065,1.00,1.00
2015.04.03 10:07:47.546,1.95034,1.95063,1.00,1.00
2015.04.03 10:07:53.644,1.95038,1.95063,1.00,1.00
2015.04.03 10:08:00.278,1.95037,1.95063,1.00,1.00
2015.04.03 10:08:02.235,1.95035,1.95063,1.00,1.00
2015.04.03 10:08:03.213,1.95034,1.95063,1.00,1.00
2015.04.03 10:08:17.844,1.95035,1.95063,1.00,1.00
2015.04.03 10:08:17.995,1.95043,1.95063,1.00,1.00
2015.04.03 10:08:18.046,1.95043,1.95065,1.00,1.00
2015.04.03 10:08:18.248,1.95043,1.95068,1.00,1.00
2015.04.03 10:08:18.302,1.95046,1.95068,1.00,1.00
2015.04.03 10:08:18.353,1.95046,1.95072,1.00,1.00
2015.04.03 10:08:19.414,1.95043,1.95072,1.00,1.00
2015.04.03 10:08:28.444,1.95043,1.9507,1.00,1.00
2015.04.03 10:08:28.747,1.95043,1.95066,1.00,1.00
2015.04.03 10:08:29.050,1.95041,1.95064,1.00,1.00
2015.04.03 10:08:29.559,1.9504,1.95064,1.00,1.00
2015.04.03 10:08:30.609,1.9504,1.95062,1.00,1.00
2015.04.03 10:08:30.861,1.9504,1.95066,1.00,1.00
2015.04.03 10:08:31.416,1.9504,1.95064,1.00,1.00
2015.04.03 10:08:31.718,1.9504,1.95061,1.00,1.00
2015.04.03 10:08:32.802,1.9504,1.95065,1.00,1.00
2015.04.03 10:08:33.712,1.9504,1.95066,1.00,1.00
2015.04.03 10:08:36.546,1.9504,1.95065,1.00,1.00
2015.04.03 10:08:37.097,1.9504,1.95066,1.00,1.00
2015.04.03 10:08:38.099,1.9504,1.95065,1.00,1.00
2015.04.03 10:08:51.482,1.9504,1.95061,1.00,1.00
2015.04.03 10:08:51.533,1.95035,1.95061,1.00,1.00
2015.04.03 10:08:53.922,1.95035,1.95063,1.00,1.50
2015.04.03 10:08:54.595,1.95035,1.9506,1.00,1.00
2015.04.03 10:08:57.805,1.95035,1.95063,1.00,1.50
2015.04.03 10:09:00.363,1.95035,1.95063,1.00,1.87
2015.04.03 10:09:00.666,1.95033,1.95055,1.00,1.00
2015.04.03 10:09:00.969,1.95029,1.95052,1.00,1.37
2015.04.03 10:09:01.171,1.95029,1.95055,1.00,1.50
2015.04.03 10:09:04.183,1.95029,1.95055,1.00,1.37
2015.04.03 10:09:07.204,1.95026,1.95052,1.00,1.00
2015.04.03 10:09:07.406,1.95023,1.9505,1.00,1.00
2015.04.03 10:09:09.830,1.9502,1.95048,1.00,1.00
2015.04.03 10:09:10.486,1.95016,1.95045,1.00,1.00
2015.04.03 10:09:10.587,1.95014,1.95042,1.00,1.00
2015.04.03 10:09:13.990,1.95014,1.95041,1.00,1.00
2015.04.03 10:09:14.393,1.95014,1.95039,1.00,1.00
2015.04.03 10:09:16.500,1.95014,1.95038,1.00,1.00
2015.04.03 10:09:19.552,1.95014,1.95042,1.00,1.50
2015.04.03 10:09:20.006,1.95017,1.95042,1.00,1.00
2015.04.03 10:09:20.309,1.95027,1.95046,1.00,1.00
2015.04.03 10:09:20.360,1.95025,1.95046,1.00,1.00
2015.04.03 10:09:20.461,1.95023,1.9505,1.00,1.00
2015.04.03 10:09:20.966,1.95024,1.9505,1.00,1.00
2015.04.03 10:09:21.473,1.95025,1.9505,1.00,1.00
2015.04.03 10:09:21.574,1.95028,1.9505,1.00,1.00
2015.04.03 10:09:21.776,1.95024,1.9505,1.00,1.00
2015.04.03 10:09:21.877,1.95022,1.9505,1.50,1.00
2015.04.03 10:09:22.326,1.95029,1.9505,1.00,1.00
2015.04.03 10:09:22.833,1.9503,1.95058,1.00,1.00
2015.04.03 10:09:23.969,1.95031,1.95058,1.00,1.00
2015.04.03 10:09:24.423,1.95033,1.95058,1.00,1.00
2015.04.03 10:09:24.625,1.95031,1.95058,1.00,1.00
2015.04.03 10:09:25.170,1.9503,1.95058,1.50,1.00
2015.04.03 10:09:31.226,1.95031,1.95058,1.00,1.00
2015.04.03 10:09:31.327,1.95034,1.95058,1.00,1.00
2015.04.03 10:09:35.047,1.9503,1.95058,1.50,1.00
2015.04.03 10:09:37.437,1.95036,1.95065,1.00,1.00
2015.04.03 10:09:37.538,1.95041,1.9507,1.00,1.00
2015.04.03 10:09:40.108,1.95044,1.95072,1.00,1.00
2015.04.03 10:09:43.131,1.95044,1.95069,1.00,1.00
2015.04.03 10:09:44.080,1.95044,1.95068,1.00,1.00
2015.04.03 10:09:51.607,1.95044,1.95072,1.00,1.87
2015.04.03 10:09:51.658,1.95044,1.95072,1.00,1.50
2015.04.03 10:09:56.941,1.95046,1.95075,1.00,1.00
2015.04.03 10:09:57.793,1.9505,1.95076,1.00,1.00
2015.04.03 10:09:57.894,1.95055,1.95082,1.00,1.50
2015.04.03 10:10:01.754,1.95057,1.95085,1.00,1.00
2015.04.03 10:10:02.110,1.95059,1.95088,1.00,1.00
2015.04.03 10:10:02.211,1.95065,1.95092,1.00,1.00
2015.04.03 10:10:04.339,1.95065,1.9509,1.00,1.00
2015.04.03 10:10:04.844,1.95065,1.95089,1.00,1.12
2015.04.03 10:10:05.045,1.95049,1.95089,1.00,1.12
2015.04.03 10:10:05.096,1.95049,1.95084,1.00,1.00
2015.04.03 10:10:05.400,1.95044,1.95084,1.00,1.00
2015.04.03 10:10:05.501,1.95039,1.95084,1.00,1.00
2015.04.03 10:10:05.812,1.95045,1.95082,1.00,1.00
2015.04.03 10:10:07.349,1.95052,1.95078,1.00,1.00
2015.04.03 10:10:08.562,1.95048,1.95074,1.00,1.00
2015.04.03 10:10:09.686,1.9504,1.95079,1.00,1.00
2015.04.03 10:10:10.343,1.95039,1.95084,1.00,1.75
2015.04.03 10:10:10.887,1.95038,1.95082,1.00,1.50
2015.04.03 10:10:13.858,1.95038,1.95082,1.00,1.50
2015.04.03 10:10:14.013,1.95033,1.95076,1.00,1.00
2015.04.03 10:10:21.542,1.95033,1.95076,1.00,1.37
2015.04.03 10:10:27.367,1.95037,1.95065,1.50,1.00
2015.04.03 10:10:30.336,1.9504,1.95067,1.00,1.00
2015.04.03 10:10:32.573,1.95038,1.95064,1.00,1.00
2015.04.03 10:10:35.672,1.95032,1.95077,1.00,2.02
2015.04.03 10:10:40.327,1.95032,1.95072,1.00,2.02
2015.04.03 10:10:40.630,1.95027,1.95066,1.00,2.10
2015.04.03 10:10:40.933,1.95026,1.95067,1.00,1.10
2015.04.03 10:10:47.210,1.95029,1.9507,1.00,1.15
2015.04.03 10:10:47.515,1.9503,1.95072,2.02,1.07
2015.04.03 10:10:47.616,1.95036,1.95078,1.00,1.00
2015.04.03 10:10:47.666,1.95035,1.95075,1.10,1.00
2015.04.03 10:10:48.518,1.95035,1.95075,1.00,1.07
2015.04.03 10:10:51.584,1.95035,1.95075,1.07,1.07
2015.04.03 10:10:51.888,1.95048,1.95086,1.00,1.15
2015.04.03 10:10:52.417,1.95049,1.95089,1.00,2.10
2015.04.03 10:10:52.721,1.95049,1.9509,1.00,1.15
2015.04.03 10:10:54.305,1.9505,1.95093,1.00,1.65
2015.04.03 10:10:54.406,1.95046,1.95089,1.00,1.20
2015.04.03 10:10:55.419,1.95046,1.95089,2.77,1.10
2015.04.03 10:10:55.520,1.95048,1.95093,1.15,1.00
2015.04.03 10:10:55.822,1.95051,1.95096,1.10,1.57
2015.04.03 10:10:57.452,1.95053,1.95096,1.00,1.07
2015.04.03 10:11:04.877,1.95053,1.95096,1.00,1.45
2015.04.03 10:11:04.979,1.95049,1.95094,1.17,1.00
2015.04.03 10:11:05.080,1.95053,1.95096,1.00,1.07
2015.04.03 10:11:05.429,1.95053,1.95095,1.00,2.10
2015.04.03 10:11:11.530,1.95049,1.95094,1.00,1.15
2015.04.03 10:11:11.682,1.95053,1.95095,1.00,2.10
2015.04.03 10:11:12.085,1.9505,1.95093,1.00,1.15
2015.04.03 10:11:12.741,1.95049,1.95092,1.00,1.15
2015.04.03 10:11:13.655,1.95047,1.95092,1.00,1.15
2015.04.03 10:11:13.857,1.95052,1.95088,1.00,1.00
2015.04.03 10:11:14.261,1.95052,1.95091,1.00,1.17
2015.04.03 10:11:14.733,1.95049,1.95091,1.00,1.17
2015.04.03 10:11:15.745,1.95047,1.95091,1.00,1.17
2015.04.03 10:11:16.414,1.95049,1.95091,1.00,1.17
2015.04.03 10:11:16.818,1.95047,1.95089,1.00,1.00
2015.04.03 10:11:17.356,1.95048,1.9509,1.00,1.10
2015.04.03 10:11:20.276,1.95048,1.9509,1.00,1.47
2015.04.03 10:11:20.580,1.95048,1.95085,1.00,1.00
2015.04.03 10:11:22.426,1.95048,1.95087,1.00,1.00
2015.04.03 10:11:23.752,1.95048,1.95091,1.00,2.02
2015.04.03 10:11:25.355,1.95048,1.95091,1.00,2.02
2015.04.03 10:11:25.872,1.95047,1.95091,1.00,1.20
2015.04.03 10:11:38.115,1.95047,1.95091,1.00,1.47
2015.04.03 10:11:38.664,1.95047,1.95091,1.00,1.10
2015.04.03 10:11:39.803,1.95045,1.95088,1.07,1.00
2015.04.03 10:11:45.982,1.95045,1.95088,1.10,1.00
2015.04.03 10:12:06.552,1.95045,1.95088,1.17,1.00
2015.04.03 10:12:12.029,1.95047,1.95091,1.20,1.00
2015.04.03 10:12:37.007,1.95047,1.95092,1.10,1.87
2015.04.03 10:12:43.070,1.95043,1.95085,1.15,1.00
2015.04.03 10:12:47.673,1.95043,1.95085,1.10,1.00
2015.04.03 10:12:52.299,1.95045,1.95088,1.00,1.00
2015.04.03 10:12:59.349,1.95044,1.95089,1.00,1.20
2015.04.03 10:13:05.493,1.95043,1.95085,1.10,1.00
2015.04.03 10:13:07.712,1.95043,1.95085,1.65,1.00
2015.04.03 10:13:09.273,1.95043,1.95083,1.17,1.00
2015.04.03 10:13:09.374,1.95042,1.95086,1.15,1.00
2015.04.03 10:13:16.734,1.95041,1.95085,1.65,1.00
2015.04.03 10:13:16.835,1.95043,1.95088,1.27,1.00
2015.04.03 10:13:17.037,1.95046,1.95088,1.00,1.00
2015.04.03 10:13:17.541,1.95046,1.95089,1.00,1.10
2015.04.03 10:13:18.073,1.95047,1.95092,1.00,1.65
2015.04.03 10:13:19.579,1.95051,1.95089,1.00,1.10
2015.04.03 10:13:19.881,1.95051,1.95086,1.00,1.00
2015.04.03 10:13:22.431,1.95046,1.95086,1.00,1.00
2015.04.03 10:13:23.729,1.95048,1.95086,1.00,1.00
2015.04.03 10:13:26.637,1.95051,1.95086,1.00,1.00
2015.04.03 10:13:27.093,1.95051,1.95088,1.00,1.00
2015.04.03 10:13:27.144,1.95057,1.95084,1.00,1.00
2015.04.03 10:13:33.893,1.95054,1.95082,1.00,1.00
2015.04.03 10:13:51.154,1.95057,1.95086,1.00,1.00
2015.04.03 10:13:51.255,1.95061,1.95091,1.00,1.00
2015.04.03 10:13:51.357,1.95058,1.95096,1.00,1.00
2015.04.03 10:13:51.408,1.95058,1.95099,1.00,1.00
2015.04.03 10:13:51.913,1.95058,1.95099,1.55,1.00
2015.04.03 10:13:52.374,1.95067,1.95097,1.00,1.00
2015.04.03 10:13:58.494,1.95071,1.95099,1.00,1.00
2015.04.03 10:13:58.798,1.95074,1.95102,1.00,1.00
2015.04.03 10:13:58.850,1.95069,1.9511,1.50,1.00
2015.04.03 10:13:58.951,1.95072,1.9511,1.00,1.00
2015.04.03 10:13:59.356,1.95072,1.95112,1.10,1.00
2015.04.03 10:13:59.407,1.95076,1.95121,1.07,1.20
2015.04.03 10:13:59.458,1.95076,1.95121,1.27,1.00
2015.04.03 10:13:59.509,1.95081,1.95126,1.00,1.55
2015.04.03 10:13:59.611,1.95079,1.95122,1.10,1.00
2015.04.03 10:13:59.864,1.9508,1.95122,1.37,1.00
2015.04.03 10:14:00.300,1.9508,1.95122,1.50,1.00
2015.04.03 10:14:00.849,1.95084,1.95127,1.00,1.15
2015.04.03 10:14:01.152,1.95084,1.95127,1.15,1.00
2015.04.03 10:14:01.304,1.95086,1.95131,1.17,1.00
2015.04.03 10:14:17.131,1.95085,1.95127,1.15,1.00
2015.04.03 10:14:17.333,1.95078,1.9512,1.50,1.07
2015.04.03 10:14:17.434,1.95074,1.95119,1.57,1.10
2015.04.03 10:14:18.518,1.95075,1.95123,2.02,1.07
2015.04.03 10:14:18.569,1.95079,1.95128,1.17,1.55
2015.04.03 10:14:18.670,1.95076,1.95123,1.15,1.00
2015.04.03 10:14:19.209,1.9508,1.95127,1.10,1.10
2015.04.03 10:14:19.412,1.95077,1.95125,1.65,1.00
2015.04.03 10:14:19.917,1.95079,1.95126,1.17,1.00
2015.04.03 10:14:20.451,1.95077,1.95119,1.15,1.00
2015.04.03 10:14:35.373,1.95075,1.9512,2.10,1.00
2015.04.03 10:14:36.029,1.95077,1.95123,1.27,1.00
2015.04.03 10:14:36.533,1.95079,1.95124,1.17,1.00
2015.04.03 10:14:36.939,1.95081,1.95128,4.05,1.00
2015.04.03 10:14:37.242,1.95086,1.95133,2.85,1.00
2015.04.03 10:14:38.673,1.95088,1.95135,1.52,1.00
2015.04.03 10:14:39.449,1.9509,1.95138,1.27,1.10
2015.04.03 10:14:40.935,1.95091,1.95138,1.47,1.10
2015.04.03 10:14:41.462,1.95094,1.9514,1.00,1.52
2015.04.03 10:14:42.892,1.95094,1.9514,1.07,1.20
2015.04.03 10:14:43.043,1.95094,1.9514,1.15,1.12
2015.04.03 10:14:43.593,1.95094,1.9514,1.15,1.37
2015.04.03 10:14:44.143,1.95094,1.9514,1.15,1.12
2015.04.03 10:14:44.680,1.95094,1.9514,1.52,1.37
2015.04.03 10:14:45.233,1.95098,1.95141,1.10,1.37
2015.04.03 10:14:46.229,1.95097,1.95141,1.17,1.37
2015.04.03 10:14:46.885,1.95097,1.95141,1.17,1.37
2015.04.03 10:14:47.452,1.95097,1.95141,1.17,1.37
2015.04.03 10:14:47.977,1.95097,1.95141,1.17,1.37
2015.04.03 10:14:48.647,1.95097,1.95141,1.17,1.37
2015.04.03 10:14:49.356,1.95098,1.95141,1.10,1.37
2015.04.03 10:14:50.566,1.95098,1.95141,1.10,1.37
2015.04.03 10:14:51.162,1.95098,1.95141,1.10,1.37
2015.04.03 10:14:51.835,1.95098,1.95141,1.10,1.37
2015.04.03 10:14:53.065,1.95098,1.95141,1.10,1.37
2015.04.03 10:14:53.567,1.95098,1.95141,1.10,1.37
2015.04.03 10:14:54.147,1.95098,1.95141,1.10,1.37
2015.04.03 10:14:54.807,1.95098,1.95141,1.10,1.37
2015.04.03 10:14:55.387,1.95098,1.95141,1.10,1.37
2015.04.03 10:14:56.690,1.95096,1.95141,1.15,1.87
2015.04.03 10:14:56.841,1.95096,1.95136,1.15,1.00
2015.04.03 10:14:57.144,1.95089,1.95133,1.15,1.00
2015.04.03 10:14:57.396,1.95088,1.95129,2.10,1.00
2015.04.03 10:14:57.447,1.95083,1.95129,1.65,1.00
2015.04.03 10:14:57.498,1.95083,1.95125,1.65,1.00
2015.04.03 10:14:58.456,1.95081,1.95123,4.05,1.00
2015.04.03 10:14:59.570,1.95081,1.95125,4.05,1.00
2015.04.03 10:14:59.798,1.95081,1.95129,4.80,1.00
2015.04.03 10:15:03.637,1.95081,1.95129,3.15,1.07
2015.04.03 10:15:03.688,1.95081,1.95129,1.37,1.15
2015.04.03 10:15:06.019,1.95078,1.95126,2.77,1.10
2015.04.03 10:15:12.237,1.95079,1.95125,1.17,1.00
2015.04.03 10:15:12.490,1.95083,1.95126,2.10,1.00
2015.04.03 10:15:12.692,1.95083,1.9513,2.10,1.00
2015.04.03 10:15:25.000,1.95085,1.95133,1.52,1.07
2015.04.03 10:15:25.390,1.95087,1.95133,2.02,1.00
2015.04.03 10:15:26.487,1.95087,1.95132,4.05,1.00
2015.04.03 10:15:27.386,1.95087,1.95134,4.05,1.00
2015.04.03 10:15:37.177,1.95087,1.95131,4.05,1.00
2015.04.03 10:15:46.403,1.95086,1.95131,1.52,1.00
2015.04.03 10:16:05.118,1.95086,1.95127,1.52,1.00
2015.04.03 10:16:05.320,1.95081,1.95127,2.40,1.00
2015.04.03 10:16:05.936,1.95082,1.95125,1.55,1.00
2015.04.03 10:16:06.594,1.95082,1.95125,1.55,1.00
2015.04.03 10:16:07.404,1.95081,1.95125,1.15,1.00
2015.04.03 10:16:25.468,1.95081,1.95125,1.15,1.00
2015.04.03 10:16:47.293,1.95082,1.95128,1.15,1.00
2015.04.03 10:16:48.834,1.95085,1.95128,2.10,1.00
2015.04.03 10:16:49.348,1.95086,1.95128,2.10,1.00
2015.04.03 10:17:04.438,1.95086,1.95126,2.10,1.00
2015.04.03 10:17:04.642,1.95086,1.95128,2.85,1.00
2015.04.03 10:17:04.743,1.95086,1.95125,2.10,1.00
2015.04.03 10:17:08.948,1.95082,1.95125,3.60,1.00
2015.04.03 10:17:12.662,1.95084,1.95131,1.15,1.00
2015.04.03 10:17:13.857,1.95093,1.95139,1.15,1.00
2015.04.03 10:17:13.918,1.95095,1.95142,1.10,1.10
2015.04.03 10:17:14.121,1.95097,1.9514,1.00,1.00
2015.04.03 10:17:14.949,1.95096,1.9514,1.00,1.00
2015.04.03 10:17:15.490,1.95097,1.9514,1.00,1.00
2015.04.03 10:17:15.857,1.95097,1.95138,1.00,1.00
2015.04.03 10:17:16.160,1.95094,1.95136,1.17,1.00
2015.04.03 10:17:17.203,1.95094,1.95138,1.17,1.00
2015.04.03 10:17:26.123,1.95094,1.95137,1.17,1.00
2015.04.03 10:17:31.665,1.95091,1.95137,1.00,1.15
2015.04.03 10:17:32.326,1.9509,1.95137,2.02,1.15
2015.04.03 10:17:32.706,1.95092,1.95137,1.00,1.15
2015.04.03 10:17:33.538,1.95091,1.95137,1.00,1.15
2015.04.03 10:17:34.082,1.9509,1.95137,1.65,1.15
2015.04.03 10:17:34.588,1.9509,1.95137,2.02,1.15
2015.04.03 10:17:37.071,1.9509,1.95137,2.02,1.15
2015.04.03 10:17:38.086,1.9509,1.95137,2.40,1.15
2015.04.03 10:17:38.390,1.95096,1.95142,1.15,1.12
2015.04.03 10:17:46.688,1.95098,1.95144,1.20,1.20
2015.04.03 10:17:48.635,1.95096,1.95142,1.15,1.00
2015.04.03 10:17:48.736,1.95092,1.9514,2.02,1.15
2015.04.03 10:17:49.638,1.95094,1.95141,1.00,1.15
2015.04.03 10:18:05.435,1.95094,1.95141,3.97,1.00
2015.04.03 10:18:05.486,1.95099,1.95146,1.10,1.52
2015.04.03 10:18:11.105,1.95101,1.95148,1.00,2.47
2015.04.03 10:18:11.256,1.95102,1.95151,1.15,1.10
2015.04.03 10:18:14.535,1.95101,1.95146,1.15,1.00
2015.04.03 10:18:38.191,1.95101,1.95144,1.15,1.00
2015.04.03 10:18:47.493,1.95099,1.95146,2.10,1.00
2015.04.03 10:18:48.202,1.951,1.95143,1.15,1.00
2015.04.03 10:18:48.404,1.95099,1.95145,2.47,1.00
2015.04.03 10:18:51.006,1.95112,1.95138,1.00,1.00
2015.04.03 10:19:25.012,1.95112,1.95133,1.00,2.02
2015.04.03 10:19:25.062,1.95105,1.95132,1.00,1.00
2015.04.03 10:19:27.246,1.95105,1.95133,1.00,1.00
2015.04.03 10:19:32.190,1.95105,1.95133,1.07,1.00
2015.04.03 10:19:35.107,1.95106,1.95133,2.10,1.00
2015.04.03 10:19:35.454,1.95108,1.95133,2.10,1.00
2015.04.03 10:19:38.866,1.95108,1.95135,3.60,1.00
2015.04.03 10:19:41.836,1.9511,1.95138,1.15,1.00
2015.04.03 10:19:53.266,1.95113,1.95142,1.10,1.00
2015.04.03 10:19:53.317,1.95115,1.95142,1.07,1.00
2015.04.03 10:19:53.419,1.95125,1.95152,1.00,1.00
2015.04.03 10:19:53.520,1.95127,1.95154,1.00,1.00
2015.04.03 10:19:53.762,1.95123,1.95163,1.00,1.00
2015.04.03 10:19:53.814,1.95126,1.95166,1.00,1.27
2015.04.03 10:19:54.117,1.95144,1.95166,1.00,1.27
2015.04.03 10:19:56.502,1.95146,1.95166,1.00,1.07
2015.04.03 10:19:57.015,1.95146,1.95166,1.00,1.00
2015.04.03 10:19:57.368,1.95146,1.95164,1.00,1.00
2015.04.03 10:20:00.913,1.95148,1.95164,1.00,1.00
2015.04.03 10:20:00.965,1.95148,1.95174,1.00,1.17
2015.04.03 10:20:05.151,1.9515,1.95174,1.00,1.17
2015.04.03 10:20:05.454,1.95152,1.95174,1.00,1.17
2015.04.03 10:20:07.725,1.95152,1.95172,1.00,1.00
2015.04.03 10:20:13.118,1.95152,1.95173,1.00,1.10
2015.04.03 10:20:26.318,1.95152,1.95174,1.00,1.00
2015.04.03 10:20:26.826,1.95152,1.95178,1.00,1.00
2015.04.03 10:20:27.078,1.95152,1.9518,1.00,1.00
2015.04.03 10:20:27.200,1.95152,1.95182,1.00,1.00
2015.04.03 10:20:31.697,1.95154,1.95182,1.00,1.00
2015.04.03 10:20:32.391,1.95158,1.95182,1.00,1.00
2015.04.03 10:20:40.346,1.9516,1.95182,1.00,1.00
2015.04.03 10:20:41.255,1.9516,1.95178,1.00,1.00
2015.04.03 10:20:41.885,1.95159,1.95178,1.00,1.00
2015.04.03 10:20:42.662,1.95159,1.95177,1.00,1.00
2015.04.03 10:20:45.867,1.95159,1.95174,1.00,1.00
2015.04.03 10:20:48.711,1.95156,1.95174,1.00,1.00
2015.04.03 10:20:49.151,1.95156,1.95176,1.00,1.00
2015.04.03 10:20:54.787,1.95159,1.95176,1.00,1.00
2015.04.03 10:20:57.302,1.95159,1.95174,1.00,1.00
2015.04.03 10:20:59.166,1.95159,1.95173,1.00,1.00
2015.04.03 10:21:17.572,1.95159,1.9517,1.00,1.00
2015.04.03 10:21:18.451,1.95159,1.95169,1.00,1.00
2015.04.03 10:21:21.071,1.95159,1.95167,1.00,1.00
2015.04.03 10:21:21.753,1.95159,1.95165,1.00,1.00
2015.04.03 10:21:21.854,1.95156,1.95165,1.00,1.00
2015.04.03 10:21:22.727,1.95156,1.95162,1.00,1.00
2015.04.03 10:21:23.709,1.95155,1.95168,1.00,1.00
2015.04.03 10:21:24.685,1.95142,1.95152,1.00,1.00
2015.04.03 10:21:24.786,1.9514,1.95152,1.00,1.00
2015.04.03 10:21:26.684,1.9514,1.9515,1.00,1.00
2015.04.03 10:21:26.936,1.95123,1.95144,1.50,1.50
2015.04.03 10:21:26.987,1.95119,1.95144,1.00,1.00
2015.04.03 10:21:27.362,1.95117,1.95143,1.00,1.00
2015.04.03 10:21:27.463,1.95114,1.95143,1.00,1.00
2015.04.03 10:21:33.536,1.95114,1.95145,1.00,1.00
2015.04.03 10:21:33.638,1.95114,1.95147,1.00,1.50
2015.04.03 10:21:33.739,1.95122,1.95147,1.00,1.00
2015.04.03 10:21:33.841,1.95122,1.95149,1.00,1.00
2015.04.03 10:21:33.942,1.95126,1.95149,1.00,1.00
2015.04.03 10:21:37.040,1.95128,1.95149,1.00,1.00
2015.04.03 10:21:41.534,1.95131,1.95149,1.00,1.00
2015.04.03 10:21:47.012,1.95131,1.95152,1.00,1.17
2015.04.03 10:21:47.163,1.95131,1.95148,1.00,1.00
2015.04.03 10:21:49.210,1.95131,1.95149,1.00,1.00
2015.04.03 10:22:02.883,1.95128,1.95149,1.00,1.00
2015.04.03 10:22:07.474,1.95131,1.95149,1.00,1.00
2015.04.03 10:22:17.088,1.95131,1.95152,1.00,1.15
2015.04.03 10:22:22.690,1.95135,1.95152,1.00,1.15
2015.04.03 10:22:22.992,1.95138,1.95152,1.00,1.15
2015.04.03 10:22:27.492,1.95138,1.95152,1.00,1.10
2015.04.03 10:22:34.885,1.95138,1.95157,1.00,1.07
2015.04.03 10:22:34.936,1.95138,1.95157,1.00,1.00
2015.04.03 10:22:36.114,1.95142,1.95157,1.00,1.00
2015.04.03 10:22:45.089,1.95142,1.95154,1.00,1.00
2015.04.03 10:22:45.770,1.95142,1.95153,1.00,1.00
2015.04.03 10:22:52.900,1.95142,1.95157,1.00,1.00
2015.04.03 10:22:53.821,1.95143,1.95157,1.00,1.00
2015.04.03 10:22:54.425,1.95143,1.95158,1.00,1.00
2015.04.03 10:22:57.741,1.95143,1.95154,1.00,1.00
2015.04.03 10:22:59.422,1.95143,1.95157,1.00,1.00
2015.04.03 10:22:59.725,1.95143,1.95161,1.00,1.17
2015.04.03 10:23:01.348,1.95143,1.95161,1.00,1.00
2015.04.03 10:23:04.680,1.95147,1.95161,1.00,1.00
2015.04.03 10:23:11.276,1.9515,1.95163,1.00,1.00
2015.04.03 10:23:11.929,1.9515,1.95161,1.00,1.00
2015.04.03 10:23:21.438,1.9515,1.95163,1.00,1.00
2015.04.03 10:23:22.160,1.9515,1.95161,1.00,1.00
2015.04.03 10:23:22.312,1.9515,1.95165,1.00,1.00
2015.04.03 10:23:26.800,1.95152,1.95165,1.00,1.00
2015.04.03 10:23:31.862,1.95152,1.95162,1.00,1.00
2015.04.03 10:23:42.186,1.95152,1.95161,1.00,1.00
2015.04.03 10:23:43.188,1.95152,1.95159,1.00,1.00
2015.04.03 10:23:54.190,1.95151,1.95159,1.00,1.00
2015.04.03 10:23:58.596,1.95151,1.95162,1.00,1.00
2015.04.03 10:23:58.697,1.95154,1.95169,1.00,1.00
2015.04.03 10:23:58.798,1.95156,1.95169,1.00,1.00
2015.04.03 10:24:04.075,1.95159,1.95169,1.00,1.00
2015.04.03 10:24:06.959,1.95159,1.95174,1.00,1.00
2015.04.03 10:24:07.060,1.95164,1.95182,1.00,1.00
2015.04.03 10:24:07.161,1.95171,1.95182,1.00,1.00
2015.04.03 10:24:07.499,1.95171,1.95188,1.00,1.00
2015.04.03 10:24:15.297,1.95173,1.95188,1.00,1.00
2015.04.03 10:24:15.603,1.95175,1.95187,1.00,1.00
2015.04.03 10:24:18.917,1.95165,1.95178,1.00,1.00
2015.04.03 10:24:19.429,1.95165,1.95179,1.00,1.00
2015.04.03 10:24:19.480,1.95161,1.95179,1.00,1.00
2015.04.03 10:24:19.581,1.95157,1.95179,1.00,1.50
2015.04.03 10:24:25.639,1.95165,1.95187,1.00,1.00
2015.04.03 10:24:25.953,1.95175,1.95187,1.00,1.00
2015.04.03 10:24:26.549,1.95176,1.95187,1.00,1.00
2015.04.03 10:24:27.081,1.95176,1.9519,1.00,1.00
2015.04.03 10:24:27.735,1.95176,1.95192,1.00,1.00
2015.04.03 10:24:32.230,1.9518,1.95195,1.00,1.00
2015.04.03 10:24:32.843,1.95181,1.95195,1.00,1.00
2015.04.03 10:24:36.523,1.95181,1.95194,1.00,1.00
2015.04.03 10:24:37.528,1.95181,1.95192,1.00,1.00
2015.04.03 10:24:37.629,1.95181,1.95194,1.00,1.10
2015.04.03 10:25:21.003,1.95181,1.95196,1.00,1.50
2015.04.03 10:25:21.104,1.95181,1.952,1.00,1.65
2015.04.03 10:25:22.655,1.95181,1.95197,1.00,1.00
2015.04.03 10:25:22.756,1.95181,1.95194,1.00,1.00
2015.04.03 10:25:22.857,1.95167,1.95186,1.00,1.00
2015.04.03 10:25:22.958,1.95171,1.9519,1.00,1.15
2015.04.03 10:25:26.077,1.95171,1.95193,1.00,1.07
2015.04.03 10:25:26.128,1.95171,1.95193,1.00,1.00
2015.04.03 10:25:30.310,1.95175,1.95193,1.00,1.00
2015.04.03 10:25:30.665,1.95178,1.95193,1.00,1.00
2015.04.03 10:25:37.683,1.95179,1.95193,1.00,1.00
2015.04.03 10:25:58.814,1.95179,1.95197,1.00,1.17
2015.04.03 10:26:05.722,1.95179,1.95197,1.00,1.10
2015.04.03 10:26:06.085,1.95182,1.95197,1.00,1.00
2015.04.03 10:26:11.948,1.95185,1.95197,1.00,1.00
2015.04.03 10:26:13.021,1.95185,1.952,1.00,1.00
2015.04.03 10:26:19.818,1.95185,1.95202,1.00,1.27
2015.04.03 10:26:20.487,1.95185,1.95201,1.00,1.00
2015.04.03 10:26:21.799,1.95185,1.952,1.00,1.00
2015.04.03 10:26:25.847,1.95185,1.952,1.00,1.07
2015.04.03 10:26:55.738,1.95185,1.952,1.00,1.00
2015.04.03 10:26:57.142,1.95185,1.95198,1.00,1.00
2015.04.03 10:26:57.445,1.95183,1.95193,1.00,1.00
2015.04.03 10:26:57.699,1.95173,1.95187,1.00,1.00
2015.04.03 10:26:57.901,1.95169,1.95184,1.00,1.00
2015.04.03 10:26:58.527,1.95169,1.95187,1.00,1.00
2015.04.03 10:26:59.491,1.95169,1.95184,1.00,1.00
2015.04.03 10:27:14.586,1.95169,1.95187,1.00,1.00
2015.04.03 10:27:14.838,1.95169,1.95189,1.00,1.00
2015.04.03 10:27:19.909,1.95171,1.95189,1.00,1.00
2015.04.03 10:27:20.347,1.95174,1.95189,1.00,1.00
2015.04.03 10:28:20.217,1.95158,1.95189,1.50,1.00
2015.04.03 10:28:26.557,1.95158,1.95188,1.00,1.00
2015.04.03 10:28:26.758,1.9517,1.95188,1.00,1.00
2015.04.03 10:28:27.626,1.9517,1.95187,1.00,1.00
2015.04.03 10:28:28.645,1.9517,1.95189,1.00,1.00
2015.04.03 10:28:40.099,1.9517,1.95187,1.00,1.00
2015.04.03 10:28:40.402,1.95149,1.95161,1.00,1.00
2015.04.03 10:28:40.503,1.95123,1.95154,1.00,1.00
2015.04.03 10:28:40.554,1.95114,1.95154,1.10,1.00
2015.04.03 10:28:40.856,1.95109,1.95149,2.10,1.00
2015.04.03 10:28:41.283,1.95109,1.95154,2.10,1.00
2015.04.03 10:28:41.639,1.9513,1.95154,1.00,1.00
2015.04.03 10:28:42.362,1.95129,1.95151,1.00,1.00
2015.04.03 10:28:46.686,1.95126,1.95148,1.00,1.00
2015.04.03 10:28:48.123,1.95126,1.95149,1.00,1.00
2015.04.03 10:28:48.225,1.95126,1.95155,1.00,1.17
2015.04.03 10:28:48.854,1.95126,1.95153,1.00,1.00
2015.04.03 10:28:49.005,1.95126,1.9515,1.00,1.00
2015.04.03 10:28:49.509,1.95126,1.95149,1.00,1.00
2015.04.03 10:28:54.496,1.95126,1.95155,1.00,1.17
2015.04.03 10:28:54.597,1.95126,1.95152,1.00,1.00
2015.04.03 10:28:55.283,1.95126,1.95151,1.00,1.00
2015.04.03 10:28:55.929,1.95126,1.9515,1.00,1.00
2015.04.03 10:28:58.782,1.95126,1.9515,1.00,1.15
2015.04.03 10:29:01.626,1.95123,1.95151,1.00,1.15
2015.04.03 10:29:04.157,1.95123,1.95153,1.00,2.10
2015.04.03 10:29:04.258,1.95123,1.95155,1.00,2.47
2015.04.03 10:29:10.518,1.95123,1.95152,1.00,2.10
2015.04.03 10:29:12.384,1.95123,1.95152,1.00,1.15
2015.04.03 10:29:13.576,1.95123,1.95151,1.00,2.10
2015.04.03 10:29:15.356,1.95123,1.95152,1.00,3.22
2015.04.03 10:29:15.407,1.95123,1.95152,1.00,1.27
2015.04.03 10:29:18.123,1.95123,1.95151,1.00,2.10
2015.04.03 10:29:21.565,1.95123,1.95152,1.00,2.10
2015.04.03 10:29:21.667,1.95123,1.95154,1.00,1.15
2015.04.03 10:29:41.812,1.95123,1.95151,1.00,1.17
2015.04.03 10:29:43.966,1.95123,1.95151,1.00,1.00
2015.04.03 10:29:46.057,1.95123,1.95154,1.00,1.07
2015.04.03 10:29:47.305,1.95123,1.95152,1.00,1.00
2015.04.03 10:30:01.695,1.95116,1.95152,2.10,1.00
2015.04.03 10:30:02.267,1.95116,1.95151,2.10,1.00
2015.04.03 10:30:02.318,1.95116,1.95151,2.02,1.07
2015.04.03 10:30:02.368,1.95108,1.95151,4.80,1.15
2015.04.03 10:30:03.154,1.95108,1.95145,4.80,1.00
2015.04.03 10:30:03.457,1.95121,1.95145,1.00,1.00
2015.04.03 10:30:03.800,1.95124,1.95145,1.00,1.00
2015.04.03 10:30:06.413,1.95124,1.95145,1.00,1.07
2015.04.03 10:30:06.940,1.95124,1.95145,1.00,1.15
2015.04.03 10:30:20.832,1.95124,1.95142,1.00,1.00
2015.04.03 10:30:24.784,1.95124,1.95145,1.00,1.00
2015.04.03 10:30:24.886,1.95124,1.95151,1.00,1.17
2015.04.03 10:30:27.378,1.95124,1.95151,1.00,1.00
2015.04.03 10:30:28.007,1.95128,1.95151,1.00,1.00
2015.04.03 10:30:29.539,1.95128,1.95154,1.00,1.65
2015.04.03 10:30:30.511,1.95131,1.95154,1.00,1.17
2015.04.03 10:30:34.799,1.95131,1.95156,1.00,1.10
2015.04.03 10:30:34.850,1.95131,1.95156,1.00,1.17
2015.04.03 10:30:35.251,1.95131,1.95153,1.00,1.07
2015.04.03 10:30:55.041,1.95131,1.95154,1.00,1.10
2015.04.03 10:31:06.423,1.95131,1.95155,1.00,1.00
2015.04.03 10:31:13.850,1.95131,1.95156,1.00,1.00
2015.04.03 10:31:16.161,1.95131,1.95156,1.00,1.37
2015.04.03 10:31:18.933,1.95131,1.95156,1.00,1.00
2015.04.03 10:31:27.397,1.95131,1.95156,1.00,1.45
2015.04.03 10:31:28.513,1.95131,1.95157,1.00,1.00
2015.04.03 10:31:30.504,1.95121,1.95161,4.05,1.52
2015.04.03 10:31:31.254,1.95133,1.95161,1.00,2.77
2015.04.03 10:31:32.691,1.95133,1.95161,1.00,1.50
2015.04.03 10:31:33.608,1.95136,1.95161,1.00,1.00
2015.04.03 10:31:37.330,1.95136,1.95157,1.00,1.00
2015.04.03 10:31:43.394,1.95136,1.95156,1.00,1.75
2015.04.03 10:31:43.445,1.9513,1.95155,1.00,1.75
2015.04.03 10:31:43.495,1.9513,1.95148,1.00,2.47
2015.04.03 10:31:43.546,1.95128,1.95148,1.00,2.47
2015.04.03 10:31:43.647,1.95122,1.95136,1.00,1.00
2015.04.03 10:31:43.799,1.95091,1.95126,1.15,1.07
2015.04.03 10:31:43.900,1.95084,1.95125,2.10,2.10
2015.04.03 10:31:44.404,1.95084,1.95119,2.10,1.00
2015.04.03 10:31:45.699,1.95093,1.95119,1.00,1.00
2015.04.03 10:31:46.003,1.95093,1.95119,1.00,1.37
2015.04.03 10:31:46.307,1.95093,1.95117,1.00,2.85
2015.04.03 10:31:48.534,1.95093,1.95113,1.00,2.10
2015.04.03 10:31:51.170,1.95093,1.95113,1.00,2.47
2015.04.03 10:31:51.683,1.95084,1.9511,1.00,1.15
2015.04.03 10:31:51.734,1.95084,1.95107,1.00,1.27
2015.04.03 10:31:51.784,1.95076,1.95106,1.00,1.15
2015.04.03 10:31:51.835,1.95076,1.95101,1.00,2.10
2015.04.03 10:31:51.936,1.95068,1.95096,1.00,2.10
2015.04.03 10:31:52.037,1.95065,1.95092,1.00,2.10
2015.04.03 10:31:52.340,1.95065,1.95084,1.00,4.05
2015.04.03 10:31:52.441,1.95059,1.95084,1.00,4.05
2015.04.03 10:31:52.593,1.95043,1.95084,1.15,4.05
2015.04.03 10:31:53.244,1.95051,1.95083,1.00,1.15
2015.04.03 10:31:53.889,1.95056,1.95084,1.00,4.05
2015.04.03 10:31:54.192,1.95056,1.95081,1.00,2.10
2015.04.03 10:31:54.243,1.95048,1.95081,1.00,2.10
2015.04.03 10:31:55.420,1.95044,1.95081,1.00,2.10
2015.04.03 10:31:55.521,1.95036,1.95077,1.15,4.05
2015.04.03 10:31:55.723,1.9503,1.95074,3.22,2.10
2015.04.03 10:31:55.824,1.95029,1.95065,1.20,2.10
2015.04.03 10:32:02.723,1.95027,1.95066,2.10,2.10
2015.04.03 10:32:02.774,1.95027,1.95071,4.05,4.05
2015.04.03 10:32:09.825,1.95031,1.95071,2.85,2.10
2015.04.03 10:32:09.876,1.95041,1.95082,2.10,2.47
2015.04.03 10:32:16.950,1.95044,1.95086,2.10,2.10
2015.04.03 10:32:17.579,1.95047,1.9509,2.10,2.10
2015.04.03 10:32:21.912,1.95051,1.95093,2.10,2.47
2015.04.03 10:32:27.952,1.95054,1.95095,2.10,2.47
2015.04.03 10:32:28.003,1.95055,1.95096,1.15,1.52
2015.04.03 10:32:29.696,1.95055,1.95094,1.10,2.10
2015.04.03 10:32:49.409,1.95055,1.95095,1.15,4.42
2015.04.03 10:33:06.095,1.95055,1.95095,2.85,2.10
2015.04.03 10:33:06.146,1.95057,1.95098,1.15,3.22
2015.04.03 10:33:07.109,1.9506,1.951,2.10,1.27
2015.04.03 10:33:07.311,1.95063,1.95102,4.05,1.15
2015.04.03 10:33:09.815,1.95075,1.95107,1.00,1.15
2015.04.03 10:33:13.634,1.95076,1.95108,1.00,1.15
2015.04.03 10:33:33.810,1.95076,1.95108,1.00,1.52
2015.04.03 10:33:34.317,1.95076,1.95108,1.00,1.52
2015.04.03 10:33:35.211,1.95076,1.95108,1.00,1.65
2015.04.03 10:33:35.521,1.95076,1.95106,1.00,4.42
2015.04.03 10:33:41.468,1.95076,1.9511,1.00,1.65
2015.04.03 10:33:41.874,1.95076,1.95111,1.17,1.10
2015.04.03 10:33:46.849,1.95081,1.95113,1.00,1.27
2015.04.03 10:33:47.150,1.95083,1.95116,1.00,3.22
2015.04.03 10:33:49.356,1.95083,1.95116,1.00,3.60
2015.04.03 10:33:49.660,1.95078,1.95104,1.00,2.47
2015.04.03 10:33:49.811,1.95076,1.95104,1.00,3.22
2015.04.03 10:33:49.912,1.95076,1.95099,1.00,4.05
2015.04.03 10:33:49.963,1.95071,1.95097,1.00,1.90
2015.04.03 10:33:50.064,1.95068,1.95094,1.00,2.10
2015.04.03 10:33:50.115,1.95068,1.9509,1.00,2.10
2015.04.03 10:33:50.165,1.95063,1.9509,1.00,2.10
2015.04.03 10:33:50.519,1.95061,1.9509,1.00,2.10
2015.04.03 10:33:50.620,1.95059,1.9509,1.00,2.47
2015.04.03 10:33:51.813,1.95059,1.95092,1.00,1.15
2015.04.03 10:33:52.268,1.95061,1.95094,1.00,4.05
2015.04.03 10:33:52.420,1.95061,1.95096,1.00,2.85
2015.04.03 10:33:53.321,1.95067,1.951,1.00,2.85
2015.04.03 10:33:57.578,1.95067,1.951,1.17,1.17
2015.04.03 10:33:57.729,1.9507,1.95102,1.00,1.15
2015.04.03 10:34:02.808,1.9507,1.95102,1.07,1.00
2015.04.03 10:34:17.227,1.95072,1.95105,1.00,2.40
2015.04.03 10:34:26.093,1.95072,1.95104,1.07,1.45
2015.04.03 10:34:26.245,1.95072,1.95105,1.15,1.00
2015.04.03 10:34:26.397,1.95072,1.95105,2.85,1.00
2015.04.03 10:34:26.701,1.9508,1.95111,2.10,1.00
2015.04.03 10:34:26.954,1.95081,1.95111,1.10,1.00
2015.04.03 10:34:27.105,1.95081,1.95113,1.17,1.07
2015.04.03 10:34:27.612,1.95081,1.95113,1.15,1.00
2015.04.03 10:34:29.122,1.95081,1.95111,1.15,1.00
2015.04.03 10:34:29.222,1.95081,1.95111,1.00,1.00
2015.04.03 10:34:33.233,1.95081,1.95111,1.00,1.15
2015.04.03 10:34:37.040,1.95081,1.95111,1.00,3.22
2015.04.03 10:34:47.868,1.95081,1.95107,1.00,2.10
2015.04.03 10:34:48.979,1.95081,1.9511,1.00,2.85
2015.04.03 10:34:57.271,1.95081,1.95104,1.00,2.02
2015.04.03 10:34:57.574,1.95083,1.95104,1.00,3.22
2015.04.03 10:35:09.112,1.95083,1.95101,1.00,2.10
2015.04.03 10:35:09.380,1.95083,1.95104,1.00,3.22
2015.04.03 10:35:09.532,1.95083,1.95101,1.00,1.15
2015.04.03 10:35:14.598,1.95078,1.95101,1.00,1.27
2015.04.03 10:35:29.640,1.95078,1.95101,1.00,1.55
2015.04.03 10:35:42.303,1.95075,1.95101,1.00,1.27
2015.04.03 10:35:42.355,1.95075,1.95098,1.00,1.15
2015.04.03 10:35:48.732,1.95075,1.95093,1.00,1.07
2015.04.03 10:35:48.782,1.95069,1.95093,1.00,1.15
2015.04.03 10:35:49.332,1.95069,1.9509,1.00,2.10
2015.04.03 10:35:49.584,1.9506,1.95082,1.00,2.47
2015.04.03 10:35:49.686,1.9506,1.95079,1.00,2.10
2015.04.03 10:35:49.787,1.95058,1.95079,1.00,3.22
2015.04.03 10:36:21.569,1.95058,1.95077,1.00,1.52
2015.04.03 10:36:21.620,1.95058,1.95073,1.00,1.27
2015.04.03 10:36:21.671,1.95054,1.95073,1.00,1.27
2015.04.03 10:36:22.186,1.95053,1.95072,1.00,1.52
2015.04.03 10:36:23.112,1.95036,1.95072,1.15,2.02
2015.04.03 10:36:23.640,1.95033,1.95072,2.85,2.02
2015.04.03 10:36:31.030,1.95033,1.95072,2.85,2.40
2015.04.03 10:36:35.038,1.95033,1.95072,2.85,2.02
2015.04.03 10:36:37.796,1.95033,1.95072,2.85,2.40
2015.04.03 10:36:37.998,1.95031,1.95068,1.15,1.52
2015.04.03 10:36:38.201,1.95033,1.9507,1.17,1.90
2015.04.03 10:36:39.311,1.95019,1.95058,1.15,1.15
2015.04.03 10:36:39.362,1.95019,1.95055,1.00,4.42
2015.04.03 10:36:39.665,1.95016,1.95055,1.20,4.42
2015.04.03 10:36:40.390,1.95011,1.95049,4.05,1.37
2015.04.03 10:36:40.693,1.95008,1.95048,4.05,1.90
2015.04.03 10:36:41.229,1.95008,1.95047,2.10,1.52
2015.04.03 10:36:41.281,1.95004,1.95046,4.05,1.52
2015.04.03 10:36:41.332,1.95004,1.95045,2.10,2.47
2015.04.03 10:36:41.384,1.95001,1.95044,2.10,2.47
2015.04.03 10:36:45.774,1.95006,1.95047,2.10,1.52
2015.04.03 10:36:46.148,1.9501,1.95048,2.10,3.22
2015.04.03 10:36:46.199,1.95011,1.95048,2.10,1.55
2015.04.03 10:36:46.351,1.95013,1.95048,2.10,1.45
2015.04.03 10:36:46.857,1.95017,1.95054,2.10,1.95
2015.04.03 10:36:46.908,1.95018,1.95054,2.10,1.12
2015.04.03 10:36:46.959,1.95021,1.95056,2.10,1.07
2015.04.03 10:36:47.060,1.95021,1.95057,4.05,1.12
2015.04.03 10:36:47.162,1.95025,1.95063,2.10,1.00
2015.04.03 10:36:47.263,1.95031,1.95066,2.10,1.50
2015.04.03 10:36:47.364,1.95034,1.9507,2.10,1.00
2015.04.03 10:36:48.388,1.95034,1.95072,2.10,1.37
2015.04.03 10:36:48.490,1.9504,1.95072,2.02,1.00
2015.04.03 10:36:48.591,1.95041,1.95078,1.15,1.52
2015.04.03 10:36:48.642,1.9504,1.95074,2.85,1.37
2015.04.03 10:36:48.794,1.95038,1.95071,1.15,1.00
2015.04.03 10:36:48.844,1.95036,1.95068,2.85,1.00
2015.04.03 10:36:49.234,1.95032,1.9506,2.85,1.00
2015.04.03 10:36:49.335,1.95032,1.95064,2.10,1.00
2015.04.03 10:36:49.688,1.95035,1.95066,2.10,1.00
2015.04.03 10:36:49.790,1.95035,1.95068,2.10,1.00
2015.04.03 10:36:49.992,1.95039,1.95073,1.17,1.00
2015.04.03 10:36:50.295,1.95042,1.95074,2.85,1.00
2015.04.03 10:36:50.799,1.95047,1.95078,2.10,1.00
2015.04.03 10:36:51.101,1.95051,1.95081,2.10,1.00
2015.04.03 10:37:09.936,1.95056,1.95084,1.10,1.00
2015.04.03 10:37:11.204,1.95056,1.95084,1.07,1.00
2015.04.03 10:37:16.526,1.95047,1.95076,1.00,1.00
2015.04.03 10:37:16.931,1.95046,1.95073,1.00,1.00
2015.04.03 10:37:17.579,1.95039,1.95076,4.80,1.37
2015.04.03 10:37:17.630,1.95039,1.95076,1.15,1.52
2015.04.03 10:37:18.084,1.95039,1.95076,1.15,2.40
2015.04.03 10:37:19.931,1.95039,1.95073,1.00,1.52
2015.04.03 10:37:20.877,1.95039,1.95065,1.00,1.00
2015.04.03 10:37:22.617,1.95033,1.9507,2.10,1.45
2015.04.03 10:37:22.921,1.95032,1.9507,1.15,1.52
2015.04.03 10:37:24.420,1.95032,1.9507,1.15,1.90
2015.04.03 10:37:24.521,1.95027,1.95066,1.15,2.47
2015.04.03 10:37:24.622,1.95032,1.9506,1.00,1.00
2015.04.03 10:37:27.336,1.95035,1.95062,1.00,1.17
2015.04.03 10:37:28.012,1.95035,1.95062,1.00,1.00
2015.04.03 10:37:28.636,1.95028,1.95068,4.80,1.15
2015.04.03 10:37:47.902,1.95029,1.95069,1.15,1.52
2015.04.03 10:37:56.996,1.95029,1.95065,1.15,1.07
2015.04.03 10:37:57.047,1.95029,1.95065,1.07,1.15
2015.04.03 10:37:57.098,1.9503,1.95067,2.02,2.40
2015.04.03 10:37:57.148,1.9503,1.95067,2.10,2.32
2015.04.03 10:37:57.199,1.95029,1.95067,2.10,3.52
2015.04.03 10:37:57.250,1.95025,1.95067,2.10,3.60
2015.04.03 10:37:57.300,1.95028,1.95067,2.10,1.15
2015.04.03 10:37:57.351,1.95028,1.95071,2.10,2.47
2015.04.03 10:37:57.402,1.95033,1.95072,1.07,2.47
2015.04.03 10:37:57.453,1.95033,1.95073,1.15,2.02
2015.04.03 10:38:06.282,1.95033,1.95072,1.15,2.40
2015.04.03 10:38:12.312,1.95033,1.95072,1.15,2.02
2015.04.03 10:38:17.475,1.95035,1.95071,1.15,1.17
2015.04.03 10:38:18.251,1.95035,1.95071,1.15,1.17
2015.04.03 10:38:37.869,1.95034,1.95071,2.85,1.27
2015.04.03 10:38:41.267,1.95034,1.95069,2.10,1.00
2015.04.03 10:38:41.368,1.95033,1.95069,2.10,1.07
2015.04.03 10:38:41.419,1.95031,1.95069,1.15,1.15
2015.04.03 10:38:52.243,1.95031,1.95067,1.00,1.15
2015.04.03 10:38:52.344,1.95029,1.95066,1.10,1.52
2015.04.03 10:39:00.187,1.95032,1.95067,1.07,1.15
2015.04.03 10:39:00.730,1.95032,1.95067,1.17,1.17
2015.04.03 10:39:15.694,1.95032,1.95066,1.17,1.00
2015.04.03 10:39:20.755,1.95033,1.95066,1.10,1.07
2015.04.03 10:39:25.428,1.95027,1.95066,1.15,3.52
2015.04.03 10:39:25.478,1.95027,1.95066,1.15,6.30
2015.04.03 10:39:34.789,1.95027,1.95066,1.15,7.05
2015.04.03 10:39:35.333,1.95025,1.95063,1.15,1.52
2015.04.03 10:39:36.538,1.95028,1.95066,2.10,1.17
2015.04.03 10:39:36.639,1.95033,1.95069,1.15,1.20
2015.04.03 10:39:36.942,1.95033,1.95066,1.15,1.00
2015.04.03 10:39:37.144,1.95033,1.95069,1.15,1.20
2015.04.03 10:39:37.314,1.95033,1.95066,1.15,1.00
2015.04.03 10:39:37.507,1.95033,1.95069,1.15,1.20
2015.04.03 10:39:41.839,1.95033,1.95066,1.15,1.00
2015.04.03 10:39:42.143,1.95033,1.95069,1.15,1.10
2015.04.03 10:39:43.312,1.95035,1.95072,2.10,1.55
2015.04.03 10:39:44.745,1.95035,1.95072,2.10,1.47
2015.04.03 10:39:45.265,1.95035,1.9507,2.10,1.00
2015.04.03 10:39:56.949,1.95035,1.9507,2.10,1.07
2015.04.03 10:39:57.050,1.95033,1.95068,1.15,1.00
2015.04.03 10:39:57.556,1.95033,1.9507,1.15,1.65
2015.04.03 10:40:20.690,1.95033,1.95068,1.15,1.00
2015.04.03 10:40:30.566,1.95033,1.9507,1.15,1.27
2015.04.03 10:40:30.718,1.95038,1.95064,1.00,1.00
2015.04.03 10:40:38.516,1.95038,1.95067,1.10,1.00
2015.04.03 10:41:38.785,1.95032,1.95071,4.05,1.20
2015.04.03 10:41:39.356,1.95033,1.95071,2.10,1.10
2015.04.03 10:41:59.450,1.95034,1.95072,1.15,1.17
2015.04.03 10:42:04.754,1.95032,1.95069,2.85,1.00
2015.04.03 10:42:14.985,1.95032,1.95066,2.10,1.00
2015.04.03 10:42:17.826,1.9503,1.95066,2.10,1.10
2015.04.03 10:42:20.162,1.95033,1.95066,2.10,1.00
2015.04.03 10:42:25.140,1.95033,1.95068,2.10,1.00
2015.04.03 10:42:36.933,1.95033,1.95067,2.10,1.00
2015.04.03 10:42:36.984,1.95031,1.95067,1.15,1.07
2015.04.03 10:42:37.035,1.9503,1.95064,2.10,1.00
2015.04.03 10:42:37.186,1.95025,1.95064,2.85,1.57
2015.04.03 10:42:37.881,1.95033,1.95068,1.17,1.10
2015.04.03 10:42:57.832,1.95033,1.9507,1.15,1.17
2015.04.03 10:42:58.347,1.95033,1.9507,1.15,1.17
2015.04.03 10:43:21.267,1.95033,1.95067,1.15,1.00
2015.04.03 10:43:21.369,1.95029,1.95065,2.10,1.95
2015.04.03 10:43:21.419,1.95028,1.95062,2.02,2.40
2015.04.03 10:43:21.470,1.95024,1.95061,1.15,1.15
2015.04.03 10:43:21.521,1.95024,1.9506,1.07,2.10
2015.04.03 10:43:21.577,1.9502,1.95059,1.15,1.15
2015.04.03 10:43:21.728,1.95011,1.95051,2.10,1.15
2015.04.03 10:43:22.031,1.95008,1.95049,2.10,2.10
2015.04.03 10:43:33.571,1.95008,1.95046,2.02,2.10
2015.04.03 10:43:33.673,1.95002,1.95042,2.10,1.15
2015.04.03 10:43:33.775,1.94998,1.95036,2.02,2.02
2015.04.03 10:43:33.826,1.94994,1.95035,1.15,2.10
2015.04.03 10:43:36.646,1.95,1.95028,1.00,1.00
2015.04.03 10:43:38.543,1.95,1.95028,1.07,1.00
2015.04.03 10:43:39.363,1.95003,1.95031,1.00,1.00
2015.04.03 10:43:39.465,1.95007,1.95033,1.00,1.00
2015.04.03 10:43:40.563,1.95008,1.95036,1.00,1.10
2015.04.03 10:43:47.064,1.95011,1.95038,1.00,1.00
2015.04.03 10:43:47.165,1.95014,1.95042,1.00,1.00
2015.04.03 10:44:25.223,1.95011,1.9504,1.15,1.00
2015.04.03 10:44:25.552,1.95015,1.95043,1.00,1.00
2015.04.03 10:44:27.398,1.95012,1.95039,1.07,1.00
2015.04.03 10:44:27.650,1.95014,1.95042,1.00,1.00
2015.04.03 10:44:32.277,1.95017,1.95044,1.00,1.00
2015.04.03 10:44:32.731,1.95011,1.95049,1.15,1.15
2015.04.03 10:44:33.244,1.95008,1.95046,4.80,1.00
2015.04.03 10:44:41.152,1.95008,1.95046,1.10,1.15
2015.04.03 10:44:50.011,1.95011,1.95047,1.00,2.85
2015.04.03 10:44:50.328,1.95007,1.95044,1.15,1.15
2015.04.03 10:44:50.656,1.95012,1.95039,1.00,1.15
2015.04.03 10:44:50.757,1.95005,1.95034,1.10,1.00
2015.04.03 10:44:50.858,1.95001,1.95038,1.15,1.17
2015.04.03 10:44:50.959,1.95003,1.95038,4.05,1.00
2015.04.03 10:44:51.557,1.95005,1.95042,1.15,1.15
2015.04.03 10:45:09.916,1.95009,1.95035,1.00,1.00
2015.04.03 10:45:10.118,1.95003,1.95039,2.85,1.07
2015.04.03 10:45:10.169,1.95003,1.95041,4.80,1.20
2015.04.03 10:45:30.267,1.95003,1.95041,2.85,1.17
2015.04.03 10:45:30.773,1.95003,1.95041,1.15,1.15
2015.04.03 10:45:34.203,1.95001,1.95037,2.02,2.77
2015.04.03 10:45:34.253,1.94998,1.95037,1.27,2.85
2015.04.03 10:45:36.206,1.94998,1.95037,3.22,1.15
2015.04.03 10:45:36.256,1.94998,1.95037,3.22,1.17
2015.04.03 10:45:43.078,1.95001,1.95039,2.10,1.07
2015.04.03 10:45:43.129,1.95001,1.95039,4.05,1.00
2015.04.03 10:45:44.520,1.95,1.95039,1.15,1.15
2015.04.03 10:45:47.292,1.95001,1.95039,2.10,1.17
2015.04.03 10:45:47.342,1.95001,1.95039,4.05,1.20
2015.04.03 10:46:08.031,1.95003,1.9504,2.10,1.10
2015.04.03 10:46:11.628,1.95003,1.9504,2.85,1.17
2015.04.03 10:46:11.678,1.95003,1.9504,1.17,1.15
2015.04.03 10:46:15.886,1.95004,1.95037,2.10,1.00
2015.04.03 10:46:35.687,1.95004,1.9504,2.10,1.10
2015.04.03 10:46:36.275,1.95005,1.9504,2.10,1.00
2015.04.03 10:46:51.498,1.95009,1.9504,2.02,1.00
2015.04.03 10:46:54.837,1.95009,1.95036,2.10,1.00
2015.04.03 10:46:54.938,1.95011,1.95038,1.15,1.00
2015.04.03 10:46:55.773,1.95009,1.95043,2.10,1.00
2015.04.03 10:46:58.140,1.95012,1.9504,1.17,1.00
2015.04.03 10:47:06.158,1.95015,1.95044,1.00,1.00
2015.04.03 10:47:08.698,1.9501,1.95047,1.15,1.07
2015.04.03 10:47:11.523,1.9501,1.95047,1.15,1.10
2015.04.03 10:47:15.766,1.95016,1.95043,1.00,1.00
2015.04.03 10:47:56.983,1.95009,1.95036,1.00,1.00
2015.04.03 10:47:57.286,1.95011,1.95036,1.00,1.00
2015.04.03 10:47:57.791,1.95012,1.95036,1.00,1.00
2015.04.03 10:47:57.892,1.95005,1.95032,1.00,1.00
2015.04.03 10:47:57.993,1.95001,1.95031,1.10,1.00
2015.04.03 10:47:58.447,1.94993,1.95041,1.15,5.17
2015.04.03 10:48:00.594,1.94998,1.95041,2.02,2.85
2015.04.03 10:48:00.696,1.94998,1.95041,2.10,1.17
2015.04.03 10:48:04.120,1.95004,1.95041,2.02,1.10
2015.04.03 10:48:04.171,1.95004,1.95044,2.10,1.00
2015.04.03 10:48:04.373,1.95008,1.95035,1.07,1.00
2015.04.03 10:48:04.683,1.95022,1.95042,1.00,1.00
2015.04.03 10:48:04.784,1.95021,1.95047,1.00,1.00
2015.04.03 10:48:04.835,1.95018,1.95047,1.00,1.00
2015.04.03 10:48:04.936,1.95016,1.95044,1.10,1.00
2015.04.03 10:48:05.591,1.95017,1.95044,1.00,1.00
2015.04.03 10:48:08.109,1.95016,1.95044,1.10,1.00
2015.04.03 10:48:14.938,1.95018,1.95046,1.00,1.00
2015.04.03 10:48:15.435,1.95024,1.9506,1.15,1.00
2015.04.03 10:48:15.741,1.95024,1.95061,1.00,1.00
2015.04.03 10:48:17.871,1.9502,1.95057,1.15,1.00
2015.04.03 10:48:18.074,1.95017,1.95056,1.17,1.00
2015.04.03 10:48:18.427,1.95021,1.95058,1.07,1.10
2015.04.03 10:48:19.811,1.95014,1.95061,2.85,2.10
2015.04.03 10:48:39.240,1.95014,1.95061,2.10,1.15
2015.04.03 10:48:59.472,1.95014,1.95059,4.80,1.15
2015.04.03 10:49:01.673,1.9502,1.95063,2.02,2.10
2015.04.03 10:49:01.774,1.9502,1.95066,2.10,2.40
2015.04.03 10:49:05.281,1.9502,1.9506,2.85,1.00
2015.04.03 10:49:12.576,1.95024,1.95062,1.07,1.10
2015.04.03 10:49:13.775,1.95026,1.95066,1.00,1.15
2015.04.03 10:49:13.876,1.95026,1.95066,1.07,1.07
2015.04.03 10:49:13.927,1.95026,1.95066,1.15,1.00
2015.04.03 10:49:33.913,1.95026,1.95066,1.15,1.65
2015.04.03 10:49:43.104,1.95026,1.95066,1.15,2.02
2015.04.03 10:49:43.714,1.95026,1.95066,1.15,2.60
2015.04.03 10:49:45.094,1.95026,1.95066,1.15,2.02
2015.04.03 10:49:47.044,1.95026,1.95066,1.15,2.02
2015.04.03 10:49:49.200,1.95026,1.95066,1.15,2.02
2015.04.03 10:49:49.359,1.95026,1.95066,2.85,1.95
2015.04.03 10:49:49.663,1.95027,1.95065,1.07,1.47
2015.04.03 10:49:49.801,1.95027,1.95065,1.07,1.10
2015.04.03 10:49:50.903,1.95027,1.95065,1.07,1.47
2015.04.03 10:49:51.748,1.95027,1.95065,1.07,1.47
2015.04.03 10:49:55.426,1.95027,1.95065,1.07,1.47
2015.04.03 10:49:55.928,1.95027,1.95065,1.07,1.47
2015.04.03 10:49:57.416,1.95027,1.95065,1.07,1.47
2015.04.03 10:49:59.642,1.95027,1.95065,1.07,1.47
2015.04.03 10:50:00.340,1.95027,1.95065,1.07,1.10
2015.04.03 10:50:09.673,1.95027,1.95065,1.15,1.00
2015.04.03 10:50:49.407,1.95024,1.9507,2.10,1.52
2015.04.03 10:50:50.192,1.95031,1.95068,1.00,1.15
2015.04.03 10:50:50.526,1.95031,1.95068,1.15,1.00
2015.04.03 10:50:58.030,1.95028,1.95065,4.05,1.00
2015.04.03 10:51:10.462,1.95026,1.95065,2.85,1.00
2015.04.03 10:51:14.967,1.95026,1.95065,1.17,1.10
2015.04.03 10:51:15.018,1.95022,1.95062,2.85,1.00
2015.04.03 10:51:15.523,1.95026,1.95063,1.17,1.00
2015.04.03 10:51:35.886,1.95026,1.95063,1.15,1.00
2015.04.03 10:51:52.479,1.95028,1.95065,1.10,1.00
2015.04.03 10:51:55.720,1.9503,1.9507,1.00,1.15
2015.04.03 10:51:55.922,1.9503,1.9507,1.15,1.00
2015.04.03 10:51:58.648,1.95035,1.95074,1.00,1.65
2015.04.03 10:51:58.951,1.95037,1.95073,2.10,1.00
2015.04.03 10:51:59.102,1.95036,1.95073,1.07,1.00
2015.04.03 10:51:59.154,1.95036,1.95073,1.00,1.00
2015.04.03 10:51:59.785,1.95033,1.95071,1.15,1.00
2015.04.03 10:52:03.276,1.9503,1.95069,4.80,1.00
2015.04.03 10:52:18.159,1.9503,1.9506,4.05,1.00
2015.04.03 10:52:18.260,1.95025,1.95054,1.15,1.00
2015.04.03 10:52:18.413,1.95019,1.95054,1.17,1.00
2015.04.03 10:52:18.464,1.95019,1.9505,1.17,1.00
2015.04.03 10:52:18.767,1.95017,1.95046,1.15,1.00
2015.04.03 10:52:18.918,1.9502,1.95048,1.10,1.00
2015.04.03 10:52:32.105,1.95017,1.95039,1.15,1.00
2015.04.03 10:52:32.155,1.95017,1.95039,1.00,1.00
2015.04.03 10:52:32.307,1.95021,1.95047,1.00,1.15
2015.04.03 10:52:32.559,1.95021,1.95047,2.85,1.00
2015.04.03 10:52:32.862,1.95025,1.95051,1.17,1.00
2015.04.03 10:52:33.467,1.95025,1.95051,1.00,1.00
2015.04.03 10:52:33.518,1.95022,1.95049,1.00,1.00
2015.04.03 10:53:05.844,1.95022,1.95049,1.07,1.00
2015.04.03 10:53:05.895,1.95024,1.95052,1.10,1.00
2015.04.03 10:53:06.957,1.95021,1.9505,1.00,1.00
2015.04.03 10:53:15.127,1.95034,1.95059,1.00,1.00
2015.04.03 10:53:15.331,1.9504,1.95077,1.15,1.00
2015.04.03 10:53:15.433,1.95034,1.95068,1.15,1.00
2015.04.03 10:53:15.534,1.95028,1.95066,1.65,1.00
2015.04.03 10:53:16.730,1.95028,1.95066,1.90,1.00
2015.04.03 10:53:17.033,1.95055,1.95084,1.00,1.00
2015.04.03 10:53:17.083,1.9505,1.95086,1.15,1.00
2015.04.03 10:53:17.184,1.95047,1.95079,2.10,1.00
2015.04.03 10:53:17.235,1.95042,1.95079,1.15,1.00
2015.04.03 10:53:17.337,1.95049,1.95085,1.00,4.80
2015.04.03 10:53:18.253,1.9506,1.95104,4.05,1.57
2015.04.03 10:53:18.303,1.9506,1.95103,4.05,1.00
2015.04.03 10:53:18.405,1.9507,1.95099,1.00,1.00
2015.04.03 10:53:18.707,1.95063,1.95095,1.07,1.00
2015.04.03 10:53:18.859,1.95061,1.95093,1.07,1.00
2015.04.03 10:53:27.464,1.95061,1.95093,1.00,1.00
2015.04.03 10:53:38.603,1.95061,1.95093,1.00,1.37
2015.04.03 10:53:39.859,1.95061,1.95093,1.00,1.37
2015.04.03 10:53:41.658,1.95061,1.95093,1.00,1.37
2015.04.03 10:53:42.639,1.95061,1.95093,1.00,1.00
2015.04.03 10:53:44.281,1.95057,1.95093,1.10,1.00
2015.04.03 10:53:47.702,1.95057,1.95093,1.17,1.00
2015.04.03 10:53:53.496,1.95058,1.95093,2.10,1.00
2015.04.03 10:53:53.597,1.95057,1.95098,1.17,1.15
2015.04.03 10:53:55.129,1.95062,1.95096,1.00,1.17
2015.04.03 10:54:10.207,1.95062,1.95096,1.15,1.00
2015.04.03 10:54:18.495,1.95062,1.95096,1.00,1.17
2015.04.03 10:54:19.077,1.95062,1.95096,1.07,1.07
2015.04.03 10:54:19.128,1.95062,1.95096,1.15,1.00
2015.04.03 10:54:19.229,1.95066,1.95099,1.00,1.17
2015.04.03 10:54:19.280,1.95066,1.95099,1.00,3.22
2015.04.03 10:54:19.584,1.95061,1.95093,1.00,1.15
2015.04.03 10:54:19.891,1.95063,1.95091,1.00,1.17
2015.04.03 10:54:33.152,1.95063,1.95089,1.00,2.10
2015.04.03 10:54:33.455,1.95061,1.95087,1.00,1.52
2015.04.03 10:54:33.657,1.95057,1.95086,1.00,1.52
2015.04.03 10:54:53.254,1.95057,1.95086,1.00,1.07
2015.04.03 10:54:54.332,1.95057,1.95086,1.00,1.00
2015.04.03 10:54:56.373,1.95057,1.95082,1.00,1.47
2015.04.03 10:54:56.424,1.95049,1.95078,1.00,1.00
2015.04.03 10:54:56.475,1.95049,1.95078,1.00,1.07
2015.04.03 10:54:56.777,1.95048,1.95074,1.00,3.22
2015.04.03 10:55:03.463,1.95048,1.95074,1.00,1.45
2015.04.03 10:55:03.564,1.95048,1.95074,1.00,1.00
2015.04.03 10:55:51.844,1.95048,1.95074,1.00,1.37
2015.04.03 10:55:52.154,1.95048,1.95074,1.00,1.37
2015.04.03 10:55:56.518,1.95032,1.95076,4.05,1.65
2015.04.03 10:56:01.641,1.95032,1.95076,2.10,3.60
2015.04.03 10:56:01.692,1.95031,1.95076,1.65,3.60
2015.04.03 10:56:02.657,1.95045,1.95072,1.00,1.27
2015.04.03 10:56:05.251,1.95045,1.95072,1.00,1.20
2015.04.03 10:56:05.553,1.95043,1.95069,1.00,1.00
2015.04.03 10:56:09.997,1.95043,1.95069,1.00,1.07
2015.04.03 10:56:19.328,1.95043,1.95069,1.00,1.90
2015.04.03 10:56:19.480,1.95033,1.95062,1.00,1.27
2015.04.03 10:56:24.882,1.95032,1.95058,1.00,1.10
2015.04.03 10:56:25.403,1.95029,1.95049,1.00,2.02
2015.04.03 10:56:25.505,1.95024,1.95049,1.00,2.47
2015.04.03 10:56:25.606,1.95024,1.95045,1.00,2.10
2015.04.03 10:56:25.657,1.95018,1.95044,1.00,1.15
2015.04.03 10:56:26.185,1.95018,1.95044,1.00,1.00
2015.04.03 10:56:38.990,1.95018,1.95044,1.07,1.00
2015.04.03 10:56:39.293,1.95024,1.95053,1.00,1.00
2015.04.03 10:56:39.697,1.95024,1.95053,1.07,1.00
2015.04.03 10:56:49.454,1.95022,1.95049,1.07,1.50
2015.04.03 10:56:49.505,1.95022,1.95048,1.00,2.40
2015.04.03 10:56:50.267,1.9501,1.95036,1.00,1.00
2015.04.03 10:57:03.262,1.9501,1.95036,1.07,1.00
2015.04.03 10:57:10.442,1.95013,1.95039,1.00,1.00
2015.04.03 10:57:11.012,1.95015,1.95042,1.00,1.00
2015.04.03 10:57:43.419,1.95015,1.95042,1.07,1.00
2015.04.03 10:57:43.924,1.95015,1.95042,1.15,1.00
2015.04.03 10:57:51.794,1.95018,1.95042,2.02,1.00
2015.04.03 10:57:51.895,1.95018,1.95046,2.85,1.00
2015.04.03 10:57:51.996,1.95021,1.95048,1.15,1.00
2015.04.03 10:57:52.047,1.95022,1.95048,2.10,1.00
2015.04.03 10:57:52.249,1.95024,1.95053,1.15,1.00
2015.04.03 10:57:52.653,1.95027,1.95053,2.10,1.00
2015.04.03 10:57:52.704,1.95028,1.95055,1.15,1.00
2015.04.03 10:57:54.978,1.9503,1.95058,1.15,1.00
2015.04.03 10:57:55.158,1.95031,1.95058,2.10,1.00
2015.04.03 10:57:55.924,1.95032,1.95058,2.10,1.00
2015.04.03 10:57:57.513,1.95033,1.95062,1.15,1.00
2015.04.03 10:57:57.614,1.95036,1.95064,1.17,1.00
2015.04.03 10:58:02.751,1.95036,1.95064,2.85,1.00
2015.04.03 10:58:03.003,1.95039,1.95067,1.15,1.00
2015.04.03 10:58:10.511,1.95043,1.95067,2.02,1.00
2015.04.03 10:58:20.412,1.95043,1.95069,3.60,1.00
2015.04.03 10:58:27.662,1.95043,1.95069,1.00,1.10
2015.04.03 10:58:50.738,1.95043,1.95069,1.00,1.07
2015.04.03 10:58:51.751,1.95039,1.95066,1.00,1.15
2015.04.03 10:58:55.351,1.95039,1.95062,1.00,1.00
2015.04.03 10:59:01.363,1.95039,1.95066,1.00,1.65
2015.04.03 10:59:10.904,1.95039,1.95066,1.00,1.65
2015.04.03 10:59:27.485,1.95034,1.95061,1.00,2.77
2015.04.03 10:59:27.586,1.95029,1.95055,1.00,1.10
2015.04.03 10:59:27.839,1.95029,1.95052,1.00,1.00
2015.04.03 10:59:28.242,1.95029,1.95052,1.00,1.20
2015.04.03 10:59:28.394,1.95025,1.95051,1.00,1.27
2015.04.03 10:59:28.596,1.95022,1.9505,1.00,1.20
2015.04.03 10:59:28.697,1.95022,1.95049,1.00,1.27
2015.04.03 10:59:29.201,1.95022,1.95048,1.00,1.15
2015.04.03 10:59:35.538,1.95022,1.9505,1.00,1.65
2015.04.03 10:59:38.461,1.95022,1.95046,1.00,1.00
2015.04.03 10:59:38.667,1.95022,1.9505,1.00,2.02
2015.04.03 10:59:40.377,1.95022,1.95046,1.00,1.00
2015.04.03 10:59:40.583,1.95022,1.9505,1.00,2.02
2015.04.03 10:59:43.466,1.95022,1.95046,1.00,1.00
2015.04.03 10:59:54.482,1.95022,1.9505,1.00,1.52
2015.04.03 10:59:54.993,1.95022,1.95047,1.00,1.00
2015.04.03 10:59:55.518,1.95022,1.9505,1.00,1.52
2015.04.03 10:59:56.090,1.95022,1.9505,1.00,1.52
2015.04.03 10:59:58.263,1.95022,1.9505,1.00,1.65
2015.04.03 10:59:58.314,1.9502,1.95046,1.00,1.37
2015.04.03 10:59:58.365,1.9502,1.9504,1.00,1.42
2015.04.03 10:59:58.466,1.9502,1.95046,1.00,1.90
2015.04.03 10:59:59.722,1.95017,1.95044,1.00,1.15
