2012.06.01 17:00:00.003,1.58604,1.58643,1.05,2.18
2012.06.01 17:00:00.313,1.58626,1.58643,2.22,2.93
2012.06.01 17:00:00.505,1.58632,1.58643,1.43,1.50
2012.06.01 17:00:01.110,1.58627,1.5866,2.03,1.50
2012.06.01 17:00:01.419,1.58629,1.58661,1.05,1.50
2012.06.01 17:00:01.487,1.58635,1.58673,2.25,1.43
2012.06.01 17:00:01.615,1.58642,1.58677,2.25,1.50
2012.06.01 17:00:01.878,1.58645,1.58677,2.93,1.50
2012.06.01 17:00:02.271,1.58649,1.58693,1.50,1.50
2012.06.01 17:00:02.527,1.58649,1.58686,1.50,1.50
2012.06.01 17:00:02.600,1.58641,1.58683,2.63,1.50
2012.06.01 17:00:02.666,1.58642,1.58683,1.13,1.50
2012.06.01 17:00:03.673,1.58642,1.5868,1.13,1.50
2012.06.01 17:00:03.948,1.58642,1.5868,1.13,1.50
2012.06.01 17:00:04.076,1.58641,1.5868,1.13,1.50
2012.06.01 17:00:04.554,1.58641,1.58678,1.13,1.50
2012.06.01 17:00:04.838,1.58641,1.58681,1.13,1.50
2012.06.01 17:00:04.965,1.58641,1.58681,1.13,1.50
2012.06.01 17:00:05.261,1.58642,1.58683,2.25,1.50
2012.06.01 17:00:05.363,1.58643,1.58686,2.25,1.43
2012.06.01 17:00:06.266,1.58642,1.58683,2.25,1.50
2012.06.01 17:00:06.516,1.58641,1.58683,1.13,1.50
2012.06.01 17:00:06.735,1.58641,1.58683,1.13,2.93
2012.06.01 17:00:06.925,1.58642,1.58683,1.13,1.50
2012.06.01 17:00:07.536,1.5864,1.58682,3.83,1.50
2012.06.01 17:00:07.608,1.5864,1.5868,2.25,1.43
2012.06.01 17:00:07.914,1.58638,1.5868,2.18,1.50
2012.06.01 17:00:08.213,1.58639,1.5868,1.43,1.50
2012.06.01 17:00:08.286,1.58636,1.58671,1.20,1.50
2012.06.01 17:00:08.485,1.58633,1.58674,1.39,1.50
2012.06.01 17:00:08.687,1.58633,1.58671,1.39,1.50
2012.06.01 17:00:09.306,1.58633,1.58669,1.05,1.50
2012.06.01 17:00:09.377,1.58631,1.58669,2.04,1.50
2012.06.01 17:00:09.976,1.58625,1.58668,2.14,1.20
2012.06.01 17:00:10.275,1.58623,1.58665,2.33,2.93
2012.06.01 17:00:10.405,1.58622,1.58663,1.20,1.50
2012.06.01 17:00:10.715,1.58618,1.58654,2.03,1.50
2012.06.01 17:00:10.974,1.58616,1.58656,1.50,2.93
2012.06.01 17:00:11.884,1.58612,1.58656,1.50,2.93
2012.06.01 17:00:11.955,1.58611,1.58652,2.18,1.50
2012.06.01 17:00:12.976,1.58611,1.58647,1.58,1.50
2012.06.01 17:00:13.225,1.58611,1.58654,1.58,1.50
2012.06.01 17:00:13.296,1.58611,1.58652,1.58,1.50
2012.06.01 17:00:13.608,1.5861,1.58654,2.85,1.50
2012.06.01 17:00:13.795,1.5861,1.58651,1.65,1.50
2012.06.01 17:00:14.105,1.58607,1.58649,1.13,1.50
2012.06.01 17:00:20.930,1.58605,1.58649,2.25,1.50
2012.06.01 17:00:20.996,1.58603,1.58644,2.55,1.50
2012.06.01 17:00:21.304,1.58605,1.58649,2.25,1.50
2012.06.01 17:00:21.944,1.58605,1.58649,1.50,1.50
2012.06.01 17:00:22.017,1.58603,1.58641,1.43,1.50
2012.06.01 17:00:22.556,1.58603,1.58645,1.43,1.50
2012.06.01 17:00:22.983,1.58603,1.58643,1.43,1.50
2012.06.01 17:00:23.339,1.58603,1.58644,2.18,1.50
2012.06.01 17:00:26.524,1.58605,1.58646,2.25,1.50
2012.06.01 17:00:26.594,1.58603,1.58644,2.18,1.50
2012.06.01 17:00:27.743,1.58603,1.58644,2.55,1.50
2012.06.01 17:00:28.460,1.58612,1.58651,1.20,1.50
2012.06.01 17:00:28.546,1.5862,1.58652,1.43,1.50
2012.06.01 17:00:28.855,1.5862,1.58656,1.43,3.00
2012.06.01 17:00:29.395,1.5862,1.58656,2.18,1.50
2012.06.01 17:00:29.678,1.5862,1.58654,2.18,1.50
2012.06.01 17:00:30.410,1.5862,1.58654,1.43,1.50
2012.06.01 17:00:33.834,1.58619,1.58654,1.43,1.50
2012.06.01 17:00:34.145,1.58619,1.58656,2.18,1.50
2012.06.01 17:00:34.585,1.58619,1.58657,1.43,1.50
2012.06.01 17:00:34.715,1.58619,1.58652,1.43,1.50
2012.06.01 17:00:35.035,1.58614,1.58649,1.28,1.50
2012.06.01 17:00:35.164,1.58614,1.58653,1.43,1.50
2012.06.01 17:00:36.311,1.58612,1.58649,1.13,1.50
2012.06.01 17:00:36.808,1.58608,1.58649,2.55,1.50
2012.06.01 17:00:37.173,1.58611,1.5865,2.18,1.50
2012.06.01 17:00:37.406,1.58611,1.5865,2.25,1.50
2012.06.01 17:00:37.597,1.58611,1.58647,1.88,1.50
2012.06.01 17:00:37.845,1.58611,1.58649,2.63,1.50
2012.06.01 17:00:37.913,1.58611,1.58649,2.63,1.50
2012.06.01 17:00:38.367,1.58611,1.58654,2.63,1.50
2012.06.01 17:00:38.500,1.58611,1.58654,2.63,1.50
2012.06.01 17:00:38.684,1.58613,1.58654,1.13,3.00
2012.06.01 17:00:38.900,1.58613,1.58649,1.13,1.50
2012.06.01 17:00:39.905,1.58611,1.58649,3.00,1.50
2012.06.01 17:00:40.035,1.58611,1.58647,3.00,1.50
2012.06.01 17:00:40.578,1.58611,1.58651,3.00,1.50
2012.06.01 17:00:41.034,1.58611,1.58647,2.18,1.50
2012.06.01 17:00:41.162,1.58611,1.58647,2.18,1.50
2012.06.01 17:00:41.468,1.58611,1.58645,2.18,1.50
2012.06.01 17:00:41.773,1.58611,1.58647,2.18,1.50
2012.06.01 17:00:42.570,1.5861,1.58644,2.18,1.50
2012.06.01 17:00:43.153,1.58602,1.58644,2.18,1.50
2012.06.01 17:00:43.228,1.58601,1.58642,1.43,1.50
2012.06.01 17:00:43.353,1.58601,1.58645,2.93,1.50
2012.06.01 17:00:43.622,1.58601,1.58645,2.63,1.50
2012.06.01 17:00:43.815,1.58601,1.58645,2.63,1.50
2012.06.01 17:00:44.897,1.58601,1.58643,2.63,1.50
2012.06.01 17:00:45.286,1.58601,1.58641,2.63,1.50
2012.06.01 17:00:45.988,1.586,1.58642,2.55,1.50
2012.06.01 17:00:46.375,1.58601,1.58645,2.25,1.50
2012.06.01 17:00:46.639,1.58602,1.58645,1.09,1.50
2012.06.01 17:00:47.358,1.58608,1.58646,1.43,1.50
2012.06.01 17:00:47.426,1.58609,1.58649,1.43,1.50
2012.06.01 17:00:47.497,1.58609,1.58643,1.43,1.50
2012.06.01 17:00:47.746,1.58609,1.58647,1.43,1.50
2012.06.01 17:00:48.075,1.58604,1.58646,1.54,2.25
2012.06.01 17:00:48.209,1.58605,1.58646,1.58,2.25
2012.06.01 17:00:48.396,1.58602,1.58643,1.77,2.25
2012.06.01 17:00:48.464,1.58606,1.58643,1.43,2.25
2012.06.01 17:00:48.858,1.58606,1.58646,1.43,1.50
2012.06.01 17:00:49.170,1.58606,1.58644,1.43,1.50
2012.06.01 17:00:49.485,1.58606,1.58637,1.43,1.84
2012.06.01 17:00:49.555,1.58598,1.58635,1.43,1.84
2012.06.01 17:00:49.818,1.58602,1.58638,1.43,1.84
2012.06.01 17:00:49.891,1.58596,1.58638,1.43,1.84
2012.06.01 17:00:50.115,1.58603,1.58638,1.43,1.84
2012.06.01 17:00:50.525,1.58603,1.58637,1.43,1.50
2012.06.01 17:00:50.657,1.58597,1.58637,1.43,1.50
2012.06.01 17:00:50.785,1.58597,1.58634,1.43,1.50
2012.06.01 17:00:50.981,1.58591,1.58634,1.80,1.50
2012.06.01 17:00:51.206,1.58594,1.58636,1.50,1.50
2012.06.01 17:00:51.273,1.58591,1.58634,3.30,1.50
2012.06.01 17:00:51.945,1.58593,1.58634,1.13,1.50
2012.06.01 17:00:52.021,1.58601,1.58643,1.13,1.50
2012.06.01 17:00:52.515,1.58602,1.58643,1.47,1.50
2012.06.01 17:00:52.585,1.58602,1.58646,2.97,1.50
2012.06.01 17:00:52.661,1.58604,1.58646,1.09,1.50
2012.06.01 17:00:52.981,1.58608,1.58647,1.43,1.50
2012.06.01 17:00:53.056,1.58608,1.58649,1.43,1.88
2012.06.01 17:00:54.745,1.58608,1.58649,2.18,1.88
2012.06.01 17:00:54.968,1.58608,1.58649,1.43,1.88
2012.06.01 17:00:55.038,1.58608,1.58645,1.43,1.50
2012.06.01 17:00:55.343,1.58608,1.58642,1.43,1.50
2012.06.01 17:00:55.534,1.58608,1.58645,1.43,1.50
2012.06.01 17:00:56.075,1.58606,1.58645,1.65,2.25
2012.06.01 17:00:56.345,1.58606,1.58647,1.50,2.93
2012.06.01 17:00:56.646,1.58603,1.58645,1.50,1.50
2012.06.01 17:00:56.986,1.58603,1.58645,1.50,2.25
2012.06.01 17:00:57.643,1.586,1.58642,1.80,1.50
2012.06.01 17:00:58.015,1.58599,1.58639,1.50,1.43
2012.06.01 17:00:58.274,1.58597,1.58638,1.50,1.50
2012.06.01 17:00:58.404,1.58599,1.58639,1.50,1.43
2012.06.01 17:00:59.646,1.58597,1.58638,1.50,1.50
2012.06.01 17:00:59.715,1.58593,1.58634,1.88,1.50
2012.06.01 17:01:00.033,1.58595,1.58637,1.50,1.50
2012.06.01 17:01:00.103,1.58597,1.58639,1.50,2.93
2012.06.01 17:01:00.424,1.58601,1.58644,2.18,1.65
2012.06.01 17:01:01.121,1.58603,1.58645,1.50,1.50
2012.06.01 17:01:01.199,1.58603,1.58646,2.25,1.50
2012.06.01 17:01:01.784,1.58601,1.58643,3.08,1.50
2012.06.01 17:01:02.417,1.58601,1.5864,3.00,1.50
2012.06.01 17:01:02.484,1.58601,1.5864,2.63,1.50
2012.06.01 17:01:02.764,1.58595,1.58639,2.40,1.50
2012.06.01 17:01:02.959,1.58594,1.58636,1.54,1.50
2012.06.01 17:01:03.268,1.58594,1.58633,1.13,1.50
2012.06.01 17:01:03.338,1.58593,1.58635,3.53,1.50
2012.06.01 17:01:03.410,1.58593,1.58632,2.03,1.50
2012.06.01 17:01:03.716,1.5859,1.5863,1.80,1.43
2012.06.01 17:01:03.786,1.58592,1.58632,1.05,1.50
2012.06.01 17:01:03.916,1.58587,1.58629,2.25,1.50
2012.06.01 17:01:04.483,1.58589,1.58628,1.13,1.50
2012.06.01 17:01:05.370,1.58592,1.58634,2.93,1.50
2012.06.01 17:01:05.440,1.58593,1.58637,1.50,1.50
2012.06.01 17:01:06.205,1.58598,1.58638,2.25,2.93
2012.06.01 17:01:06.396,1.58604,1.58643,1.50,1.13
2012.06.01 17:01:06.525,1.586,1.58642,3.68,1.88
2012.06.01 17:01:06.955,1.58608,1.58644,1.43,1.50
2012.06.01 17:01:07.087,1.58608,1.58647,1.43,1.50
2012.06.01 17:01:07.607,1.58608,1.58644,1.43,1.50
2012.06.01 17:01:07.966,1.58608,1.58646,1.43,1.50
2012.06.01 17:01:12.423,1.58608,1.58645,1.43,1.50
2012.06.01 17:01:12.495,1.58608,1.58643,1.43,1.50
2012.06.01 17:01:12.566,1.58601,1.58642,1.50,1.43
2012.06.01 17:01:12.817,1.58608,1.58641,1.43,1.50
2012.06.01 17:01:12.946,1.58608,1.58643,1.43,1.50
2012.06.01 17:01:13.076,1.58608,1.58647,1.43,1.50
2012.06.01 17:01:13.145,1.58608,1.58649,1.43,1.50
2012.06.01 17:01:13.394,1.58608,1.58646,1.43,1.50
2012.06.01 17:01:13.464,1.58604,1.58646,1.50,2.93
2012.06.01 17:01:13.597,1.58603,1.58646,2.55,1.43
2012.06.01 17:01:13.664,1.58603,1.58647,1.80,1.50
2012.06.01 17:01:13.736,1.58603,1.58642,1.80,1.50
2012.06.01 17:01:14.043,1.58603,1.58641,1.05,1.50
2012.06.01 17:01:14.415,1.58597,1.58639,1.50,1.50
2012.06.01 17:01:14.483,1.58597,1.58639,2.25,1.50
2012.06.01 17:01:14.795,1.586,1.58641,2.78,1.50
2012.06.01 17:01:15.786,1.586,1.58638,2.93,1.50
2012.06.01 17:01:15.863,1.586,1.5864,2.93,1.50
2012.06.01 17:01:15.995,1.586,1.58644,4.43,1.50
2012.06.01 17:01:16.165,1.5861,1.58644,1.43,1.50
2012.06.01 17:01:16.497,1.5861,1.58647,2.18,1.50
2012.06.01 17:01:16.684,1.5861,1.58654,4.05,1.50
2012.06.01 17:01:16.843,1.5861,1.58654,4.05,1.50
2012.06.01 17:01:16.936,1.5861,1.58654,4.05,1.50
2012.06.01 17:01:17.065,1.5861,1.58651,2.55,1.50
2012.06.01 17:01:17.376,1.58616,1.58647,2.18,1.50
2012.06.01 17:01:17.447,1.58616,1.5865,2.18,1.50
2012.06.01 17:01:17.757,1.58609,1.5865,1.43,3.00
2012.06.01 17:01:17.828,1.58609,1.58645,1.43,1.50
2012.06.01 17:01:18.016,1.58609,1.58647,1.43,1.50
2012.06.01 17:01:18.084,1.58607,1.58646,2.25,1.43
2012.06.01 17:01:18.413,1.58609,1.58646,1.50,1.43
2012.06.01 17:01:18.664,1.58606,1.58646,2.25,1.43
2012.06.01 17:01:19.655,1.58603,1.58646,1.50,1.43
2012.06.01 17:01:19.923,1.58601,1.58643,4.05,1.50
2012.06.01 17:01:20.239,1.58601,1.58643,2.93,1.88
2012.06.01 17:01:20.575,1.58593,1.58635,3.34,1.50
2012.06.01 17:01:20.655,1.58596,1.58638,1.84,1.50
2012.06.01 17:01:20.904,1.58596,1.58635,1.50,1.43
2012.06.01 17:01:21.042,1.58593,1.58635,1.50,1.43
2012.06.01 17:01:21.189,1.58593,1.5863,1.50,1.50
2012.06.01 17:01:21.555,1.58587,1.5863,1.50,2.93
2012.06.01 17:01:21.745,1.58583,1.58625,3.30,1.50
2012.06.01 17:01:22.423,1.58592,1.58623,1.43,1.50
2012.06.01 17:01:22.508,1.58584,1.58623,2.03,1.50
2012.06.01 17:01:22.637,1.58581,1.58622,1.50,1.43
2012.06.01 17:01:22.708,1.58585,1.58622,2.25,1.43
2012.06.01 17:01:22.778,1.58592,1.58629,1.43,1.95
2012.06.01 17:01:22.905,1.58594,1.58636,1.50,1.84
2012.06.01 17:01:22.974,1.58594,1.58629,1.50,1.43
2012.06.01 17:01:23.047,1.58586,1.58629,2.25,1.43
2012.06.01 17:01:25.546,1.58592,1.5863,1.43,1.50
2012.06.01 17:01:26.119,1.58592,1.58633,1.43,1.50
2012.06.01 17:01:26.507,1.58592,1.58635,2.93,1.50
2012.06.01 17:01:28.075,1.58592,1.58636,2.93,1.50
2012.06.01 17:01:28.235,1.58592,1.58634,2.93,1.50
2012.06.01 17:01:28.562,1.58585,1.58629,2.25,1.50
2012.06.01 17:01:29.123,1.58589,1.5863,2.25,2.93
2012.06.01 17:01:29.194,1.58589,1.5863,1.50,2.93
2012.06.01 17:01:30.171,1.58585,1.58629,2.25,1.50
2012.06.01 17:01:31.024,1.58584,1.58628,2.63,1.50
2012.06.01 17:01:31.963,1.58584,1.58628,2.63,1.50
2012.06.01 17:01:32.122,1.58584,1.58626,2.63,1.50
2012.06.01 17:01:32.947,1.58585,1.58627,1.50,1.50
2012.06.01 17:01:33.534,1.58585,1.58627,1.50,2.25
2012.06.01 17:01:33.666,1.58585,1.58627,1.50,1.50
2012.06.01 17:01:33.797,1.58583,1.58623,3.27,1.50
2012.06.01 17:01:33.984,1.58583,1.58625,1.77,1.88
2012.06.01 17:01:34.257,1.58583,1.58621,1.43,1.50
2012.06.01 17:01:34.326,1.58579,1.58621,1.50,1.50
2012.06.01 17:01:34.394,1.58577,1.58618,1.50,1.50
2012.06.01 17:01:34.805,1.5858,1.58622,1.50,2.93
2012.06.01 17:01:35.445,1.58584,1.58622,1.50,1.43
2012.06.01 17:01:35.758,1.58584,1.58628,2.25,1.88
2012.06.01 17:01:40.896,1.58585,1.58627,2.25,3.38
2012.06.01 17:01:41.496,1.58583,1.58623,2.18,1.50
2012.06.01 17:01:42.168,1.58586,1.58623,1.09,1.50
2012.06.01 17:01:43.911,1.58586,1.58626,1.09,1.88
2012.06.01 17:01:43.985,1.58584,1.58626,2.25,1.88
2012.06.01 17:01:44.260,1.58588,1.5863,1.50,3.68
2012.06.01 17:01:44.479,1.58585,1.58626,2.25,1.88
2012.06.01 17:01:49.477,1.58586,1.5863,2.59,3.68
2012.06.01 17:01:50.965,1.58588,1.5863,2.59,3.68
2012.06.01 17:01:53.188,1.58588,1.58626,1.09,1.88
2012.06.01 17:01:53.557,1.58591,1.5863,1.43,1.50
2012.06.01 17:01:54.110,1.58588,1.58629,1.09,2.93
2012.06.01 17:01:54.629,1.58587,1.58629,3.75,2.93
2012.06.01 17:01:55.205,1.58589,1.58629,1.50,1.43
2012.06.01 17:01:55.334,1.58586,1.58628,2.25,1.50
2012.06.01 17:01:55.526,1.58586,1.58628,1.50,3.83
2012.06.01 17:01:55.849,1.5859,1.5863,1.50,2.10
2012.06.01 17:01:55.974,1.58588,1.5863,1.50,3.30
2012.06.01 17:01:56.805,1.58585,1.58628,2.25,1.88
2012.06.01 17:01:58.516,1.58583,1.58625,2.18,1.50
2012.06.01 17:01:59.536,1.58587,1.5863,1.05,3.64
2012.06.01 17:01:59.607,1.58591,1.58633,2.18,2.25
2012.06.01 17:01:59.674,1.58591,1.58633,2.18,1.50
2012.06.01 17:01:59.875,1.58592,1.58636,1.50,1.50
2012.06.01 17:02:00.024,1.58591,1.58632,2.93,1.50
2012.06.01 17:02:00.564,1.58591,1.58629,2.93,1.50
2012.06.01 17:02:01.042,1.58584,1.58626,2.93,1.50
2012.06.01 17:02:01.123,1.58591,1.58629,1.43,1.50
2012.06.01 17:02:01.194,1.58591,1.58633,1.43,1.50
2012.06.01 17:02:03.596,1.58593,1.58635,1.50,1.50
2012.06.01 17:02:03.786,1.58595,1.58639,1.50,2.93
2012.06.01 17:02:04.753,1.586,1.58637,2.18,1.50
2012.06.01 17:02:04.889,1.586,1.58639,2.18,1.50
2012.06.01 17:02:05.014,1.586,1.58639,1.43,3.00
2012.06.01 17:02:05.084,1.58597,1.58639,1.50,4.43
2012.06.01 17:02:05.277,1.58593,1.58637,2.10,1.50
2012.06.01 17:02:05.428,1.58591,1.58634,2.78,1.50
2012.06.01 17:02:05.744,1.58598,1.5863,1.20,1.50
2012.06.01 17:02:05.881,1.586,1.58633,2.18,1.50
2012.06.01 17:02:06.145,1.58594,1.58636,3.68,1.50
2012.06.01 17:02:06.345,1.58594,1.58633,2.18,1.50
2012.06.01 17:02:07.220,1.58594,1.58634,2.18,1.50
2012.06.01 17:02:07.965,1.58594,1.58637,3.68,1.50
2012.06.01 17:02:09.434,1.58594,1.58638,3.68,1.50
2012.06.01 17:02:09.605,1.58594,1.58634,2.18,1.50
2012.06.01 17:02:10.802,1.58593,1.58632,2.25,1.43
2012.06.01 17:02:10.882,1.58589,1.58631,1.50,1.50
2012.06.01 17:02:11.335,1.58589,1.58631,1.50,2.25
2012.06.01 17:02:11.528,1.58585,1.58624,1.13,3.68
2012.06.01 17:02:12.037,1.58587,1.58628,1.43,2.25
2012.06.01 17:02:12.105,1.58587,1.58628,1.43,1.50
2012.06.01 17:02:12.174,1.58587,1.58628,2.18,1.50
2012.06.01 17:02:12.365,1.58592,1.58632,1.50,1.43
2012.06.01 17:02:12.927,1.58588,1.58632,1.50,2.93
2012.06.01 17:02:13.225,1.58591,1.58632,1.50,1.43
2012.06.01 17:02:14.760,1.58594,1.58632,2.18,1.50
2012.06.01 17:02:14.888,1.58594,1.58635,3.68,1.50
2012.06.01 17:02:15.350,1.58595,1.58639,2.25,1.50
2012.06.01 17:02:16.304,1.58595,1.58638,2.25,1.50
2012.06.01 17:02:16.373,1.58594,1.58636,2.18,1.50
2012.06.01 17:02:16.990,1.58594,1.58636,2.18,1.50
2012.06.01 17:02:17.059,1.58599,1.58641,2.25,1.50
2012.06.01 17:02:17.126,1.58599,1.58641,1.50,1.50
2012.06.01 17:02:17.257,1.58599,1.58641,2.25,1.50
2012.06.01 17:02:18.047,1.58599,1.58641,1.95,1.50
2012.06.01 17:02:18.367,1.58597,1.58639,2.93,1.50
2012.06.01 17:02:18.556,1.58597,1.58637,2.93,1.50
2012.06.01 17:02:19.715,1.58597,1.58633,1.43,1.50
2012.06.01 17:02:19.967,1.58593,1.58633,1.50,1.50
2012.06.01 17:02:20.165,1.5859,1.58631,2.18,1.50
2012.06.01 17:02:20.951,1.5859,1.58631,1.43,1.50
2012.06.01 17:02:21.029,1.58589,1.58627,1.50,1.43
2012.06.01 17:02:21.532,1.58597,1.58627,1.50,1.43
2012.06.01 17:02:21.719,1.586,1.58633,1.50,1.28
2012.06.01 17:02:21.787,1.586,1.58624,1.50,1.43
2012.06.01 17:02:21.927,1.586,1.5863,1.50,1.80
2012.06.01 17:02:22.638,1.58598,1.5863,1.50,1.80
2012.06.01 17:02:22.705,1.58595,1.5863,1.50,1.80
2012.06.01 17:02:22.775,1.58593,1.5863,1.50,1.80
2012.06.01 17:02:23.322,1.58586,1.5863,2.25,3.30
2012.06.01 17:02:24.097,1.58586,1.5863,2.25,3.64
2012.06.01 17:02:24.226,1.58588,1.5863,1.09,3.30
2012.06.01 17:02:24.298,1.5859,1.5863,1.50,1.43
2012.06.01 17:02:24.365,1.58592,1.58632,1.43,1.50
2012.06.01 17:02:24.858,1.5859,1.58627,2.25,1.43
2012.06.01 17:02:24.925,1.5859,1.58627,1.50,1.43
2012.06.01 17:02:25.457,1.58587,1.58622,1.50,1.43
2012.06.01 17:02:25.884,1.58587,1.58628,2.25,1.80
2012.06.01 17:02:26.498,1.58588,1.58628,1.50,1.80
2012.06.01 17:02:26.566,1.5859,1.58628,1.50,1.80
2012.06.01 17:02:27.686,1.5859,1.58628,2.25,1.80
2012.06.01 17:02:27.755,1.5859,1.58628,2.25,1.43
2012.06.01 17:02:27.824,1.5859,1.58632,2.25,1.50
2012.06.01 17:02:27.895,1.58586,1.5863,2.25,1.50
2012.06.01 17:02:31.994,1.5859,1.58631,4.13,1.50
2012.06.01 17:02:32.065,1.58591,1.58634,1.20,1.50
2012.06.01 17:02:32.313,1.58594,1.58638,2.25,1.50
2012.06.01 17:02:32.594,1.58593,1.58634,2.25,1.50
2012.06.01 17:02:33.415,1.58591,1.58634,1.20,1.50
2012.06.01 17:02:34.047,1.58589,1.58631,2.18,1.50
2012.06.01 17:02:35.766,1.58589,1.58631,2.18,1.50
2012.06.01 17:02:35.835,1.58589,1.58631,2.18,1.50
2012.06.01 17:02:38.924,1.58592,1.58634,2.25,1.50
2012.06.01 17:02:39.369,1.58589,1.58631,3.68,1.50
2012.06.01 17:02:39.557,1.58597,1.58636,2.18,1.50
2012.06.01 17:02:40.259,1.58597,1.58635,2.18,1.50
2012.06.01 17:02:40.578,1.58597,1.58631,1.43,1.50
2012.06.01 17:02:40.646,1.58592,1.58631,1.05,1.50
2012.06.01 17:02:40.897,1.58588,1.58631,1.77,1.50
2012.06.01 17:02:41.037,1.58587,1.58627,2.22,1.43
2012.06.01 17:02:41.357,1.58591,1.58633,2.25,1.88
2012.06.01 17:02:41.887,1.58589,1.5863,2.25,1.50
2012.06.01 17:02:42.480,1.58588,1.58631,2.18,1.88
2012.06.01 17:02:45.510,1.58588,1.58631,1.43,1.88
2012.06.01 17:02:45.727,1.5859,1.58631,1.50,1.88
2012.06.01 17:02:46.056,1.58592,1.58627,1.50,1.43
2012.06.01 17:02:46.383,1.58588,1.58627,1.50,1.43
2012.06.01 17:02:46.460,1.58591,1.58627,1.50,1.43
2012.06.01 17:02:46.765,1.58593,1.58627,1.50,1.43
2012.06.01 17:02:47.418,1.58594,1.58627,1.50,1.43
2012.06.01 17:02:49.128,1.5859,1.58627,1.50,1.43
2012.06.01 17:02:49.255,1.58587,1.58627,1.50,1.43
2012.06.01 17:02:49.796,1.5859,1.58627,1.50,1.43
2012.06.01 17:02:54.467,1.58589,1.58627,1.50,1.43
2012.06.01 17:02:54.535,1.58586,1.58627,1.50,1.43
2012.06.01 17:02:55.820,1.58586,1.58627,2.25,1.43
2012.06.01 17:02:55.947,1.58586,1.58627,2.25,1.43
2012.06.01 17:02:56.266,1.58588,1.58628,1.20,1.43
2012.06.01 17:02:56.517,1.58589,1.58629,2.52,1.50
2012.06.01 17:02:56.648,1.58595,1.58631,1.50,2.03
2012.06.01 17:02:56.783,1.58592,1.58627,1.50,1.50
2012.06.01 17:02:56.847,1.58589,1.58627,1.43,1.50
2012.06.01 17:02:56.918,1.58585,1.58627,1.50,2.93
2012.06.01 17:02:56.988,1.58587,1.58627,2.25,1.43
2012.06.01 17:02:58.736,1.58585,1.58627,1.50,1.43
2012.06.01 17:02:59.437,1.58584,1.58627,1.50,1.43
2012.06.01 17:02:59.508,1.58583,1.58624,1.50,1.50
2012.06.01 17:03:00.237,1.58582,1.58624,1.50,1.50
2012.06.01 17:03:00.311,1.58584,1.58628,1.50,2.93
2012.06.01 17:03:01.259,1.58584,1.58626,1.50,1.43
2012.06.01 17:03:01.445,1.58581,1.58625,3.68,1.50
2012.06.01 17:03:02.949,1.58585,1.58626,1.50,1.43
2012.06.01 17:03:07.685,1.58582,1.58624,2.25,1.50
2012.06.01 17:03:08.528,1.58585,1.58626,1.50,1.43
2012.06.01 17:03:09.847,1.58581,1.58625,2.93,1.50
2012.06.01 17:03:10.100,1.58581,1.58618,1.50,1.43
2012.06.01 17:03:10.427,1.58579,1.58619,1.50,2.18
2012.06.01 17:03:10.620,1.58576,1.58618,1.65,1.50
2012.06.01 17:03:10.748,1.58579,1.58619,1.50,2.18
2012.06.01 17:03:11.057,1.58575,1.58619,1.50,3.68
2012.06.01 17:03:11.709,1.58575,1.58619,2.25,1.50
2012.06.01 17:03:12.018,1.5858,1.58621,1.95,1.50
2012.06.01 17:03:12.629,1.58581,1.58622,1.43,1.50
2012.06.01 17:03:13.179,1.58583,1.58625,1.50,2.25
2012.06.01 17:03:13.695,1.58574,1.58612,2.18,1.50
2012.06.01 17:03:13.773,1.58576,1.58614,1.43,1.50
2012.06.01 17:03:16.388,1.58576,1.58614,2.18,1.50
2012.06.01 17:03:16.746,1.58576,1.58614,2.18,1.50
2012.06.01 17:03:17.056,1.58576,1.58619,2.18,1.88
2012.06.01 17:03:17.427,1.58576,1.58616,2.18,1.50
2012.06.01 17:03:17.735,1.58569,1.58609,1.09,1.50
2012.06.01 17:03:18.076,1.58573,1.58614,2.25,1.43
2012.06.01 17:03:21.226,1.5857,1.58612,3.75,1.50
2012.06.01 17:03:21.984,1.5857,1.58612,2.25,1.50
2012.06.01 17:03:22.209,1.5857,1.58612,2.25,1.50
2012.06.01 17:03:22.661,1.5857,1.58612,2.25,1.50
2012.06.01 17:03:23.248,1.5857,1.58612,2.25,1.50
2012.06.01 17:03:23.521,1.5857,1.58612,2.25,1.50
2012.06.01 17:03:23.858,1.58573,1.58615,1.50,3.00
2012.06.01 17:03:23.986,1.58573,1.58615,2.25,1.50
2012.06.01 17:03:28.015,1.58573,1.58614,2.25,1.50
2012.06.01 17:03:30.037,1.5857,1.58613,2.25,1.50
2012.06.01 17:03:30.911,1.58573,1.58614,1.50,2.25
2012.06.01 17:03:31.097,1.58578,1.58604,1.43,1.50
2012.06.01 17:03:31.582,1.58569,1.58604,1.88,1.50
2012.06.01 17:03:31.653,1.58564,1.58608,2.25,1.50
2012.06.01 17:03:32.064,1.58563,1.58601,2.63,1.50
2012.06.01 17:03:32.795,1.58563,1.58602,1.13,1.50
2012.06.01 17:03:32.993,1.58562,1.58602,1.13,1.50
2012.06.01 17:03:33.129,1.58562,1.58606,2.63,1.50
2012.06.01 17:03:33.201,1.58562,1.58594,1.88,1.09
2012.06.01 17:03:33.509,1.58547,1.58582,1.50,1.43
2012.06.01 17:03:33.582,1.5854,1.58582,2.55,1.43
2012.06.01 17:03:33.828,1.58544,1.58588,2.93,1.80
2012.06.01 17:03:33.895,1.58544,1.58588,3.68,1.80
2012.06.01 17:03:34.870,1.58547,1.58589,2.25,1.80
2012.06.01 17:03:35.057,1.58547,1.58589,2.25,1.80
2012.06.01 17:03:35.587,1.58545,1.58587,2.18,1.50
2012.06.01 17:03:36.109,1.58538,1.5858,1.88,1.50
2012.06.01 17:03:39.856,1.58542,1.58582,1.50,1.43
2012.06.01 17:03:41.547,1.58537,1.58581,4.05,1.50
2012.06.01 17:03:42.736,1.58537,1.58581,3.68,1.88
2012.06.01 17:03:43.659,1.58535,1.58575,2.25,1.43
2012.06.01 17:03:44.168,1.58535,1.58575,1.50,1.43
2012.06.01 17:03:45.039,1.58531,1.58575,2.25,2.93
2012.06.01 17:03:46.491,1.58531,1.58574,2.25,1.77
2012.06.01 17:03:46.690,1.58526,1.58566,2.63,1.50
2012.06.01 17:03:46.879,1.58526,1.58566,1.88,1.50
2012.06.01 17:03:46.946,1.58526,1.58562,1.88,1.50
2012.06.01 17:03:47.507,1.58525,1.58563,2.59,1.50
2012.06.01 17:03:47.583,1.58526,1.58569,2.25,1.50
2012.06.01 17:03:47.658,1.58529,1.58569,1.43,1.50
2012.06.01 17:03:48.150,1.58529,1.58573,3.68,1.50
2012.06.01 17:03:51.817,1.58529,1.5857,2.18,1.50
2012.06.01 17:03:56.838,1.58529,1.58566,2.18,1.50
2012.06.01 17:03:56.909,1.58529,1.58566,1.43,1.50
2012.06.01 17:03:57.038,1.58524,1.58566,1.95,2.93
2012.06.01 17:03:57.167,1.58524,1.58566,1.50,2.93
2012.06.01 17:03:57.237,1.58524,1.58561,1.50,1.43
2012.06.01 17:03:57.507,1.58518,1.58559,1.50,1.50
2012.06.01 17:03:57.696,1.5852,1.5856,1.43,1.50
2012.06.01 17:04:00.877,1.58518,1.5856,1.50,1.50
2012.06.01 17:04:01.255,1.58515,1.58557,1.50,1.50
2012.06.01 17:04:01.877,1.58518,1.58559,1.50,1.50
2012.06.01 17:04:02.538,1.58512,1.58556,1.50,1.50
2012.06.01 17:04:02.707,1.58516,1.58557,1.50,1.50
2012.06.01 17:04:04.594,1.58513,1.58555,1.50,1.50
2012.06.01 17:04:04.670,1.58515,1.58557,1.50,1.50
2012.06.01 17:04:05.796,1.5852,1.58561,1.43,1.50
2012.06.01 17:04:06.318,1.5852,1.58561,2.18,1.50
2012.06.01 17:04:06.751,1.58513,1.58555,3.68,1.50
2012.06.01 17:04:06.819,1.58516,1.58558,2.25,2.93
2012.06.01 17:04:06.889,1.58516,1.58558,2.25,2.93
2012.06.01 17:04:06.957,1.58516,1.58558,2.25,2.93
2012.06.01 17:04:07.768,1.58516,1.58558,1.50,2.93
2012.06.01 17:04:07.897,1.58516,1.58553,1.50,1.50
2012.06.01 17:04:08.308,1.58513,1.58551,2.55,1.50
2012.06.01 17:04:08.377,1.58513,1.58551,1.80,1.50
2012.06.01 17:04:08.786,1.58509,1.58551,1.50,2.93
2012.06.01 17:04:09.369,1.58508,1.58551,1.50,1.43
2012.06.01 17:04:09.509,1.58506,1.58548,2.59,1.50
2012.06.01 17:04:09.985,1.58509,1.58551,1.50,2.93
2012.06.01 17:04:10.327,1.58513,1.58554,1.43,2.03
2012.06.01 17:04:10.521,1.58509,1.5855,1.50,1.43
2012.06.01 17:04:10.648,1.58507,1.58549,1.50,1.50
2012.06.01 17:04:10.717,1.58515,1.58549,1.09,1.50
2012.06.01 17:04:10.788,1.58513,1.58555,1.77,2.03
2012.06.01 17:04:11.038,1.58513,1.58555,2.93,1.65
2012.06.01 17:04:11.226,1.58513,1.58555,3.68,1.65
2012.06.01 17:04:11.297,1.58515,1.58559,2.25,1.50
2012.06.01 17:04:11.859,1.58513,1.58556,3.83,1.50
2012.06.01 17:04:12.406,1.58513,1.58556,2.78,1.50
2012.06.01 17:04:12.845,1.58515,1.58559,2.25,1.50
2012.06.01 17:04:13.447,1.58515,1.58559,3.75,1.50
2012.06.01 17:04:14.390,1.58518,1.5856,2.25,1.50
2012.06.01 17:04:15.637,1.58522,1.58564,3.68,1.50
2012.06.01 17:04:15.786,1.58525,1.58566,1.50,3.00
2012.06.01 17:04:18.078,1.58527,1.58569,1.50,1.84
2012.06.01 17:04:18.207,1.58527,1.58571,1.50,1.50
2012.06.01 17:04:18.468,1.58525,1.58566,1.50,1.50
2012.06.01 17:04:21.267,1.58527,1.58569,1.50,1.50
2012.06.01 17:04:23.808,1.5853,1.58569,1.43,1.50
2012.06.01 17:04:24.306,1.58533,1.58575,1.50,1.50
2012.06.01 17:04:30.541,1.58536,1.58577,1.50,1.43
2012.06.01 17:04:30.921,1.58536,1.58574,2.25,1.43
2012.06.01 17:04:31.071,1.58532,1.58573,2.25,1.50
2012.06.01 17:04:31.140,1.5853,1.58574,2.55,2.93
2012.06.01 17:04:31.447,1.58536,1.58574,2.18,1.50
2012.06.01 17:04:31.881,1.58536,1.58574,2.18,1.50
2012.06.01 17:04:31.954,1.58546,1.58574,1.43,1.50
2012.06.01 17:04:32.029,1.58546,1.58586,1.43,1.50
2012.06.01 17:04:32.158,1.58554,1.58584,1.50,1.80
2012.06.01 17:04:32.348,1.58552,1.58584,1.50,2.18
2012.06.01 17:04:32.478,1.58543,1.58585,2.25,1.88
2012.06.01 17:04:32.966,1.58543,1.58585,2.25,1.88
2012.06.01 17:04:33.506,1.58545,1.58586,1.50,2.10
2012.06.01 17:04:34.441,1.58543,1.58585,3.00,1.88
2012.06.01 17:04:36.009,1.58548,1.58585,1.09,1.50
2012.06.01 17:04:36.518,1.58553,1.58585,1.80,1.50
2012.06.01 17:04:36.588,1.58556,1.58594,1.50,2.14
2012.06.01 17:04:37.087,1.5855,1.58592,2.14,1.50
2012.06.01 17:04:37.158,1.58551,1.58593,1.50,1.50
2012.06.01 17:04:37.607,1.58548,1.5859,1.84,1.50
2012.06.01 17:04:38.947,1.58548,1.5859,1.50,1.50
2012.06.01 17:04:40.149,1.58547,1.58588,1.80,1.50
2012.06.01 17:04:40.781,1.58547,1.58583,1.43,2.25
2012.06.01 17:04:40.848,1.58543,1.58585,1.80,2.25
2012.06.01 17:04:40.977,1.58543,1.58585,1.80,1.50
2012.06.01 17:04:41.054,1.58547,1.58586,1.43,1.50
2012.06.01 17:04:41.308,1.58542,1.58585,1.95,2.18
2012.06.01 17:04:41.996,1.58542,1.58582,1.20,1.50
2012.06.01 17:04:44.352,1.58539,1.58582,1.88,1.50
2012.06.01 17:04:44.657,1.58539,1.58582,1.43,2.25
2012.06.01 17:04:45.122,1.58538,1.58576,1.43,1.50
2012.06.01 17:04:48.416,1.58538,1.58578,1.43,1.50
2012.06.01 17:04:49.071,1.58539,1.58578,1.43,1.50
2012.06.01 17:04:51.548,1.58539,1.58576,1.43,1.50
2012.06.01 17:04:53.026,1.58539,1.58578,1.43,1.50
2012.06.01 17:04:54.017,1.58538,1.58578,1.43,1.50
2012.06.01 17:04:54.269,1.58539,1.58578,2.18,1.50
2012.06.01 17:04:54.338,1.58539,1.58582,2.18,1.50
2012.06.01 17:04:55.670,1.58539,1.58581,2.18,1.50
2012.06.01 17:04:55.738,1.58539,1.58578,2.18,1.50
2012.06.01 17:04:55.809,1.58539,1.58578,1.43,1.50
2012.06.01 17:04:56.331,1.58539,1.58581,2.93,2.25
2012.06.01 17:04:56.456,1.58539,1.58581,1.50,1.50
2012.06.01 17:04:58.470,1.58539,1.58581,2.93,2.25
2012.06.01 17:04:59.606,1.58538,1.58579,1.43,2.25
2012.06.01 17:05:00.766,1.5854,1.58582,1.50,2.25
2012.06.01 17:05:00.987,1.58538,1.5858,1.43,2.25
2012.06.01 17:05:01.907,1.5854,1.58582,1.50,2.25
2012.06.01 17:05:03.641,1.58538,1.58578,2.93,1.50
2012.06.01 17:05:07.629,1.58539,1.58581,1.50,1.50
2012.06.01 17:05:07.870,1.58539,1.58581,1.50,2.25
2012.06.01 17:05:14.452,1.58538,1.58577,1.43,1.50
2012.06.01 17:05:14.757,1.58538,1.58572,1.43,1.50
2012.06.01 17:05:14.827,1.58531,1.58572,1.80,1.50
2012.06.01 17:05:15.465,1.58532,1.58573,1.50,1.50
2012.06.01 17:05:15.597,1.58532,1.58576,1.50,2.93
2012.06.01 17:05:15.803,1.58531,1.58573,1.80,1.50
2012.06.01 17:05:17.016,1.58532,1.58575,1.50,1.50
2012.06.01 17:05:17.086,1.58535,1.58576,1.50,1.43
2012.06.01 17:05:17.338,1.58533,1.58576,1.50,2.93
2012.06.01 17:05:17.585,1.58531,1.58571,1.80,1.50
2012.06.01 17:05:18.217,1.58531,1.58571,1.80,1.50
2012.06.01 17:05:18.285,1.58531,1.58575,3.30,1.50
2012.06.01 17:05:18.487,1.58535,1.58576,1.50,1.43
2012.06.01 17:05:24.296,1.58532,1.58574,1.50,1.50
2012.06.01 17:05:24.698,1.58535,1.58576,1.50,2.93
2012.06.01 17:05:25.076,1.58533,1.58575,1.50,1.50
2012.06.01 17:05:25.347,1.58537,1.58576,1.50,1.43
2012.06.01 17:05:25.685,1.58544,1.58586,1.50,3.68
2012.06.01 17:05:25.817,1.58541,1.58583,1.50,2.25
2012.06.01 17:05:26.896,1.58538,1.58581,1.43,2.25
2012.06.01 17:05:27.357,1.58538,1.58581,1.43,1.50
2012.06.01 17:05:27.429,1.58538,1.58574,1.43,1.50
2012.06.01 17:05:27.568,1.58538,1.58577,1.43,1.50
2012.06.01 17:05:30.135,1.58538,1.58579,1.43,1.50
2012.06.01 17:05:30.616,1.58538,1.58576,1.43,1.50
2012.06.01 17:05:33.175,1.58536,1.58576,2.18,1.50
2012.06.01 17:05:33.247,1.58537,1.58578,2.25,1.50
2012.06.01 17:05:33.760,1.58539,1.58579,1.43,1.50
2012.06.01 17:05:35.757,1.58537,1.58576,1.50,1.43
2012.06.01 17:05:35.886,1.58534,1.58576,1.50,2.93
2012.06.01 17:05:40.602,1.58531,1.5857,1.50,1.50
2012.06.01 17:05:40.909,1.58527,1.58571,1.95,2.25
2012.06.01 17:05:41.590,1.58527,1.58567,1.05,1.50
2012.06.01 17:05:41.916,1.58527,1.58571,2.25,1.50
2012.06.01 17:05:42.123,1.58532,1.58571,1.43,1.50
2012.06.01 17:05:42.311,1.58527,1.58571,1.50,1.50
2012.06.01 17:05:42.468,1.5853,1.58573,1.50,1.50
2012.06.01 17:05:42.777,1.5853,1.58574,1.50,2.25
2012.06.01 17:05:43.365,1.58524,1.58565,2.18,1.50
2012.06.01 17:05:43.839,1.58524,1.58568,3.68,1.50
2012.06.01 17:05:44.049,1.58524,1.58566,3.68,1.50
2012.06.01 17:05:44.178,1.58524,1.58568,2.93,2.25
2012.06.01 17:05:44.248,1.5853,1.58572,1.50,1.50
2012.06.01 17:05:44.872,1.58527,1.58567,1.95,1.50
2012.06.01 17:05:44.941,1.58524,1.58563,1.43,1.50
2012.06.01 17:05:45.098,1.58524,1.58566,1.43,1.50
2012.06.01 17:05:45.329,1.58524,1.58562,1.43,1.50
2012.06.01 17:05:45.597,1.58524,1.58566,1.43,1.50
2012.06.01 17:05:48.349,1.58524,1.58564,1.43,1.50
2012.06.01 17:05:48.689,1.58525,1.58562,1.43,2.25
2012.06.01 17:05:48.758,1.5852,1.58562,2.37,3.68
2012.06.01 17:05:49.215,1.58517,1.58556,1.43,1.50
2012.06.01 17:05:49.309,1.58517,1.58559,1.43,3.75
2012.06.01 17:05:49.857,1.58509,1.5855,1.28,1.50
2012.06.01 17:05:50.052,1.58508,1.5855,3.30,1.50
2012.06.01 17:05:50.458,1.58511,1.58553,1.50,1.50
2012.06.01 17:05:50.808,1.58508,1.5855,3.30,1.50
2012.06.01 17:05:51.119,1.58505,1.58544,2.18,1.43
2012.06.01 17:05:51.378,1.58505,1.58547,1.88,1.50
2012.06.01 17:05:51.448,1.58505,1.58547,1.50,1.50
2012.06.01 17:05:51.517,1.58505,1.58543,1.50,1.50
2012.06.01 17:05:51.586,1.58501,1.58543,1.50,1.50
2012.06.01 17:05:51.657,1.58498,1.5854,3.30,1.50
2012.06.01 17:05:51.978,1.585,1.58543,1.50,1.50
2012.06.01 17:05:52.940,1.58498,1.5854,2.93,1.50
2012.06.01 17:05:55.260,1.58499,1.5854,1.50,1.50
2012.06.01 17:05:55.729,1.58502,1.58543,1.50,1.50
2012.06.01 17:05:55.796,1.58498,1.5854,2.93,1.50
2012.06.01 17:05:56.208,1.585,1.58543,1.50,1.50
2012.06.01 17:05:56.707,1.585,1.58543,2.25,1.50
2012.06.01 17:05:56.829,1.585,1.58543,1.50,1.50
2012.06.01 17:05:57.975,1.58498,1.58541,1.43,1.50
2012.06.01 17:06:00.625,1.58502,1.58544,1.50,1.50
2012.06.01 17:06:01.528,1.58499,1.58541,1.50,1.50
2012.06.01 17:06:02.042,1.58506,1.58543,1.43,1.50
2012.06.01 17:06:02.113,1.58506,1.58549,2.18,1.50
2012.06.01 17:06:02.236,1.58506,1.58549,2.18,1.50
2012.06.01 17:06:02.307,1.58508,1.58552,2.25,1.50
2012.06.01 17:06:02.407,1.58508,1.5855,2.25,1.50
2012.06.01 17:06:02.947,1.58506,1.58549,2.63,1.50
2012.06.01 17:06:03.078,1.58506,1.58549,2.63,1.50
2012.06.01 17:06:03.486,1.58506,1.58545,1.43,1.50
2012.06.01 17:06:03.556,1.58506,1.58548,1.43,1.50
2012.06.01 17:06:03.627,1.58504,1.58544,1.50,1.43
2012.06.01 17:06:03.889,1.58507,1.58548,1.43,1.50
2012.06.01 17:06:04.547,1.58508,1.58548,1.43,1.50
2012.06.01 17:06:04.678,1.58508,1.58551,1.43,1.50
2012.06.01 17:06:05.011,1.58508,1.58547,1.43,1.50
2012.06.01 17:06:05.418,1.58509,1.58545,1.43,1.50
2012.06.01 17:06:05.548,1.58509,1.5855,1.43,1.50
2012.06.01 17:06:05.796,1.58509,1.58546,1.43,1.50
2012.06.01 17:06:08.648,1.58509,1.58545,1.43,1.50
2012.06.01 17:06:09.007,1.58509,1.58543,1.43,1.50
2012.06.01 17:06:09.708,1.58509,1.58545,1.43,1.50
2012.06.01 17:06:10.447,1.58509,1.58546,1.43,1.50
2012.06.01 17:06:14.183,1.58509,1.58544,1.43,1.50
2012.06.01 17:06:15.582,1.58509,1.58545,1.43,1.50
2012.06.01 17:06:15.663,1.58509,1.58547,1.43,1.50
2012.06.01 17:06:16.309,1.58509,1.58546,1.43,3.00
2012.06.01 17:06:16.435,1.58509,1.58544,1.43,1.50
2012.06.01 17:06:19.129,1.58509,1.58545,1.43,1.50
2012.06.01 17:06:19.207,1.58509,1.58547,1.43,1.50
2012.06.01 17:06:19.746,1.58509,1.58546,1.43,1.50
2012.06.01 17:06:19.819,1.58509,1.58548,1.43,1.50
2012.06.01 17:06:19.887,1.58509,1.5855,1.43,1.50
2012.06.01 17:06:20.587,1.58509,1.5855,2.18,1.50
2012.06.01 17:06:20.662,1.58512,1.58551,1.20,1.50
2012.06.01 17:06:20.729,1.58511,1.58553,1.88,1.50
2012.06.01 17:06:20.798,1.58511,1.58549,1.88,1.50
2012.06.01 17:06:21.108,1.58511,1.58547,2.18,1.50
2012.06.01 17:06:21.430,1.58523,1.58559,1.43,1.80
2012.06.01 17:06:21.683,1.58523,1.58558,1.43,1.50
2012.06.01 17:06:22.190,1.58523,1.58554,1.43,1.50
2012.06.01 17:06:22.507,1.58521,1.58554,1.43,1.50
2012.06.01 17:06:22.778,1.58522,1.58556,1.43,1.50
2012.06.01 17:06:22.907,1.58522,1.58559,1.43,1.50
2012.06.01 17:06:23.109,1.58522,1.58556,1.43,1.50
2012.06.01 17:06:23.247,1.58522,1.58558,1.43,1.50
2012.06.01 17:06:23.377,1.58522,1.58562,1.43,1.50
2012.06.01 17:06:23.821,1.58522,1.58561,1.43,2.25
2012.06.01 17:06:24.066,1.58515,1.58554,1.43,1.50
2012.06.01 17:06:29.878,1.58516,1.58558,1.50,1.50
2012.06.01 17:06:35.392,1.58518,1.58559,1.50,1.43
2012.06.01 17:06:38.137,1.58516,1.58558,1.50,1.50
2012.06.01 17:06:43.353,1.58518,1.58559,1.50,1.43
2012.06.01 17:06:46.217,1.58521,1.58559,1.50,1.43
2012.06.01 17:06:46.560,1.58526,1.58559,1.50,1.43
2012.06.01 17:06:46.628,1.58524,1.58565,3.00,1.09
2012.06.01 17:06:46.758,1.58526,1.58565,1.50,1.09
2012.06.01 17:06:47.390,1.58525,1.58565,1.50,1.09
2012.06.01 17:06:47.705,1.58525,1.58566,2.25,1.77
2012.06.01 17:06:48.111,1.58522,1.58563,2.25,1.50
2012.06.01 17:06:48.238,1.58522,1.58563,2.25,1.50
2012.06.01 17:06:48.398,1.58521,1.5856,2.18,1.50
2012.06.01 17:06:48.487,1.58523,1.58563,2.25,1.50
2012.06.01 17:06:48.556,1.58523,1.58566,2.25,1.43
2012.06.01 17:06:48.701,1.58523,1.58566,1.50,1.43
2012.06.01 17:06:49.084,1.58523,1.58566,2.25,1.43
2012.06.01 17:06:51.457,1.58526,1.58566,1.50,1.43
2012.06.01 17:06:52.164,1.58526,1.58566,2.25,1.43
2012.06.01 17:06:53.097,1.58526,1.58566,1.50,1.43
2012.06.01 17:06:53.842,1.58526,1.58566,2.25,1.43
2012.06.01 17:06:54.464,1.5853,1.58566,1.50,1.43
2012.06.01 17:06:58.269,1.58527,1.58566,2.25,1.43
2012.06.01 17:06:58.337,1.58529,1.58566,1.50,1.43
2012.06.01 17:06:58.467,1.58527,1.58566,2.25,1.43
2012.06.01 17:07:01.346,1.5853,1.58566,1.50,1.43
2012.06.01 17:07:03.178,1.58539,1.58566,1.50,1.43
2012.06.01 17:07:03.312,1.58537,1.58566,3.00,1.43
2012.06.01 17:07:03.377,1.5854,1.58566,1.50,1.43
2012.06.01 17:07:03.712,1.58541,1.58583,2.25,1.95
2012.06.01 17:07:03.779,1.58541,1.58583,2.25,1.50
2012.06.01 17:07:05.659,1.58541,1.58583,1.50,1.50
2012.06.01 17:07:05.913,1.58543,1.58584,1.50,2.18
2012.06.01 17:07:06.260,1.58541,1.58575,1.50,1.43
2012.06.01 17:07:06.391,1.58541,1.58578,1.50,1.43
2012.06.01 17:07:06.817,1.58546,1.58589,1.50,2.22
2012.06.01 17:07:06.887,1.58544,1.58587,1.50,1.95
2012.06.01 17:07:07.397,1.58543,1.58587,1.50,2.40
2012.06.01 17:07:07.477,1.5854,1.58578,1.50,1.43
2012.06.01 17:07:08.386,1.58537,1.58575,1.50,1.43
2012.06.01 17:07:12.418,1.58541,1.58575,1.50,2.18
2012.06.01 17:07:12.488,1.58541,1.58582,1.50,1.88
2012.06.01 17:07:13.012,1.58541,1.58581,1.50,1.13
2012.06.01 17:07:13.544,1.58541,1.58583,1.50,2.63
2012.06.01 17:07:15.462,1.58541,1.58583,1.50,2.63
2012.06.01 17:07:17.152,1.58541,1.5858,1.50,1.13
2012.06.01 17:07:17.396,1.58539,1.58581,3.00,1.13
2012.06.01 17:07:17.530,1.58539,1.5858,3.75,1.43
2012.06.01 17:07:18.030,1.58545,1.58589,1.50,2.93
2012.06.01 17:07:18.097,1.58551,1.58595,2.93,2.22
2012.06.01 17:07:18.456,1.58554,1.58596,1.50,2.14
2012.06.01 17:07:18.668,1.58552,1.58594,1.50,1.50
2012.06.01 17:07:19.686,1.58551,1.58591,1.43,1.50
2012.06.01 17:07:20.307,1.58552,1.58596,1.50,3.64
2012.06.01 17:07:21.111,1.58552,1.58596,1.50,3.72
2012.06.01 17:07:21.241,1.58545,1.58588,1.80,1.43
2012.06.01 17:07:21.560,1.58555,1.58589,1.50,1.50
2012.06.01 17:07:21.881,1.58569,1.58599,1.43,1.50
2012.06.01 17:07:22.190,1.58572,1.58599,1.43,1.50
2012.06.01 17:07:22.320,1.58572,1.58614,1.50,2.18
2012.06.01 17:07:22.688,1.58566,1.58607,3.00,1.43
2012.06.01 17:07:22.998,1.58571,1.58607,1.50,1.43
2012.06.01 17:07:23.127,1.58571,1.58613,1.50,1.13
2012.06.01 17:07:23.426,1.58571,1.58613,1.50,1.35
2012.06.01 17:07:23.932,1.58571,1.58609,1.50,2.18
2012.06.01 17:07:24.001,1.58568,1.58609,1.50,2.18
2012.06.01 17:07:29.187,1.58575,1.58609,1.50,2.18
2012.06.01 17:07:29.497,1.58573,1.58606,1.50,1.77
2012.06.01 17:07:29.888,1.58568,1.58606,1.50,1.77
2012.06.01 17:07:29.959,1.58567,1.586,1.50,1.50
2012.06.01 17:07:30.029,1.58565,1.586,1.43,1.50
2012.06.01 17:07:30.112,1.5856,1.586,1.43,1.50
2012.06.01 17:07:30.919,1.58562,1.58604,1.50,1.09
2012.06.01 17:07:31.229,1.58558,1.58597,1.50,1.09
2012.06.01 17:07:31.419,1.58552,1.58594,1.50,2.18
2012.06.01 17:07:31.490,1.5855,1.58592,1.50,2.25
2012.06.01 17:07:31.620,1.58548,1.58589,1.43,1.50
2012.06.01 17:07:32.172,1.5855,1.58592,2.25,1.50
2012.06.01 17:07:32.293,1.5855,1.58592,1.50,1.50
2012.06.01 17:07:34.996,1.58551,1.58592,1.50,1.50
2012.06.01 17:07:35.648,1.58552,1.58594,1.50,2.63
2012.06.01 17:07:35.720,1.58552,1.58593,1.50,1.20
2012.06.01 17:07:35.788,1.58549,1.58591,1.50,1.95
2012.06.01 17:07:35.857,1.58549,1.58586,1.50,1.43
2012.06.01 17:07:38.368,1.58549,1.58591,1.50,2.93
2012.06.01 17:07:38.808,1.58545,1.58589,1.84,1.50
2012.06.01 17:07:38.997,1.58544,1.58586,1.80,1.50
2012.06.01 17:07:39.512,1.58546,1.58588,1.50,3.00
2012.06.01 17:07:41.100,1.5855,1.5859,1.50,1.50
2012.06.01 17:07:41.616,1.5855,1.58591,1.50,2.93
2012.06.01 17:07:42.174,1.58546,1.5859,1.50,1.50
2012.06.01 17:07:43.874,1.58546,1.58581,1.50,1.43
2012.06.01 17:07:44.689,1.58549,1.58591,1.50,1.43
2012.06.01 17:07:47.707,1.58552,1.58591,1.50,1.43
2012.06.01 17:07:48.071,1.58548,1.58591,1.50,1.43
2012.06.01 17:07:48.409,1.58552,1.58591,1.50,1.43
2012.06.01 17:07:48.988,1.58549,1.58589,3.00,1.20
2012.06.01 17:07:49.581,1.58545,1.58583,1.50,1.88
2012.06.01 17:07:50.047,1.58541,1.58583,2.25,1.88
2012.06.01 17:07:50.962,1.58541,1.58583,2.25,2.22
2012.06.01 17:07:51.038,1.58544,1.58583,1.50,2.22
2012.06.01 17:07:52.438,1.58544,1.58583,1.50,1.43
2012.06.01 17:07:54.115,1.58541,1.58583,2.25,3.38
2012.06.01 17:07:54.186,1.58541,1.58583,2.25,3.23
2012.06.01 17:07:54.757,1.58541,1.58573,1.50,1.43
2012.06.01 17:07:54.834,1.58541,1.58583,1.50,2.22
2012.06.01 17:07:54.967,1.58541,1.58583,1.50,2.52
2012.06.01 17:07:55.288,1.58534,1.58573,1.88,1.43
2012.06.01 17:07:55.477,1.58537,1.58573,1.50,1.43
2012.06.01 17:07:56.041,1.58539,1.58573,1.50,1.43
2012.06.01 17:07:56.430,1.58536,1.58573,1.50,2.18
2012.06.01 17:07:56.557,1.58529,1.5857,3.00,1.50
2012.06.01 17:07:56.870,1.58529,1.58565,1.50,1.43
2012.06.01 17:07:58.303,1.58525,1.58565,2.25,1.43
2012.06.01 17:07:58.366,1.58525,1.58565,1.50,1.43
2012.06.01 17:07:58.508,1.58524,1.58563,1.43,1.84
2012.06.01 17:07:58.997,1.5852,1.58562,1.50,1.77
2012.06.01 17:08:01.585,1.5852,1.58562,1.50,1.77
2012.06.01 17:08:01.767,1.58519,1.5856,1.50,1.50
2012.06.01 17:08:02.288,1.58518,1.5856,1.50,1.50
2012.06.01 17:08:03.437,1.58522,1.58562,1.50,1.77
2012.06.01 17:08:04.048,1.58523,1.58562,1.50,1.77
2012.06.01 17:08:04.702,1.58526,1.58562,1.50,1.77
2012.06.01 17:08:05.289,1.58522,1.58562,2.25,1.77
2012.06.01 17:08:06.739,1.58521,1.58562,1.50,3.27
2012.06.01 17:08:06.810,1.58528,1.58565,1.50,2.14
2012.06.01 17:08:06.884,1.58528,1.58565,1.50,1.80
2012.06.01 17:08:06.959,1.58533,1.58565,1.50,1.80
2012.06.01 17:08:07.028,1.58529,1.58565,1.50,1.80
2012.06.01 17:08:07.221,1.58535,1.58563,1.50,1.43
2012.06.01 17:08:07.350,1.58525,1.58563,1.50,1.43
2012.06.01 17:08:07.979,1.58525,1.58567,1.50,1.50
2012.06.01 17:08:08.052,1.58529,1.58571,1.50,2.25
2012.06.01 17:08:08.116,1.58529,1.58571,1.50,1.50
2012.06.01 17:08:08.201,1.58529,1.58571,1.50,2.25
2012.06.01 17:08:08.505,1.58529,1.58562,1.50,1.43
2012.06.01 17:08:08.757,1.58527,1.58562,1.50,1.43
2012.06.01 17:08:08.980,1.58527,1.58564,1.50,2.93
2012.06.01 17:08:09.170,1.58519,1.58562,1.43,1.50
2012.06.01 17:08:09.242,1.58527,1.58562,1.43,1.50
2012.06.01 17:08:09.310,1.58527,1.5857,1.43,2.25
2012.06.01 17:08:09.799,1.58525,1.58558,1.50,2.18
2012.06.01 17:08:09.873,1.58519,1.5856,1.43,1.50
2012.06.01 17:08:10.363,1.58516,1.58557,1.43,1.50
2012.06.01 17:08:10.671,1.58536,1.58578,1.95,2.32
2012.06.01 17:08:10.799,1.5854,1.5858,1.43,1.50
2012.06.01 17:08:11.120,1.58542,1.58584,1.50,2.25
2012.06.01 17:08:11.252,1.5854,1.58582,1.43,1.50
2012.06.01 17:08:11.320,1.58539,1.58579,1.50,1.43
2012.06.01 17:08:11.757,1.58543,1.58579,1.50,1.43
2012.06.01 17:08:12.400,1.58545,1.58579,1.50,1.43
2012.06.01 17:08:12.706,1.58547,1.58584,1.50,1.05
2012.06.01 17:08:13.181,1.58541,1.58579,1.50,1.43
2012.06.01 17:08:14.038,1.58541,1.58583,1.50,1.50
2012.06.01 17:08:16.226,1.58538,1.58581,1.50,1.50
2012.06.01 17:08:16.941,1.58531,1.58573,2.25,1.50
2012.06.01 17:08:17.328,1.58534,1.58575,1.43,1.50
2012.06.01 17:08:17.576,1.58534,1.58578,2.93,1.50
2012.06.01 17:08:18.216,1.58534,1.58575,2.93,1.50
2012.06.01 17:08:18.346,1.58531,1.58574,2.59,1.50
2012.06.01 17:08:18.539,1.5853,1.58571,1.65,1.50
2012.06.01 17:08:19.160,1.58528,1.58571,1.05,1.50
2012.06.01 17:08:19.666,1.58527,1.58571,2.70,1.50
2012.06.01 17:08:19.796,1.58528,1.5857,1.50,1.50
2012.06.01 17:08:20.209,1.58528,1.5857,2.25,1.50
2012.06.01 17:08:20.338,1.58531,1.58574,2.25,1.50
2012.06.01 17:08:21.309,1.58528,1.5857,1.50,1.50
2012.06.01 17:08:21.947,1.58528,1.58569,1.50,1.50
2012.06.01 17:08:22.016,1.58524,1.58568,3.00,1.50
2012.06.01 17:08:22.417,1.58526,1.58568,1.50,1.50
2012.06.01 17:08:22.607,1.58526,1.5857,1.50,1.50
2012.06.01 17:08:22.737,1.58526,1.58568,1.50,1.50
2012.06.01 17:08:22.807,1.58522,1.58566,2.25,1.50
2012.06.01 17:08:23.459,1.58531,1.58572,1.50,1.43
2012.06.01 17:08:23.586,1.58527,1.58571,1.88,1.50
2012.06.01 17:08:23.728,1.5853,1.58574,1.50,1.50
2012.06.01 17:08:23.858,1.58534,1.58574,1.43,1.50
2012.06.01 17:08:24.748,1.58534,1.5857,1.43,1.50
2012.06.01 17:08:24.937,1.58526,1.58568,1.50,1.50
2012.06.01 17:08:25.068,1.58522,1.58564,1.88,1.50
2012.06.01 17:08:25.625,1.58522,1.58564,1.88,1.50
2012.06.01 17:08:25.795,1.58524,1.58568,1.88,1.50
2012.06.01 17:08:26.394,1.58524,1.58568,1.50,1.50
2012.06.01 17:08:26.698,1.58525,1.58568,2.25,1.50
2012.06.01 17:08:26.768,1.58527,1.58571,1.50,1.50
2012.06.01 17:08:27.020,1.5853,1.58574,1.50,1.50
2012.06.01 17:08:27.579,1.5853,1.58573,1.50,1.50
2012.06.01 17:08:27.805,1.58527,1.58571,1.50,1.50
2012.06.01 17:08:27.997,1.58527,1.58569,1.50,1.50
2012.06.01 17:08:28.346,1.58525,1.58567,1.50,1.50
2012.06.01 17:08:28.536,1.5852,1.58564,1.50,1.50
2012.06.01 17:08:29.349,1.5852,1.58564,2.25,1.50
2012.06.01 17:08:30.930,1.58524,1.58564,1.50,1.50
2012.06.01 17:08:31.056,1.58526,1.58569,1.50,1.50
2012.06.01 17:08:31.849,1.58526,1.58563,1.50,1.50
2012.06.01 17:08:31.919,1.58517,1.58559,1.50,2.93
2012.06.01 17:08:32.047,1.58519,1.58559,1.50,1.43
2012.06.01 17:08:32.177,1.58519,1.58561,1.50,3.00
2012.06.01 17:08:32.246,1.58517,1.58559,1.43,1.50
2012.06.01 17:08:32.498,1.58522,1.58566,1.50,1.50
2012.06.01 17:08:35.748,1.58522,1.58566,1.88,1.95
2012.06.01 17:08:36.413,1.58527,1.58569,1.43,1.50
2012.06.01 17:08:36.967,1.58528,1.58569,1.50,1.50
2012.06.01 17:08:37.116,1.5853,1.58571,1.50,1.50
2012.06.01 17:08:37.507,1.5853,1.58571,2.25,1.50
2012.06.01 17:08:37.759,1.58527,1.5857,1.43,1.50
2012.06.01 17:08:38.020,1.58528,1.5857,2.25,1.50
2012.06.01 17:08:38.217,1.58529,1.58573,2.25,1.50
2012.06.01 17:08:39.047,1.58529,1.58571,2.25,1.50
2012.06.01 17:08:39.240,1.58528,1.58569,1.43,1.50
2012.06.01 17:08:40.037,1.58529,1.58573,2.25,1.50
2012.06.01 17:08:40.320,1.58528,1.58569,3.68,1.50
2012.06.01 17:08:40.451,1.58528,1.58569,1.43,1.50
2012.06.01 17:08:41.459,1.5853,1.58571,1.50,1.50
2012.06.01 17:08:41.973,1.5853,1.58572,1.50,1.50
2012.06.01 17:08:42.427,1.5853,1.58572,2.25,1.50
2012.06.01 17:08:42.805,1.5853,1.58572,1.50,1.50
2012.06.01 17:08:42.937,1.58534,1.58575,1.50,1.50
2012.06.01 17:08:43.008,1.58534,1.58577,1.50,1.50
2012.06.01 17:08:43.605,1.58534,1.58573,1.50,1.43
2012.06.01 17:08:44.115,1.58531,1.58573,1.50,4.43
2012.06.01 17:08:44.187,1.58529,1.5857,1.50,1.50
2012.06.01 17:08:44.789,1.58532,1.58573,1.50,1.43
2012.06.01 17:08:45.077,1.58534,1.58578,1.50,1.50
2012.06.01 17:08:45.148,1.58537,1.58581,1.50,1.50
2012.06.01 17:08:45.526,1.58536,1.58577,1.43,1.50
2012.06.01 17:08:46.056,1.58536,1.58577,2.18,1.50
2012.06.01 17:08:46.596,1.58536,1.58577,1.43,1.50
2012.06.01 17:08:48.149,1.58536,1.58577,2.18,1.50
2012.06.01 17:08:48.734,1.58536,1.58577,1.43,1.50
2012.06.01 17:08:49.037,1.58543,1.58577,1.43,1.50
2012.06.01 17:08:49.347,1.58535,1.58577,2.40,1.50
2012.06.01 17:08:50.208,1.58538,1.5858,1.80,1.50
2012.06.01 17:08:50.276,1.58538,1.5858,1.50,1.50
2012.06.01 17:08:51.439,1.58538,1.58579,1.50,1.50
2012.06.01 17:08:51.508,1.58534,1.58576,3.68,1.50
2012.06.01 17:08:53.098,1.58534,1.58576,2.93,1.50
2012.06.01 17:08:53.166,1.58534,1.58576,3.68,1.50
2012.06.01 17:08:54.092,1.58534,1.58576,1.50,1.50
2012.06.01 17:08:54.625,1.58535,1.58576,1.50,1.50
2012.06.01 17:08:54.697,1.58537,1.58579,1.50,1.50
2012.06.01 17:09:08.280,1.58532,1.58574,2.25,1.50
2012.06.01 17:09:08.586,1.58534,1.58578,1.50,1.50
2012.06.01 17:09:09.323,1.58538,1.5858,1.50,1.50
2012.06.01 17:09:09.717,1.58535,1.58578,1.50,1.50
2012.06.01 17:09:10.563,1.58534,1.58578,1.50,1.50
2012.06.01 17:09:11.139,1.58536,1.58578,1.50,1.50
2012.06.01 17:09:11.587,1.58538,1.5858,1.50,1.50
2012.06.01 17:09:12.500,1.58538,1.58579,1.50,2.93
2012.06.01 17:09:12.807,1.58534,1.5857,1.50,1.43
2012.06.01 17:09:13.018,1.58538,1.58576,1.50,1.43
2012.06.01 17:09:13.208,1.58535,1.58576,1.50,1.43
2012.06.01 17:09:13.277,1.58535,1.58576,1.50,2.18
2012.06.01 17:09:13.705,1.58541,1.58576,1.50,2.18
2012.06.01 17:09:13.780,1.58542,1.58576,1.50,1.43
2012.06.01 17:09:13.847,1.58539,1.58576,1.50,1.43
2012.06.01 17:09:14.222,1.58539,1.58576,1.50,2.18
2012.06.01 17:09:14.287,1.58539,1.58576,1.50,1.43
2012.06.01 17:09:15.537,1.58539,1.58576,1.50,2.18
2012.06.01 17:09:15.651,1.58539,1.58576,1.50,1.43
2012.06.01 17:09:17.000,1.58541,1.58576,1.50,1.43
2012.06.01 17:09:17.126,1.58545,1.58582,1.50,1.88
2012.06.01 17:09:17.328,1.58542,1.58582,1.50,1.88
2012.06.01 17:09:17.479,1.58538,1.58582,1.50,3.38
2012.06.01 17:09:17.817,1.58535,1.58578,2.18,1.50
2012.06.01 17:09:18.356,1.58536,1.58579,2.25,1.50
2012.06.01 17:09:18.867,1.58536,1.58579,1.50,2.25
2012.06.01 17:09:19.568,1.58538,1.58582,1.50,3.68
2012.06.01 17:09:20.157,1.58538,1.58582,1.50,4.13
2012.06.01 17:09:20.769,1.58538,1.58582,1.50,3.38
2012.06.01 17:09:21.269,1.58544,1.58584,1.50,1.95
2012.06.01 17:09:21.336,1.58544,1.58586,1.50,1.88
2012.06.01 17:09:21.466,1.58546,1.58589,1.50,1.50
2012.06.01 17:09:21.539,1.5855,1.5859,1.50,1.77
2012.06.01 17:09:22.053,1.58547,1.5859,1.50,1.77
2012.06.01 17:09:24.230,1.58555,1.5859,1.50,1.77
2012.06.01 17:09:24.540,1.58555,1.58596,2.25,2.14
2012.06.01 17:09:24.670,1.58555,1.58596,1.50,1.80
2012.06.01 17:09:24.798,1.58559,1.58593,1.43,1.80
2012.06.01 17:09:24.872,1.58559,1.58601,2.93,1.88
2012.06.01 17:09:25.147,1.58559,1.58601,2.93,1.50
2012.06.01 17:09:25.283,1.58563,1.58604,1.50,3.00
2012.06.01 17:09:25.672,1.58559,1.58603,2.93,1.50
2012.06.01 17:09:26.165,1.58561,1.58603,1.50,1.50
2012.06.01 17:09:26.410,1.58562,1.58605,1.50,1.50
2012.06.01 17:09:26.478,1.58569,1.58606,1.50,3.08
2012.06.01 17:09:26.800,1.58571,1.58606,1.50,1.58
2012.06.01 17:09:28.259,1.58572,1.58606,1.50,1.73
2012.06.01 17:09:28.448,1.58573,1.58614,1.50,1.50
2012.06.01 17:09:28.637,1.58576,1.58618,1.43,1.50
2012.06.01 17:09:29.048,1.58579,1.5862,1.50,1.50
2012.06.01 17:09:30.279,1.58577,1.58618,1.50,1.50
2012.06.01 17:09:30.919,1.58576,1.58618,2.93,1.50
2012.06.01 17:09:31.289,1.58583,1.58621,1.50,1.50
2012.06.01 17:09:31.608,1.58585,1.58625,1.43,1.80
2012.06.01 17:09:31.936,1.58586,1.58628,2.25,1.80
2012.06.01 17:09:33.179,1.58586,1.58628,2.25,1.50
2012.06.01 17:09:35.211,1.58586,1.58628,2.25,1.50
2012.06.01 17:09:35.711,1.58592,1.5863,1.50,1.43
2012.06.01 17:09:35.778,1.58592,1.58634,2.93,1.50
2012.06.01 17:09:36.038,1.58595,1.58637,1.50,1.50
2012.06.01 17:09:36.360,1.58595,1.5863,1.50,1.43
2012.06.01 17:09:36.488,1.58586,1.5863,2.78,2.93
2012.06.01 17:09:36.558,1.58593,1.58636,1.43,1.80
2012.06.01 17:09:36.688,1.58595,1.58636,1.50,1.05
2012.06.01 17:09:37.016,1.58595,1.58631,1.50,2.18
2012.06.01 17:09:38.276,1.58599,1.58631,1.50,1.09
2012.06.01 17:09:38.345,1.58595,1.58631,1.50,1.09
2012.06.01 17:09:40.266,1.58595,1.58632,1.50,1.77
2012.06.01 17:09:40.505,1.58595,1.58631,1.50,1.09
2012.06.01 17:09:41.390,1.58594,1.58631,1.50,2.52
2012.06.01 17:09:41.458,1.58594,1.58631,1.50,1.77
2012.06.01 17:09:41.994,1.58594,1.58631,1.50,1.09
2012.06.01 17:09:44.037,1.58594,1.58631,1.50,1.77
2012.06.01 17:09:44.382,1.58596,1.5863,1.50,1.43
2012.06.01 17:09:44.567,1.58593,1.5863,3.00,2.18
2012.06.01 17:09:44.744,1.58593,1.58632,3.00,1.77
2012.06.01 17:09:45.020,1.5859,1.58631,1.95,1.09
2012.06.01 17:09:45.088,1.58592,1.58631,1.50,1.09
2012.06.01 17:09:45.701,1.58595,1.58632,1.50,1.77
2012.06.01 17:09:47.207,1.58592,1.58631,1.50,1.54
2012.06.01 17:09:47.275,1.5859,1.58631,1.88,1.54
2012.06.01 17:09:50.568,1.5859,1.5863,1.88,1.43
2012.06.01 17:09:51.619,1.5859,1.5863,2.63,1.43
2012.06.01 17:09:52.990,1.5859,1.5863,1.88,1.43
2012.06.01 17:10:05.525,1.58593,1.58634,2.93,1.95
2012.06.01 17:10:05.598,1.58595,1.58637,1.50,2.10
2012.06.01 17:10:05.680,1.58598,1.58637,1.50,2.10
2012.06.01 17:10:06.643,1.586,1.58638,1.50,2.03
2012.06.01 17:10:08.208,1.586,1.58638,1.50,1.73
2012.06.01 17:10:08.336,1.586,1.58638,1.50,1.43
2012.06.01 17:10:09.917,1.58598,1.58638,1.50,2.93
2012.06.01 17:10:09.985,1.58596,1.58638,1.50,2.93
2012.06.01 17:10:14.977,1.58593,1.58635,2.93,1.50
2012.06.01 17:10:15.349,1.58593,1.5863,1.50,2.18
2012.06.01 17:10:17.569,1.58593,1.5863,1.50,1.43
2012.06.01 17:10:17.988,1.58593,1.5863,1.50,2.18
2012.06.01 17:10:18.347,1.5859,1.5863,1.88,2.18
2012.06.01 17:10:18.501,1.58594,1.5863,1.50,2.18
2012.06.01 17:10:18.700,1.58591,1.5863,1.50,2.18
2012.06.01 17:10:19.357,1.5859,1.5863,1.88,2.18
2012.06.01 17:10:19.739,1.58594,1.5863,1.50,2.18
2012.06.01 17:10:19.938,1.58592,1.5863,1.50,2.18
2012.06.01 17:10:20.490,1.58591,1.58633,1.50,3.83
2012.06.01 17:10:21.049,1.58594,1.58633,1.50,2.33
2012.06.01 17:10:21.162,1.58594,1.58633,1.50,2.33
2012.06.01 17:10:21.228,1.58594,1.58633,1.50,2.33
2012.06.01 17:10:21.298,1.5859,1.58633,1.88,2.33
2012.06.01 17:10:21.368,1.5859,1.58631,1.88,1.43
2012.06.01 17:10:21.876,1.58587,1.58631,1.88,3.68
2012.06.01 17:10:23.337,1.5859,1.58631,1.50,2.18
2012.06.01 17:10:23.986,1.58591,1.58631,1.50,2.18
2012.06.01 17:10:25.528,1.58589,1.5863,1.88,2.25
2012.06.01 17:10:29.290,1.58589,1.5863,1.13,1.50
2012.06.01 17:10:29.824,1.58593,1.5863,1.43,1.50
2012.06.01 17:10:30.310,1.58593,1.58626,1.43,1.50
2012.06.01 17:10:30.469,1.58593,1.5863,1.43,1.50
2012.06.01 17:10:30.545,1.58593,1.58634,1.43,1.50
2012.06.01 17:10:30.622,1.58594,1.58636,1.50,1.50
2012.06.01 17:10:30.755,1.58594,1.58634,1.50,1.50
2012.06.01 17:10:31.301,1.58593,1.58633,1.43,1.50
2012.06.01 17:10:31.867,1.58593,1.58635,2.93,1.50
2012.06.01 17:10:32.059,1.58595,1.58638,1.50,2.93
2012.06.01 17:10:32.519,1.58598,1.58638,1.50,1.43
2012.06.01 17:10:33.036,1.58601,1.58638,1.50,1.43
2012.06.01 17:10:34.292,1.58591,1.58633,1.50,1.50
2012.06.01 17:10:34.355,1.58593,1.58633,1.43,1.50
2012.06.01 17:10:34.666,1.586,1.58638,1.50,1.43
2012.06.01 17:10:34.987,1.58598,1.58638,1.50,1.43
2012.06.01 17:10:36.130,1.58594,1.58638,1.50,3.68
2012.06.01 17:10:36.199,1.58594,1.58638,1.50,3.68
2012.06.01 17:10:36.507,1.58599,1.5863,1.50,2.18
2012.06.01 17:10:36.889,1.58592,1.5863,1.50,2.18
2012.06.01 17:10:38.329,1.58592,1.5863,1.50,1.43
2012.06.01 17:10:38.397,1.58589,1.5863,1.88,1.43
2012.06.01 17:10:38.913,1.5859,1.58631,1.43,1.50
2012.06.01 17:10:39.498,1.58591,1.58633,2.25,1.50
2012.06.01 17:10:40.311,1.58592,1.58633,1.50,1.50
2012.06.01 17:10:40.377,1.58594,1.58631,1.50,1.43
2012.06.01 17:10:40.558,1.58592,1.58631,1.50,1.43
2012.06.01 17:10:41.383,1.58591,1.58631,1.50,1.43
2012.06.01 17:10:41.510,1.58593,1.58633,1.43,1.95
2012.06.01 17:10:42.047,1.58593,1.58631,1.43,1.50
2012.06.01 17:10:42.180,1.58593,1.58633,1.43,1.50
2012.06.01 17:10:42.248,1.58593,1.58635,2.18,1.50
2012.06.01 17:10:42.467,1.58593,1.58635,1.43,1.50
2012.06.01 17:10:43.048,1.58597,1.58636,1.50,1.50
2012.06.01 17:10:43.119,1.58597,1.58638,1.50,1.43
2012.06.01 17:10:44.081,1.58594,1.58638,1.50,2.93
2012.06.01 17:10:47.291,1.58598,1.58638,1.50,1.43
2012.06.01 17:10:48.736,1.58603,1.58638,1.50,1.43
2012.06.01 17:10:49.298,1.58597,1.58638,1.50,1.43
2012.06.01 17:10:50.694,1.58601,1.58638,1.50,1.43
2012.06.01 17:10:52.959,1.58598,1.58639,1.50,1.43
2012.06.01 17:10:53.629,1.58598,1.58638,1.50,1.43
2012.06.01 17:10:54.449,1.58598,1.58638,1.50,2.18
2012.06.01 17:10:54.758,1.58598,1.58631,1.50,2.18
2012.06.01 17:10:54.967,1.58592,1.58631,1.50,2.18
2012.06.01 17:10:55.209,1.58592,1.58628,1.50,1.84
2012.06.01 17:10:55.480,1.58578,1.58622,1.80,3.27
2012.06.01 17:10:55.549,1.58578,1.58622,1.50,3.27
2012.06.01 17:10:56.849,1.58575,1.58613,1.43,1.50
2012.06.01 17:10:56.982,1.58577,1.58616,1.50,1.50
2012.06.01 17:10:57.050,1.5858,1.58622,1.50,3.34
2012.06.01 17:10:57.420,1.58578,1.58619,1.50,1.50
2012.06.01 17:10:58.138,1.58577,1.58619,1.50,1.50
2012.06.01 17:11:00.600,1.58577,1.58619,1.50,1.95
2012.06.01 17:11:00.905,1.58577,1.58614,1.50,2.18
2012.06.01 17:11:00.978,1.58574,1.58614,1.50,3.68
2012.06.01 17:11:01.168,1.58572,1.58614,1.88,3.68
2012.06.01 17:11:01.419,1.58569,1.58605,1.50,1.43
2012.06.01 17:11:04.014,1.58569,1.5861,1.50,1.43
2012.06.01 17:11:04.089,1.58571,1.5861,1.50,1.43
2012.06.01 17:11:04.460,1.58568,1.5861,1.50,2.18
2012.06.01 17:11:04.589,1.58565,1.58607,1.43,1.50
2012.06.01 17:11:04.657,1.58565,1.586,1.43,1.50
2012.06.01 17:11:05.013,1.58571,1.586,1.43,1.50
2012.06.01 17:11:05.150,1.58562,1.58598,1.58,1.50
2012.06.01 17:11:05.699,1.58561,1.58599,1.05,1.43
2012.06.01 17:11:05.829,1.58563,1.58605,2.25,1.50
2012.06.01 17:11:06.388,1.58566,1.58606,2.25,1.43
2012.06.01 17:11:09.119,1.58566,1.58606,1.50,2.18
2012.06.01 17:11:09.489,1.58567,1.58589,1.50,1.43
2012.06.01 17:11:09.679,1.58553,1.58582,1.80,1.43
2012.06.01 17:11:09.989,1.58553,1.5859,1.80,1.43
2012.06.01 17:11:10.059,1.58553,1.5859,1.50,1.43
2012.06.01 17:11:10.187,1.58555,1.5859,1.50,1.73
2012.06.01 17:11:10.739,1.58556,1.5859,1.50,1.73
2012.06.01 17:11:11.143,1.58556,1.5859,2.25,1.73
2012.06.01 17:11:11.268,1.58555,1.58592,2.25,1.05
2012.06.01 17:11:11.337,1.58555,1.58596,1.50,2.10
2012.06.01 17:11:11.588,1.5856,1.58598,1.50,2.44
2012.06.01 17:11:12.159,1.5856,1.58598,1.50,1.77
2012.06.01 17:11:15.097,1.58564,1.58598,1.50,1.80
2012.06.01 17:11:15.406,1.58566,1.58598,2.25,1.80
2012.06.01 17:11:15.476,1.58566,1.58606,2.25,1.43
2012.06.01 17:11:16.301,1.58561,1.58605,3.68,1.50
2012.06.01 17:11:16.900,1.58565,1.58606,2.25,1.43
2012.06.01 17:11:19.057,1.58565,1.58606,2.25,1.43
2012.06.01 17:11:21.070,1.58567,1.58606,1.50,1.43
2012.06.01 17:11:21.136,1.5857,1.58606,1.50,1.43
2012.06.01 17:11:21.687,1.58567,1.58606,1.50,1.43
2012.06.01 17:11:22.206,1.58564,1.58598,1.50,1.43
2012.06.01 17:11:22.709,1.58566,1.58598,1.50,1.43
2012.06.01 17:11:23.019,1.58573,1.58598,1.50,1.43
2012.06.01 17:11:23.208,1.58572,1.58613,1.50,1.43
2012.06.01 17:11:23.280,1.58576,1.58609,1.50,1.43
2012.06.01 17:11:23.847,1.58573,1.58609,3.00,1.43
2012.06.01 17:11:25.161,1.58575,1.58609,1.50,1.43
2012.06.01 17:11:26.207,1.58575,1.58601,1.50,1.43
2012.06.01 17:11:26.281,1.58571,1.58601,1.50,1.43
2012.06.01 17:11:26.497,1.58569,1.58601,1.50,1.43
2012.06.01 17:11:27.826,1.58569,1.5861,1.50,1.43
2012.06.01 17:11:27.967,1.58576,1.5861,1.50,1.43
2012.06.01 17:11:28.330,1.58576,1.58614,1.50,1.80
2012.06.01 17:11:28.578,1.58579,1.58618,1.50,1.43
2012.06.01 17:11:28.648,1.58583,1.58618,1.50,1.43
2012.06.01 17:11:29.235,1.58581,1.58618,1.50,1.43
2012.06.01 17:11:29.307,1.58578,1.58618,1.50,1.43
2012.06.01 17:11:31.048,1.58589,1.58618,1.50,1.43
2012.06.01 17:11:31.117,1.58589,1.58624,1.50,1.58
2012.06.01 17:11:31.250,1.58592,1.58624,1.50,1.43
2012.06.01 17:11:31.321,1.58592,1.58629,1.50,1.43
2012.06.01 17:11:32.241,1.58588,1.58629,1.50,1.43
2012.06.01 17:11:32.858,1.58592,1.58629,1.50,1.43
2012.06.01 17:11:33.897,1.58596,1.58627,1.50,1.43
2012.06.01 17:11:33.972,1.58594,1.58627,1.50,1.43
2012.06.01 17:11:34.498,1.58594,1.58632,1.50,1.43
2012.06.01 17:11:34.567,1.58592,1.58632,2.25,2.93
2012.06.01 17:11:35.309,1.5859,1.58632,2.25,2.93
2012.06.01 17:11:35.703,1.58593,1.58632,1.50,1.43
2012.06.01 17:11:36.431,1.58593,1.58632,1.84,1.43
2012.06.01 17:11:36.737,1.58601,1.58636,1.50,1.43
2012.06.01 17:11:37.058,1.58601,1.58632,1.50,1.43
2012.06.01 17:11:37.260,1.58592,1.58632,1.50,1.43
2012.06.01 17:11:37.787,1.58589,1.58631,2.25,1.50
2012.06.01 17:11:39.449,1.58589,1.58629,1.37,1.50
2012.06.01 17:11:39.580,1.58587,1.58629,1.37,1.50
2012.06.01 17:11:39.708,1.58587,1.58627,1.37,1.43
2012.06.01 17:11:39.869,1.58586,1.58627,1.13,1.43
2012.06.01 17:11:40.296,1.58587,1.58625,1.13,1.50
2012.06.01 17:11:40.797,1.58587,1.58621,1.13,1.43
2012.06.01 17:11:40.870,1.58587,1.58625,1.13,1.50
2012.06.01 17:11:40.941,1.58587,1.58625,1.13,1.95
2012.06.01 17:11:41.246,1.58583,1.58621,2.48,1.43
2012.06.01 17:11:41.702,1.58582,1.58619,1.35,1.50
2012.06.01 17:11:45.315,1.58582,1.58621,1.35,1.43
2012.06.01 17:11:45.864,1.58581,1.58621,2.10,1.43
2012.06.01 17:11:46.198,1.58583,1.58626,2.40,1.50
2012.06.01 17:11:46.267,1.58585,1.58629,1.88,3.27
2012.06.01 17:11:46.556,1.58584,1.58626,2.18,1.50
2012.06.01 17:11:48.468,1.58585,1.58629,1.88,3.27
2012.06.01 17:11:48.890,1.58589,1.58629,1.50,1.77
2012.06.01 17:11:48.957,1.58585,1.58629,2.03,3.27
2012.06.01 17:11:50.099,1.58587,1.58629,1.13,2.93
2012.06.01 17:11:50.228,1.58586,1.58628,2.63,1.50
2012.06.01 17:11:50.358,1.58586,1.58623,2.63,1.43
2012.06.01 17:11:50.787,1.58582,1.58618,2.10,1.43
2012.06.01 17:11:51.311,1.58577,1.58616,1.13,1.43
2012.06.01 17:11:51.377,1.58574,1.58614,1.13,1.50
2012.06.01 17:11:51.898,1.58572,1.58614,1.65,1.50
2012.06.01 17:11:52.078,1.58574,1.58616,1.50,2.93
2012.06.01 17:11:52.441,1.58574,1.58616,2.25,1.43
2012.06.01 17:11:52.759,1.58574,1.58618,2.55,1.50
2012.06.01 17:11:52.831,1.5858,1.58621,2.25,1.50
2012.06.01 17:11:52.990,1.5858,1.58621,2.25,1.50
2012.06.01 17:11:53.878,1.58578,1.58619,2.25,1.50
2012.06.01 17:11:53.950,1.58575,1.58619,1.50,1.50
2012.06.01 17:11:54.019,1.58572,1.58609,1.88,1.50
2012.06.01 17:11:54.537,1.58571,1.58613,1.95,1.50
2012.06.01 17:11:55.056,1.58571,1.58613,1.95,1.50
2012.06.01 17:11:56.604,1.58568,1.58611,2.10,1.50
2012.06.01 17:11:57.365,1.58568,1.58611,2.10,1.50
2012.06.01 17:11:58.100,1.58568,1.58611,2.10,1.50
2012.06.01 17:11:58.447,1.58568,1.58611,1.80,2.25
2012.06.01 17:11:58.519,1.58561,1.58605,2.63,1.50
2012.06.01 17:11:58.688,1.58561,1.58605,1.50,1.50
2012.06.01 17:11:58.819,1.5856,1.586,1.50,1.43
2012.06.01 17:11:59.251,1.58558,1.586,1.50,1.50
2012.06.01 17:11:59.633,1.58559,1.58596,1.50,1.50
2012.06.01 17:12:00.027,1.58555,1.58599,1.80,1.50
2012.06.01 17:12:00.487,1.58555,1.58596,1.80,1.50
2012.06.01 17:12:01.057,1.58552,1.58595,1.50,2.93
2012.06.01 17:12:03.778,1.58549,1.58593,1.50,1.50
2012.06.01 17:12:03.947,1.58552,1.58595,1.50,2.93
2012.06.01 17:12:05.956,1.58554,1.58595,1.50,1.50
2012.06.01 17:12:06.026,1.58556,1.58598,1.50,1.50
2012.06.01 17:12:06.599,1.58556,1.58598,2.25,1.50
2012.06.01 17:12:06.789,1.58559,1.58598,1.50,1.50
2012.06.01 17:12:06.859,1.58556,1.58598,3.00,1.50
2012.06.01 17:12:06.928,1.58556,1.58598,3.75,1.50
2012.06.01 17:12:07.118,1.58562,1.58605,2.18,1.50
2012.06.01 17:12:07.566,1.58565,1.58607,1.50,1.50
2012.06.01 17:12:07.644,1.58565,1.58607,2.25,1.50
2012.06.01 17:12:07.718,1.58565,1.58607,1.50,1.50
2012.06.01 17:12:08.075,1.58562,1.58604,2.25,1.50
2012.06.01 17:12:09.078,1.58562,1.586,1.50,1.43
2012.06.01 17:12:09.389,1.58562,1.58604,2.25,1.50
2012.06.01 17:12:09.519,1.58564,1.58601,1.50,1.43
2012.06.01 17:12:09.768,1.58564,1.58604,2.25,1.50
2012.06.01 17:12:09.836,1.58564,1.58604,1.50,1.50
2012.06.01 17:12:10.029,1.58559,1.58603,2.40,1.50
2012.06.01 17:12:10.100,1.58562,1.58605,2.25,1.50
2012.06.01 17:12:10.169,1.58562,1.58603,2.25,1.50
2012.06.01 17:12:10.298,1.58564,1.58606,1.50,1.50
2012.06.01 17:12:10.616,1.58564,1.58606,2.63,1.50
2012.06.01 17:12:10.687,1.58566,1.5861,2.25,1.50
2012.06.01 17:12:12.289,1.58573,1.58617,3.08,1.50
2012.06.01 17:12:14.767,1.58575,1.58617,1.50,1.50
2012.06.01 17:12:15.123,1.58581,1.58623,1.50,2.93
2012.06.01 17:12:15.637,1.58583,1.58623,1.50,1.43
2012.06.01 17:12:16.739,1.58583,1.58619,1.50,1.20
2012.06.01 17:12:17.048,1.58583,1.58616,1.50,1.43
2012.06.01 17:12:17.120,1.58583,1.5862,1.50,1.43
2012.06.01 17:12:17.576,1.58583,1.5862,1.50,1.77
2012.06.01 17:12:17.656,1.58568,1.5861,2.48,1.50
2012.06.01 17:12:17.790,1.58566,1.58605,1.73,1.43
2012.06.01 17:12:18.039,1.58566,1.58605,1.50,1.43
2012.06.01 17:12:18.110,1.58566,1.58606,1.73,1.50
2012.06.01 17:12:18.810,1.58565,1.58607,2.10,1.43
2012.06.01 17:12:19.481,1.58565,1.58607,1.95,1.43
2012.06.01 17:12:19.728,1.58562,1.58604,1.50,1.50
2012.06.01 17:12:19.918,1.58558,1.586,1.50,1.50
2012.06.01 17:12:20.128,1.5856,1.58604,1.50,1.50
2012.06.01 17:12:20.197,1.5856,1.58604,2.25,1.50
2012.06.01 17:12:20.339,1.5856,1.58604,1.50,1.50
2012.06.01 17:12:20.777,1.58554,1.58598,1.65,1.50
2012.06.01 17:12:21.089,1.58553,1.58595,1.50,1.50
2012.06.01 17:12:21.867,1.58554,1.58596,1.50,1.43
2012.06.01 17:12:22.976,1.58551,1.58595,1.50,1.50
2012.06.01 17:12:24.075,1.58551,1.58595,2.25,1.50
2012.06.01 17:12:24.538,1.58551,1.58595,2.25,1.50
2012.06.01 17:12:24.678,1.58551,1.58595,2.25,1.50
2012.06.01 17:12:24.748,1.58554,1.58596,1.50,1.43
2012.06.01 17:12:25.131,1.58549,1.58593,2.25,1.50
2012.06.01 17:12:27.460,1.58552,1.58595,1.50,3.00
2012.06.01 17:12:28.030,1.5855,1.58592,1.50,1.50
2012.06.01 17:12:28.386,1.58552,1.58595,1.50,1.50
2012.06.01 17:12:28.579,1.58548,1.58592,1.50,1.50
2012.06.01 17:12:28.827,1.58546,1.58585,1.50,2.93
2012.06.01 17:12:29.017,1.58554,1.58594,1.43,1.50
2012.06.01 17:12:29.087,1.58554,1.58591,1.43,1.50
2012.06.01 17:12:29.663,1.58554,1.58597,1.43,1.50
2012.06.01 17:12:30.129,1.58554,1.58594,1.43,1.50
2012.06.01 17:12:30.575,1.5855,1.58582,1.50,1.50
2012.06.01 17:12:30.650,1.58541,1.58582,2.40,1.50
2012.06.01 17:12:30.719,1.58541,1.5858,2.40,1.50
2012.06.01 17:12:30.789,1.58541,1.58583,2.40,3.00
2012.06.01 17:12:30.917,1.5854,1.5858,1.05,1.50
2012.06.01 17:12:31.047,1.58535,1.58576,2.25,1.50
2012.06.01 17:12:31.646,1.58536,1.58579,2.25,1.43
2012.06.01 17:12:32.211,1.58536,1.58579,1.50,1.43
2012.06.01 17:12:32.750,1.58534,1.58577,2.25,1.50
2012.06.01 17:12:33.153,1.58532,1.58574,2.25,1.50
2012.06.01 17:12:33.399,1.58537,1.58581,1.50,1.50
2012.06.01 17:12:33.530,1.58539,1.58581,1.50,1.50
2012.06.01 17:12:33.846,1.58542,1.58583,1.50,1.43
2012.06.01 17:12:34.735,1.58539,1.5858,1.50,1.43
2012.06.01 17:12:35.235,1.58536,1.58577,2.25,1.50
2012.06.01 17:12:35.550,1.58542,1.58584,1.50,1.50
2012.06.01 17:12:36.738,1.58541,1.58585,1.50,1.50
2012.06.01 17:12:37.046,1.58536,1.58588,3.68,1.43
2012.06.01 17:12:37.318,1.5854,1.58588,1.50,1.43
2012.06.01 17:12:38.219,1.58535,1.58587,1.50,1.50
2012.06.01 17:12:38.286,1.58532,1.58585,2.25,1.50
2012.06.01 17:12:38.418,1.58543,1.58587,1.50,3.00
2012.06.01 17:12:38.729,1.58548,1.5859,1.50,1.88
2012.06.01 17:12:39.059,1.58548,1.5858,1.50,1.43
2012.06.01 17:12:39.190,1.58549,1.58582,1.50,1.43
2012.06.01 17:12:39.260,1.58551,1.58582,1.50,1.43
2012.06.01 17:12:39.508,1.58551,1.58588,1.50,1.80
2012.06.01 17:12:39.579,1.58554,1.58588,1.50,1.80
2012.06.01 17:12:40.008,1.58554,1.58586,1.50,2.18
2012.06.01 17:12:40.142,1.58552,1.58583,1.50,1.43
2012.06.01 17:12:40.208,1.58546,1.58583,1.50,1.43
2012.06.01 17:12:40.281,1.58544,1.58583,1.50,1.43
2012.06.01 17:12:40.348,1.58542,1.58583,1.50,1.43
2012.06.01 17:12:40.921,1.58542,1.5858,1.50,1.43
2012.06.01 17:12:40.989,1.58539,1.5858,1.50,1.43
2012.06.01 17:12:42.980,1.58543,1.5858,1.50,1.43
2012.06.01 17:12:43.680,1.58543,1.58583,1.50,1.43
2012.06.01 17:12:43.749,1.58538,1.58582,1.50,1.50
2012.06.01 17:12:44.059,1.58544,1.58584,1.50,1.50
2012.06.01 17:12:44.599,1.58552,1.58585,1.50,1.43
2012.06.01 17:12:45.030,1.58539,1.58581,3.98,1.50
2012.06.01 17:12:45.101,1.58551,1.58585,1.50,1.43
2012.06.01 17:12:45.590,1.58545,1.58579,1.50,1.43
2012.06.01 17:12:45.657,1.58542,1.58579,2.25,1.43
2012.06.01 17:12:46.616,1.58538,1.58579,2.55,1.43
2012.06.01 17:12:46.958,1.58538,1.58579,1.80,1.43
2012.06.01 17:12:47.465,1.58538,1.58579,1.80,1.43
2012.06.01 17:12:48.851,1.58536,1.58579,2.70,2.93
2012.06.01 17:12:49.497,1.5854,1.58579,1.50,1.43
2012.06.01 17:12:49.696,1.58544,1.58579,2.25,1.43
2012.06.01 17:12:49.769,1.58544,1.58586,2.25,1.50
2012.06.01 17:12:50.272,1.58544,1.58579,1.50,1.43
2012.06.01 17:12:50.344,1.5854,1.58579,1.50,1.43
2012.06.01 17:12:50.529,1.58543,1.58579,1.50,1.43
2012.06.01 17:12:51.000,1.58547,1.58579,1.50,1.43
2012.06.01 17:12:51.068,1.58548,1.58588,1.50,2.55
2012.06.01 17:12:51.458,1.58548,1.58586,1.50,1.13
2012.06.01 17:12:51.529,1.58542,1.58585,2.93,1.09
2012.06.01 17:12:52.057,1.58541,1.58582,1.50,1.50
2012.06.01 17:12:54.046,1.58542,1.58584,1.50,1.50
2012.06.01 17:12:54.116,1.58542,1.58586,1.50,1.88
2012.06.01 17:12:54.250,1.58541,1.58582,1.50,1.50
2012.06.01 17:12:54.618,1.58541,1.58585,2.63,1.50
2012.06.01 17:12:54.749,1.58541,1.58585,3.08,1.50
2012.06.01 17:12:54.817,1.58544,1.58588,1.65,1.50
2012.06.01 17:12:55.435,1.58552,1.5859,1.50,1.43
2012.06.01 17:12:55.570,1.58555,1.58596,2.25,1.43
2012.06.01 17:12:55.640,1.58555,1.58599,2.25,1.50
2012.06.01 17:12:55.828,1.58555,1.58594,1.50,1.43
2012.06.01 17:12:56.148,1.58552,1.58595,2.25,1.43
2012.06.01 17:12:56.500,1.58557,1.58598,2.18,1.50
2012.06.01 17:12:56.570,1.58557,1.58598,1.58,1.50
2012.06.01 17:12:56.770,1.58559,1.58601,1.50,1.50
2012.06.01 17:12:56.958,1.58566,1.58602,1.20,1.43
2012.06.01 17:12:57.088,1.58573,1.58608,1.43,1.88
2012.06.01 17:12:57.279,1.58573,1.5861,1.43,1.50
2012.06.01 17:12:57.347,1.58567,1.5861,2.04,2.93
2012.06.01 17:12:57.554,1.58565,1.58606,2.42,3.00
2012.06.01 17:12:57.621,1.58563,1.58603,2.00,1.43
2012.06.01 17:12:57.869,1.5856,1.58603,1.65,1.43
2012.06.01 17:12:57.939,1.5856,1.58603,2.40,1.43
2012.06.01 17:12:58.127,1.58566,1.58608,2.25,1.50
2012.06.01 17:12:58.519,1.58565,1.58605,2.18,1.50
2012.06.01 17:12:59.588,1.58567,1.5861,1.50,1.80
2012.06.01 17:13:00.235,1.58567,1.5861,1.50,1.13
2012.06.01 17:13:00.311,1.58564,1.58605,2.18,1.50
2012.06.01 17:13:03.590,1.58564,1.58605,1.43,1.50
2012.06.01 17:13:04.106,1.58563,1.58605,1.50,1.50
2012.06.01 17:13:04.999,1.58563,1.58604,1.50,1.20
2012.06.01 17:13:05.067,1.58559,1.58603,3.38,1.95
2012.06.01 17:13:05.137,1.58559,1.586,1.95,1.43
2012.06.01 17:13:06.516,1.58557,1.586,1.35,2.93
2012.06.01 17:13:08.449,1.58563,1.58602,1.43,1.50
2012.06.01 17:13:09.202,1.58563,1.58599,1.43,2.25
2012.06.01 17:13:11.181,1.58563,1.58601,1.43,1.50
2012.06.01 17:13:11.309,1.58563,1.58604,1.43,2.25
2012.06.01 17:13:12.595,1.58564,1.58608,1.95,3.27
2012.06.01 17:13:12.672,1.5857,1.58608,1.43,1.50
2012.06.01 17:13:12.928,1.5857,1.58611,1.43,1.88
2012.06.01 17:13:13.058,1.58564,1.58608,1.50,1.50
2012.06.01 17:13:17.770,1.58564,1.58604,1.50,1.20
2012.06.01 17:13:18.076,1.58562,1.58601,1.50,1.43
2012.06.01 17:13:20.917,1.58558,1.58601,2.29,1.43
2012.06.01 17:13:25.252,1.58563,1.58601,1.50,1.43
2012.06.01 17:13:25.500,1.58565,1.58605,1.43,1.50
2012.06.01 17:13:25.567,1.58565,1.58605,1.43,2.25
2012.06.01 17:13:25.821,1.58556,1.58598,1.80,2.25
2012.06.01 17:13:26.747,1.58557,1.586,1.65,2.18
2012.06.01 17:13:27.541,1.58555,1.58597,3.23,1.50
2012.06.01 17:13:27.850,1.58555,1.58594,1.43,1.50
2012.06.01 17:13:27.917,1.5855,1.58593,2.49,1.43
2012.06.01 17:13:28.341,1.58554,1.58593,1.50,1.43
2012.06.01 17:13:28.647,1.58554,1.58583,1.50,1.43
2012.06.01 17:13:28.948,1.5855,1.58583,1.50,1.43
2012.06.01 17:13:29.567,1.58549,1.58584,1.50,1.43
2012.06.01 17:13:29.699,1.58544,1.58576,1.88,1.43
2012.06.01 17:13:29.888,1.58541,1.58576,1.65,1.43
2012.06.01 17:13:30.261,1.58535,1.58578,1.73,1.50
2012.06.01 17:13:30.329,1.58538,1.5858,1.80,3.27
2012.06.01 17:13:30.398,1.58536,1.58575,1.80,1.50
2012.06.01 17:13:30.528,1.58536,1.58578,1.80,2.25
2012.06.01 17:13:30.600,1.58535,1.58577,3.23,1.95
2012.06.01 17:13:30.911,1.58529,1.58564,1.29,1.43
2012.06.01 17:13:30.981,1.58532,1.58564,1.37,1.43
2012.06.01 17:13:31.048,1.58532,1.58572,1.37,1.50
2012.06.01 17:13:31.737,1.58533,1.58573,1.50,1.43
2012.06.01 17:13:32.496,1.58533,1.58573,1.50,2.63
2012.06.01 17:13:32.566,1.58533,1.58565,1.50,1.43
2012.06.01 17:13:33.066,1.58529,1.58565,1.50,1.43
2012.06.01 17:13:33.138,1.58527,1.58565,1.50,1.43
2012.06.01 17:13:33.479,1.58532,1.58565,1.50,1.43
2012.06.01 17:13:33.547,1.58533,1.58572,1.50,1.43
2012.06.01 17:13:36.297,1.58534,1.58572,1.50,1.43
2012.06.01 17:13:36.368,1.58537,1.58572,1.50,1.43
2012.06.01 17:13:37.051,1.58537,1.58575,1.50,1.73
2012.06.01 17:13:37.562,1.58537,1.58575,1.50,1.73
2012.06.01 17:13:37.912,1.58537,1.58573,1.50,1.43
2012.06.01 17:13:38.277,1.58537,1.5857,1.50,1.43
2012.06.01 17:13:39.559,1.58537,1.58572,1.50,1.43
2012.06.01 17:13:41.447,1.58534,1.58572,1.50,1.43
2012.06.01 17:13:41.519,1.58532,1.58572,1.50,2.18
2012.06.01 17:13:41.827,1.58532,1.58564,1.50,1.43
2012.06.01 17:13:44.692,1.58532,1.58562,1.50,1.43
2012.06.01 17:13:44.765,1.58528,1.58562,1.50,1.43
2012.06.01 17:13:44.898,1.58528,1.58567,1.50,1.43
2012.06.01 17:13:45.179,1.58532,1.58567,1.50,1.43
2012.06.01 17:13:45.310,1.58529,1.58567,3.00,1.43
2012.06.01 17:13:46.800,1.58533,1.58567,1.50,1.43
2012.06.01 17:13:48.216,1.58531,1.58567,1.50,1.43
2012.06.01 17:13:48.288,1.58529,1.58567,1.50,1.43
2012.06.01 17:13:48.419,1.58529,1.58567,1.50,1.92
2012.06.01 17:13:48.490,1.58527,1.5856,1.50,2.59
2012.06.01 17:13:48.557,1.5852,1.58559,1.73,1.35
2012.06.01 17:13:48.779,1.58516,1.5855,1.50,1.43
2012.06.01 17:13:51.807,1.58521,1.58556,1.50,1.88
2012.06.01 17:13:52.135,1.58523,1.58556,1.50,1.80
2012.06.01 17:13:53.046,1.58521,1.58556,1.50,1.80
2012.06.01 17:13:53.497,1.58523,1.58556,1.50,1.80
2012.06.01 17:13:54.178,1.58524,1.58556,1.50,1.80
2012.06.01 17:13:55.546,1.58526,1.58556,1.50,1.43
2012.06.01 17:13:55.617,1.58527,1.58561,1.50,1.43
2012.06.01 17:13:56.717,1.58528,1.58561,1.50,1.43
2012.06.01 17:13:56.789,1.58533,1.58561,1.84,1.43
2012.06.01 17:13:56.859,1.58533,1.58571,1.84,1.80
2012.06.01 17:13:57.407,1.58529,1.58571,1.05,3.30
2012.06.01 17:13:58.897,1.5853,1.58571,2.25,1.80
2012.06.01 17:13:59.057,1.58531,1.58571,1.09,1.80
2012.06.01 17:14:00.377,1.5853,1.58571,2.25,1.80
2012.06.01 17:14:00.590,1.58532,1.58574,1.73,2.25
2012.06.01 17:14:00.661,1.58532,1.58574,2.03,1.50
2012.06.01 17:14:01.359,1.58537,1.58574,1.05,1.50
2012.06.01 17:14:01.435,1.58534,1.58573,1.50,1.77
2012.06.01 17:14:01.627,1.58533,1.58576,1.43,1.95
2012.06.01 17:14:01.765,1.58533,1.58576,1.73,1.50
2012.06.01 17:14:02.078,1.58545,1.58589,1.50,1.84
2012.06.01 17:14:02.151,1.58545,1.58579,1.80,1.43
2012.06.01 17:14:02.492,1.58554,1.58585,1.43,1.50
2012.06.01 17:14:02.679,1.58555,1.58587,1.50,1.88
2012.06.01 17:14:02.749,1.58559,1.58587,1.50,1.88
2012.06.01 17:14:02.818,1.5855,1.58587,1.80,1.88
2012.06.01 17:14:02.891,1.58553,1.5859,1.50,1.80
2012.06.01 17:14:03.078,1.58546,1.58587,1.13,1.88
2012.06.01 17:14:03.399,1.5855,1.58587,1.50,1.50
2012.06.01 17:14:03.529,1.58543,1.58587,1.50,1.50
2012.06.01 17:14:04.049,1.58547,1.58587,1.50,1.50
2012.06.01 17:14:04.359,1.58549,1.58588,1.50,2.18
2012.06.01 17:14:04.431,1.58549,1.58588,1.50,1.43
2012.06.01 17:14:04.938,1.5855,1.58591,1.50,1.43
2012.06.01 17:14:05.008,1.58546,1.58588,1.95,1.50
2012.06.01 17:14:05.075,1.58546,1.58588,1.50,1.50
2012.06.01 17:14:05.947,1.58548,1.58588,1.50,1.50
2012.06.01 17:14:06.017,1.58549,1.58593,1.50,2.93
2012.06.01 17:14:06.420,1.58549,1.58593,2.25,2.93
2012.06.01 17:14:06.727,1.58554,1.58596,1.43,1.88
2012.06.01 17:14:07.161,1.58554,1.58596,2.18,1.88
2012.06.01 17:14:09.026,1.58554,1.58596,1.43,1.88
2012.06.01 17:14:09.096,1.58549,1.58592,1.50,1.43
2012.06.01 17:14:10.303,1.5855,1.58587,1.50,1.43
2012.06.01 17:14:11.908,1.58553,1.58587,1.50,1.43
2012.06.01 17:14:13.187,1.5855,1.58587,1.50,1.43
2012.06.01 17:14:13.546,1.5855,1.58583,1.50,1.43
2012.06.01 17:14:14.826,1.58547,1.58583,1.50,1.43
2012.06.01 17:14:16.469,1.58547,1.58588,3.75,1.50
2012.06.01 17:14:16.542,1.58548,1.58591,1.50,1.43
2012.06.01 17:14:17.067,1.58548,1.58592,1.50,2.93
2012.06.01 17:14:17.139,1.58552,1.58592,1.50,1.43
2012.06.01 17:14:17.270,1.5855,1.58592,1.50,2.93
2012.06.01 17:14:17.337,1.58554,1.58594,1.50,1.50
2012.06.01 17:14:19.837,1.58554,1.58596,1.43,1.88
2012.06.01 17:14:20.428,1.58557,1.58599,1.50,2.63
2012.06.01 17:14:21.259,1.58557,1.58597,1.50,1.13
2012.06.01 17:14:21.338,1.58555,1.58594,1.43,2.25
2012.06.01 17:14:21.414,1.5855,1.58592,1.50,1.43
2012.06.01 17:14:21.540,1.5855,1.58586,1.50,1.43
2012.06.01 17:14:21.668,1.58545,1.58586,2.25,1.43
2012.06.01 17:14:21.741,1.58548,1.58589,1.43,1.50
2012.06.01 17:14:21.808,1.58548,1.58589,2.18,1.50
2012.06.01 17:14:22.135,1.58563,1.58589,1.43,1.50
2012.06.01 17:14:23.108,1.58563,1.58596,1.43,1.50
2012.06.01 17:14:23.272,1.58563,1.58598,1.43,1.50
2012.06.01 17:14:23.340,1.58563,1.58603,1.43,2.25
2012.06.01 17:14:24.098,1.58563,1.58602,1.43,1.50
2012.06.01 17:14:24.378,1.58562,1.58599,1.43,1.50
2012.06.01 17:14:24.717,1.58562,1.58602,2.18,1.50
2012.06.01 17:14:25.433,1.58573,1.58604,1.50,1.50
2012.06.01 17:14:25.501,1.58573,1.58609,2.25,1.43
2012.06.01 17:14:25.568,1.58579,1.58617,1.43,1.50
2012.06.01 17:14:25.703,1.58579,1.58613,1.43,1.84
2012.06.01 17:14:25.769,1.58571,1.5861,2.93,1.50
2012.06.01 17:14:25.925,1.58571,1.5861,2.93,1.50
2012.06.01 17:14:26.365,1.58586,1.5861,1.43,1.50
2012.06.01 17:14:26.442,1.58574,1.5861,1.80,1.50
2012.06.01 17:14:26.627,1.58574,1.58613,1.80,1.50
2012.06.01 17:14:26.698,1.58571,1.58606,2.25,1.50
2012.06.01 17:14:27.026,1.5857,1.58604,1.37,1.50
2012.06.01 17:14:27.572,1.5857,1.58606,1.37,1.50
2012.06.01 17:14:27.642,1.58566,1.58604,1.37,1.50
2012.06.01 17:14:27.949,1.58561,1.58593,1.09,1.50
2012.06.01 17:14:28.077,1.58558,1.58593,1.58,1.50
2012.06.01 17:14:29.081,1.58553,1.58593,1.43,1.50
2012.06.01 17:14:29.604,1.58553,1.58589,1.43,1.50
2012.06.01 17:14:29.908,1.58555,1.58589,1.43,1.50
2012.06.01 17:14:30.025,1.58555,1.58596,1.43,1.50
2012.06.01 17:14:30.229,1.58555,1.58593,1.43,1.50
2012.06.01 17:14:31.088,1.58549,1.58593,3.08,2.25
2012.06.01 17:14:31.281,1.58549,1.5859,1.58,1.50
2012.06.01 17:14:31.589,1.58545,1.58581,1.73,1.50
2012.06.01 17:14:31.657,1.58545,1.58581,1.43,1.50
2012.06.01 17:14:31.729,1.58539,1.58581,1.50,1.50
2012.06.01 17:14:32.260,1.58544,1.58581,1.43,1.50
2012.06.01 17:14:32.329,1.58544,1.58584,1.43,1.88
2012.06.01 17:14:33.567,1.58544,1.58585,1.43,1.88
2012.06.01 17:14:33.703,1.58544,1.58582,2.93,1.50
2012.06.01 17:14:34.009,1.58549,1.58576,1.43,1.50
2012.06.01 17:14:34.079,1.58537,1.58574,1.43,1.50
2012.06.01 17:14:34.239,1.58532,1.58574,1.80,1.50
2012.06.01 17:14:34.368,1.58532,1.58574,1.50,1.50
2012.06.01 17:14:34.438,1.58532,1.58574,2.70,1.50
2012.06.01 17:14:34.888,1.58538,1.58581,1.50,1.50
2012.06.01 17:14:35.486,1.58538,1.58581,1.50,2.25
2012.06.01 17:14:36.841,1.58538,1.58581,2.25,1.50
2012.06.01 17:14:37.978,1.58538,1.58581,1.50,1.50
2012.06.01 17:14:38.109,1.58545,1.58582,1.43,1.50
2012.06.01 17:14:38.418,1.58545,1.58584,1.43,1.88
2012.06.01 17:14:39.007,1.58545,1.58583,1.43,1.50
2012.06.01 17:14:44.579,1.58545,1.58587,2.93,1.88
2012.06.01 17:14:46.305,1.58539,1.58581,2.93,1.50
2012.06.01 17:14:46.706,1.58542,1.58584,1.50,4.13
2012.06.01 17:14:48.600,1.58543,1.5858,1.50,1.43
2012.06.01 17:14:48.791,1.58546,1.58585,1.43,1.88
2012.06.01 17:14:48.920,1.58551,1.58589,1.50,2.25
2012.06.01 17:14:48.988,1.58551,1.58588,1.50,1.43
2012.06.01 17:14:49.117,1.58545,1.58586,1.50,1.50
2012.06.01 17:14:49.697,1.58544,1.58586,1.50,1.50
2012.06.01 17:14:50.217,1.58546,1.58588,1.50,1.43
2012.06.01 17:14:53.760,1.58545,1.58586,1.50,1.50
2012.06.01 17:14:54.074,1.58553,1.58588,1.50,1.77
2012.06.01 17:14:54.197,1.58553,1.58588,1.50,1.58
2012.06.01 17:14:54.269,1.58555,1.58592,1.43,1.39
2012.06.01 17:14:54.400,1.58553,1.58592,1.50,1.39
2012.06.01 17:14:54.818,1.58547,1.58589,1.50,1.50
2012.06.01 17:14:59.304,1.58547,1.58588,1.50,1.50
2012.06.01 17:14:59.377,1.58543,1.58587,1.50,1.50
2012.06.01 17:14:59.448,1.58543,1.58585,1.50,1.50
2012.06.01 17:15:00.117,1.58541,1.58583,2.93,1.50
2012.06.01 17:15:00.437,1.58541,1.58583,1.50,2.25
2012.06.01 17:15:00.509,1.58542,1.58583,1.43,3.00
2012.06.01 17:15:00.580,1.58542,1.58583,1.43,2.25
2012.06.01 17:15:00.950,1.58543,1.5858,1.50,2.25
2012.06.01 17:15:01.269,1.58541,1.58583,1.50,2.18
2012.06.01 17:15:01.347,1.58534,1.58574,1.80,2.18
2012.06.01 17:15:01.617,1.5853,1.58574,1.80,3.68
2012.06.01 17:15:02.313,1.5853,1.58574,1.50,3.68
2012.06.01 17:15:03.050,1.5853,1.58574,1.50,3.68
2012.06.01 17:15:03.577,1.58529,1.58571,1.43,2.25
2012.06.01 17:15:03.939,1.58529,1.58568,1.43,1.13
2012.06.01 17:15:04.070,1.58525,1.58566,1.50,2.18
2012.06.01 17:15:05.120,1.58525,1.58566,1.50,2.18
2012.06.01 17:15:05.338,1.58521,1.58565,1.50,2.25
2012.06.01 17:15:07.701,1.58525,1.58565,1.43,1.50
2012.06.01 17:15:07.769,1.58525,1.58561,1.58,1.50
2012.06.01 17:15:07.839,1.58525,1.58563,1.73,1.50
2012.06.01 17:15:07.969,1.58525,1.58565,1.88,1.50
2012.06.01 17:15:08.040,1.58527,1.58569,1.95,2.25
2012.06.01 17:15:08.946,1.58527,1.5857,1.95,2.25
2012.06.01 17:15:10.240,1.58526,1.58566,1.50,1.50
2012.06.01 17:15:10.309,1.58522,1.58566,1.50,1.50
2012.06.01 17:15:10.502,1.5852,1.58562,1.50,1.50
2012.06.01 17:15:10.872,1.58517,1.58558,2.40,1.50
2012.06.01 17:15:11.181,1.58519,1.5856,2.63,1.50
2012.06.01 17:15:11.758,1.58519,1.5856,1.43,1.50
2012.06.01 17:15:12.371,1.58518,1.5856,1.50,1.50
2012.06.01 17:15:12.447,1.58519,1.58556,2.18,1.50
2012.06.01 17:15:12.519,1.58519,1.58558,2.18,1.50
2012.06.01 17:15:13.132,1.58519,1.58561,3.68,1.50
2012.06.01 17:15:13.197,1.58519,1.58563,3.68,1.50
2012.06.01 17:15:13.569,1.58519,1.58559,2.18,1.50
2012.06.01 17:15:13.930,1.58519,1.58559,1.43,1.50
2012.06.01 17:15:14.120,1.58513,1.58555,1.05,1.50
2012.06.01 17:15:14.329,1.58512,1.58555,2.10,1.50
2012.06.01 17:15:14.638,1.58515,1.58557,1.65,3.00
2012.06.01 17:15:15.118,1.58515,1.58557,2.40,1.50
2012.06.01 17:15:15.193,1.58513,1.58554,2.10,1.50
2012.06.01 17:15:18.427,1.58514,1.58554,1.05,1.50
2012.06.01 17:15:18.622,1.58519,1.58558,2.63,1.50
2012.06.01 17:15:18.950,1.58519,1.58558,2.63,1.50
2012.06.01 17:15:19.250,1.58519,1.5856,2.63,1.50
2012.06.01 17:15:19.329,1.58519,1.58562,2.63,1.50
2012.06.01 17:15:19.961,1.58519,1.58562,2.63,1.50
2012.06.01 17:15:20.328,1.58519,1.58562,2.63,1.50
2012.06.01 17:15:23.760,1.5852,1.58562,2.18,1.50
2012.06.01 17:15:23.888,1.58521,1.58564,2.25,1.50
2012.06.01 17:15:23.956,1.58521,1.58564,2.25,1.50
2012.06.01 17:15:24.777,1.58522,1.58564,1.50,1.50
2012.06.01 17:15:24.846,1.58523,1.58567,1.50,1.50
2012.06.01 17:15:26.210,1.58523,1.58567,2.25,1.50
2012.06.01 17:15:26.518,1.58529,1.5857,1.43,1.50
2012.06.01 17:15:26.648,1.58529,1.58573,2.93,1.88
2012.06.01 17:15:27.088,1.58528,1.58568,2.25,2.18
2012.06.01 17:15:27.232,1.58526,1.58567,1.50,1.50
2012.06.01 17:15:27.417,1.58523,1.58565,1.43,1.50
2012.06.01 17:15:27.609,1.58524,1.58568,1.50,1.50
2012.06.01 17:15:27.798,1.58524,1.58566,1.50,1.50
2012.06.01 17:15:28.137,1.58523,1.58564,1.43,1.50
2012.06.01 17:15:28.479,1.58531,1.58564,1.43,1.50
2012.06.01 17:15:28.549,1.58522,1.58566,3.68,3.00
2012.06.01 17:15:28.618,1.58522,1.58563,2.18,1.50
2012.06.01 17:15:28.927,1.58518,1.58559,1.05,1.50
2012.06.01 17:15:29.742,1.58519,1.58559,1.05,1.50
2012.06.01 17:15:29.809,1.58519,1.58559,1.05,1.50
2012.06.01 17:15:30.249,1.58518,1.58556,1.05,1.50
2012.06.01 17:15:30.710,1.58517,1.58556,1.43,1.50
2012.06.01 17:15:31.443,1.58517,1.58553,1.43,1.50
2012.06.01 17:15:31.787,1.58518,1.58553,1.05,1.50
2012.06.01 17:15:31.858,1.58516,1.58553,1.58,1.50
2012.06.01 17:15:32.001,1.58516,1.58556,1.58,1.50
2012.06.01 17:15:32.216,1.58518,1.58559,1.05,1.50
2012.06.01 17:15:32.547,1.58518,1.58556,1.05,1.50
2012.06.01 17:15:32.697,1.58518,1.58559,1.05,1.50
2012.06.01 17:15:32.769,1.58518,1.58557,1.05,1.50
2012.06.01 17:15:32.936,1.58516,1.58557,1.58,1.50
2012.06.01 17:15:33.068,1.58523,1.58561,1.43,1.50
2012.06.01 17:15:33.619,1.58523,1.5856,1.43,1.50
2012.06.01 17:15:33.766,1.58523,1.58563,1.43,3.00
2012.06.01 17:15:34.247,1.58523,1.58565,2.93,1.50
2012.06.01 17:15:34.318,1.58523,1.58562,1.43,1.50
2012.06.01 17:15:34.647,1.5853,1.58568,2.33,1.50
2012.06.01 17:15:37.118,1.5853,1.58565,2.33,1.50
2012.06.01 17:15:37.558,1.5853,1.58568,2.33,1.50
2012.06.01 17:15:37.754,1.5853,1.58571,2.33,1.50
2012.06.01 17:15:38.018,1.5853,1.58572,1.43,1.50
2012.06.01 17:15:38.281,1.5853,1.58567,1.58,1.50
2012.06.01 17:15:38.912,1.58528,1.5857,3.53,1.50
2012.06.01 17:15:38.979,1.58531,1.58572,2.25,1.50
2012.06.01 17:15:39.051,1.58531,1.58574,2.25,1.50
2012.06.01 17:15:39.179,1.58531,1.58574,2.25,1.50
2012.06.01 17:15:39.250,1.58537,1.58578,1.09,1.50
2012.06.01 17:15:39.323,1.58537,1.58578,1.09,1.50
2012.06.01 17:15:39.537,1.58538,1.58581,1.50,1.50
2012.06.01 17:15:40.083,1.58537,1.58577,1.09,1.50
2012.06.01 17:15:40.828,1.58533,1.58577,1.50,1.50
2012.06.01 17:15:41.171,1.58533,1.58577,2.25,1.50
2012.06.01 17:15:41.479,1.58539,1.58579,1.50,1.50
2012.06.01 17:15:41.668,1.58539,1.58582,1.50,1.50
2012.06.01 17:15:42.176,1.58536,1.58578,3.68,1.50
2012.06.01 17:15:44.205,1.58536,1.58578,2.93,1.50
2012.06.01 17:15:44.459,1.58532,1.58576,1.50,1.50
2012.06.01 17:15:45.009,1.58533,1.58575,1.50,1.50
2012.06.01 17:15:45.857,1.58533,1.58575,1.50,2.25
2012.06.01 17:15:46.007,1.58533,1.58575,1.50,1.50
2012.06.01 17:15:46.717,1.58533,1.58575,2.25,1.50
2012.06.01 17:15:47.029,1.58534,1.58575,2.18,1.50
2012.06.01 17:15:47.221,1.58537,1.58578,2.25,1.95
2012.06.01 17:15:47.491,1.58539,1.58575,2.93,1.43
2012.06.01 17:15:47.741,1.58542,1.58581,1.43,3.00
2012.06.01 17:15:48.310,1.58545,1.58583,1.50,1.50
2012.06.01 17:15:48.379,1.58547,1.58586,1.43,1.50
2012.06.01 17:15:48.509,1.58549,1.5859,1.50,3.00
2012.06.01 17:15:48.578,1.58551,1.5859,1.43,1.50
2012.06.01 17:15:49.460,1.58551,1.58588,2.18,1.50
2012.06.01 17:15:49.768,1.58544,1.58585,1.37,1.50
2012.06.01 17:15:49.839,1.58544,1.58583,1.37,1.50
2012.06.01 17:15:50.209,1.58542,1.58582,1.37,1.50
2012.06.01 17:15:50.722,1.58552,1.58592,1.43,1.88
2012.06.01 17:15:50.786,1.58552,1.58589,1.43,1.50
2012.06.01 17:15:51.442,1.58552,1.5859,1.43,1.50
2012.06.01 17:15:51.931,1.58552,1.58593,2.93,1.88
2012.06.01 17:15:52.521,1.58552,1.58591,1.43,1.50
2012.06.01 17:15:52.997,1.58552,1.58591,2.18,1.50
2012.06.01 17:15:53.313,1.58552,1.58591,2.18,1.50
2012.06.01 17:15:53.437,1.58552,1.58591,2.18,1.50
2012.06.01 17:15:53.598,1.58553,1.58595,2.25,1.50
2012.06.01 17:15:53.929,1.58553,1.58595,2.25,1.50
2012.06.01 17:15:54.758,1.58553,1.58595,2.25,1.50
2012.06.01 17:15:59.677,1.58553,1.58595,1.50,1.50
2012.06.01 17:15:59.747,1.58552,1.58592,1.43,1.50
2012.06.01 17:16:00.088,1.58549,1.58589,1.37,1.50
2012.06.01 17:16:00.649,1.58547,1.58589,4.54,1.50
2012.06.01 17:16:00.718,1.58547,1.58589,4.20,1.84
2012.06.01 17:16:03.189,1.58547,1.58586,2.70,1.84
2012.06.01 17:16:04.392,1.58547,1.58575,1.95,1.50
2012.06.01 17:16:04.579,1.58533,1.58575,1.09,1.95
2012.06.01 17:16:04.772,1.58531,1.58572,2.18,2.29
2012.06.01 17:16:04.838,1.58531,1.58566,2.18,1.50
2012.06.01 17:16:05.028,1.58521,1.58559,1.09,1.50
2012.06.01 17:16:05.220,1.5852,1.58554,1.05,1.50
2012.06.01 17:16:05.348,1.58519,1.58556,1.05,1.50
2012.06.01 17:16:05.659,1.58516,1.58556,1.05,1.50
2012.06.01 17:16:05.729,1.58514,1.58556,3.23,2.25
2012.06.01 17:16:06.039,1.58516,1.58551,1.50,1.80
2012.06.01 17:16:06.300,1.58509,1.58549,1.20,1.50
2012.06.01 17:16:06.491,1.58513,1.58549,1.43,1.50
2012.06.01 17:16:06.561,1.58515,1.58551,1.50,1.50
2012.06.01 17:16:07.016,1.58522,1.58551,1.43,1.50
2012.06.01 17:16:07.094,1.58522,1.58557,1.43,1.50
2012.06.01 17:16:07.158,1.58522,1.5856,1.43,1.50
2012.06.01 17:16:07.227,1.58522,1.58564,1.43,2.22
2012.06.01 17:16:07.518,1.58522,1.5856,1.43,1.50
2012.06.01 17:16:08.302,1.58522,1.5856,2.18,1.50
2012.06.01 17:16:08.807,1.58522,1.5856,2.18,1.50
2012.06.01 17:16:09.914,1.58522,1.5856,1.43,1.50
2012.06.01 17:16:11.767,1.58522,1.5856,2.18,1.50
2012.06.01 17:16:12.010,1.58522,1.5856,1.43,1.50
2012.06.01 17:16:12.137,1.58522,1.58557,1.43,1.50
2012.06.01 17:16:12.811,1.58522,1.5856,2.18,1.50
2012.06.01 17:16:13.477,1.58522,1.58559,2.18,1.50
2012.06.01 17:16:13.868,1.58522,1.58563,2.18,1.50
2012.06.01 17:16:14.321,1.58522,1.5856,2.18,1.50
2012.06.01 17:16:17.238,1.58522,1.58562,1.43,3.00
2012.06.01 17:16:18.426,1.58522,1.58559,1.43,1.50
2012.06.01 17:16:19.383,1.58522,1.58561,1.43,1.50
2012.06.01 17:16:19.447,1.58522,1.58563,1.43,1.50
2012.06.01 17:16:19.761,1.58519,1.58563,1.50,1.50
2012.06.01 17:16:19.830,1.58519,1.58561,1.50,1.50
2012.06.01 17:16:20.157,1.58516,1.58559,2.25,3.00
2012.06.01 17:16:20.479,1.58514,1.58548,1.50,1.50
2012.06.01 17:16:20.610,1.58505,1.58547,2.10,1.50
2012.06.01 17:16:20.677,1.58505,1.58547,1.80,1.50
2012.06.01 17:16:20.888,1.58506,1.5855,1.88,1.50
2012.06.01 17:16:22.907,1.58506,1.5855,1.88,2.25
2012.06.01 17:16:22.979,1.58506,1.5855,1.88,1.50
2012.06.01 17:16:23.518,1.58506,1.58547,1.13,1.50
2012.06.01 17:16:23.893,1.58507,1.58551,1.88,1.84
2012.06.01 17:16:24.249,1.58511,1.58551,2.25,1.84
2012.06.01 17:16:24.499,1.58514,1.58556,2.18,1.95
2012.06.01 17:16:26.722,1.58514,1.58556,1.43,1.65
2012.06.01 17:16:27.842,1.58514,1.58556,1.43,1.50
2012.06.01 17:16:28.149,1.58512,1.58555,1.50,1.43
2012.06.01 17:16:28.437,1.58514,1.58555,1.50,1.43
2012.06.01 17:16:28.689,1.58518,1.5856,1.50,1.50
2012.06.01 17:16:30.321,1.58516,1.58558,1.43,1.50
2012.06.01 17:16:30.652,1.58516,1.58549,1.43,1.50
2012.06.01 17:16:31.189,1.58516,1.5855,1.43,1.50
2012.06.01 17:16:33.349,1.58516,1.58558,2.93,1.50
2012.06.01 17:16:33.826,1.5852,1.5856,1.50,1.50
2012.06.01 17:16:33.958,1.58516,1.58559,2.18,1.50
2012.06.01 17:16:34.728,1.58521,1.58559,1.43,1.50
2012.06.01 17:16:35.038,1.58521,1.58561,2.18,1.50
2012.06.01 17:16:35.958,1.58521,1.58562,2.18,1.50
2012.06.01 17:16:36.306,1.58522,1.58564,2.25,1.50
2012.06.01 17:16:36.671,1.58522,1.58566,2.25,1.50
2012.06.01 17:16:37.136,1.58521,1.58562,2.18,1.50
2012.06.01 17:16:37.510,1.58521,1.58562,2.18,1.50
2012.06.01 17:16:40.137,1.58521,1.58562,2.18,1.50
2012.06.01 17:16:41.557,1.58521,1.58562,2.18,1.50
2012.06.01 17:16:41.810,1.58517,1.58556,1.43,1.50
2012.06.01 17:16:42.155,1.58517,1.58553,2.18,1.50
2012.06.01 17:16:42.889,1.58517,1.58556,2.18,1.50
2012.06.01 17:16:43.027,1.58517,1.58556,1.43,1.50
2012.06.01 17:16:43.359,1.58517,1.58556,2.18,1.50
2012.06.01 17:16:43.429,1.58517,1.58556,1.43,1.50
2012.06.01 17:16:44.089,1.58517,1.58553,1.43,1.50
2012.06.01 17:16:45.229,1.58517,1.58556,2.18,1.50
2012.06.01 17:16:46.197,1.5852,1.58557,2.25,1.50
2012.06.01 17:16:46.268,1.58523,1.58564,1.43,1.50
2012.06.01 17:16:46.337,1.58523,1.58559,1.43,1.50
2012.06.01 17:16:47.318,1.58523,1.58556,1.43,1.50
2012.06.01 17:16:47.388,1.58517,1.58556,1.43,1.50
2012.06.01 17:16:50.102,1.58517,1.58555,1.43,1.50
2012.06.01 17:16:50.690,1.58517,1.58556,1.43,1.50
2012.06.01 17:16:50.767,1.58526,1.58562,2.18,1.50
2012.06.01 17:16:50.838,1.58526,1.58564,2.18,1.50
2012.06.01 17:16:51.818,1.58526,1.58563,2.18,1.50
2012.06.01 17:16:58.559,1.58522,1.58563,1.09,1.50
2012.06.01 17:16:59.498,1.58522,1.58563,1.09,1.50
2012.06.01 17:17:00.823,1.58522,1.58563,1.09,1.50
2012.06.01 17:17:00.956,1.58521,1.58563,2.25,1.50
2012.06.01 17:17:01.319,1.58516,1.58557,1.05,1.50
2012.06.01 17:17:02.122,1.58516,1.58557,1.05,1.50
2012.06.01 17:17:02.833,1.58516,1.58556,1.05,1.50
2012.06.01 17:17:02.911,1.58516,1.58554,2.48,1.50
2012.06.01 17:17:03.449,1.58516,1.58558,3.23,2.25
2012.06.01 17:17:03.718,1.58516,1.58558,3.23,2.25
2012.06.01 17:17:04.044,1.58516,1.58546,1.50,1.43
2012.06.01 17:17:04.110,1.58511,1.58544,1.50,1.50
2012.06.01 17:17:04.299,1.58511,1.58548,1.05,1.50
2012.06.01 17:17:04.368,1.58508,1.58548,2.18,1.50
2012.06.01 17:17:05.051,1.58508,1.58547,2.18,1.50
2012.06.01 17:17:05.119,1.58508,1.58545,2.18,1.50
2012.06.01 17:17:08.918,1.58508,1.58545,1.43,1.50
2012.06.01 17:17:09.052,1.58501,1.58545,3.68,1.50
2012.06.01 17:17:09.120,1.58501,1.58539,2.18,1.50
2012.06.01 17:17:09.699,1.58501,1.58539,1.43,1.50
2012.06.01 17:17:10.277,1.58501,1.58539,2.18,1.50
2012.06.01 17:17:10.346,1.58501,1.58542,3.68,1.50
2012.06.01 17:17:10.538,1.58501,1.5854,2.18,1.50
2012.06.01 17:17:11.207,1.58501,1.58538,2.18,1.50
2012.06.01 17:17:11.850,1.58501,1.58541,2.18,1.50
2012.06.01 17:17:12.410,1.58501,1.58541,1.43,1.50
2012.06.01 17:17:12.477,1.58501,1.58539,1.43,1.50
2012.06.01 17:17:13.044,1.58501,1.58541,1.43,1.50
2012.06.01 17:17:13.170,1.58501,1.58543,1.43,2.25
2012.06.01 17:17:13.296,1.58501,1.5854,1.43,1.50
2012.06.01 17:17:13.797,1.58495,1.58533,1.80,1.50
2012.06.01 17:17:13.870,1.58492,1.58533,1.43,1.50
2012.06.01 17:17:14.208,1.58493,1.58537,1.50,1.50
2012.06.01 17:17:14.618,1.585,1.58537,1.43,1.50
2012.06.01 17:17:17.996,1.585,1.58538,1.43,1.50
2012.06.01 17:17:18.067,1.585,1.5854,1.43,1.50
2012.06.01 17:17:18.937,1.585,1.5854,2.18,1.50
2012.06.01 17:17:19.798,1.585,1.5854,1.43,1.50
2012.06.01 17:17:21.320,1.585,1.58543,2.93,1.50
2012.06.01 17:17:21.909,1.585,1.58543,5.18,1.50
2012.06.01 17:17:21.980,1.58502,1.58546,2.40,1.50
2012.06.01 17:17:22.402,1.58508,1.58545,1.43,1.50
2012.06.01 17:17:22.657,1.58499,1.5854,3.53,1.50
2012.06.01 17:17:23.187,1.58499,1.5854,2.03,1.50
2012.06.01 17:17:23.857,1.58495,1.58537,1.80,1.50
2012.06.01 17:17:24.187,1.58492,1.58534,3.68,1.50
2012.06.01 17:17:25.180,1.58495,1.58534,1.50,1.50
2012.06.01 17:17:25.251,1.58498,1.58539,1.43,1.50
2012.06.01 17:17:25.319,1.58498,1.58537,1.43,1.50
2012.06.01 17:17:25.509,1.58498,1.58539,2.93,1.50
2012.06.01 17:17:25.577,1.585,1.58542,2.25,1.50
2012.06.01 17:17:26.095,1.58498,1.58539,2.93,1.50
2012.06.01 17:17:26.176,1.58498,1.58541,2.18,1.50
2012.06.01 17:17:26.440,1.58498,1.58541,1.43,1.50
2012.06.01 17:17:26.511,1.58507,1.58541,1.43,1.50
2012.06.01 17:17:27.029,1.58507,1.58548,1.43,1.50
2012.06.01 17:17:27.278,1.58508,1.5855,1.65,3.00
2012.06.01 17:17:28.197,1.58506,1.58548,2.10,1.50
2012.06.01 17:17:29.952,1.58506,1.58547,2.10,1.50
2012.06.01 17:17:30.506,1.58506,1.58546,2.10,1.50
2012.06.01 17:17:30.640,1.58506,1.58548,3.60,1.50
2012.06.01 17:17:30.831,1.58509,1.58551,1.50,1.50
2012.06.01 17:17:30.959,1.58509,1.58551,1.50,2.25
2012.06.01 17:17:31.278,1.58511,1.58553,1.50,2.18
2012.06.01 17:17:31.467,1.58509,1.58552,1.50,2.25
2012.06.01 17:17:32.046,1.58506,1.5855,3.60,2.25
2012.06.01 17:17:32.182,1.58506,1.5855,3.60,1.50
2012.06.01 17:17:32.960,1.58514,1.5855,1.43,1.50
2012.06.01 17:17:33.278,1.58514,1.58552,1.43,1.50
2012.06.01 17:17:34.918,1.58514,1.58552,2.18,1.50
2012.06.01 17:17:34.986,1.58514,1.58552,1.43,1.50
2012.06.01 17:17:35.117,1.58514,1.58553,2.18,1.50
2012.06.01 17:17:35.214,1.58514,1.58553,1.43,1.50
2012.06.01 17:17:35.414,1.58514,1.58556,2.93,3.00
2012.06.01 17:17:35.687,1.58514,1.58556,3.68,1.50
2012.06.01 17:17:36.130,1.58513,1.58554,1.14,1.50
2012.06.01 17:17:36.231,1.58513,1.58554,1.14,1.50
2012.06.01 17:17:36.935,1.58511,1.58554,2.18,1.50
2012.06.01 17:17:39.039,1.58511,1.58549,2.18,1.50
2012.06.01 17:17:39.166,1.58507,1.58549,2.93,1.50
2012.06.01 17:17:39.389,1.58509,1.58552,1.50,1.43
2012.06.01 17:17:39.808,1.58511,1.58552,1.50,1.43
2012.06.01 17:17:40.371,1.58513,1.58552,1.50,1.43
2012.06.01 17:17:40.618,1.5851,1.58552,1.95,2.93
2012.06.01 17:17:40.687,1.58514,1.58552,1.43,1.50
2012.06.01 17:17:43.423,1.58514,1.58552,2.18,1.50
2012.06.01 17:17:43.549,1.58514,1.58552,1.43,1.50
2012.06.01 17:17:48.121,1.58514,1.58555,1.43,3.38
2012.06.01 17:17:48.311,1.58514,1.58553,1.43,1.50
2012.06.01 17:17:48.689,1.58514,1.5855,1.43,1.50
2012.06.01 17:17:48.818,1.5851,1.58552,1.50,1.50
2012.06.01 17:17:49.068,1.5851,1.5855,1.50,1.50
2012.06.01 17:17:49.378,1.58514,1.5855,2.03,1.50
2012.06.01 17:17:49.686,1.58511,1.58547,1.35,1.50
2012.06.01 17:17:50.048,1.58508,1.58549,2.10,1.50
2012.06.01 17:17:51.729,1.58514,1.58549,1.05,1.50
2012.06.01 17:17:52.038,1.5851,1.58548,2.18,1.50
2012.06.01 17:17:52.168,1.58512,1.58548,2.18,1.50
2012.06.01 17:17:52.270,1.58512,1.58548,1.43,1.50
2012.06.01 17:17:52.341,1.58512,1.5855,2.18,1.50
2012.06.01 17:17:52.412,1.58515,1.58553,2.25,1.50
2012.06.01 17:17:52.538,1.58515,1.58559,1.50,2.93
2012.06.01 17:17:53.129,1.58514,1.58555,3.00,1.50
2012.06.01 17:17:54.219,1.58515,1.58557,1.50,1.50
2012.06.01 17:17:54.287,1.58515,1.58559,1.50,3.68
2012.06.01 17:17:54.801,1.58515,1.58554,2.25,1.50
2012.06.01 17:17:55.419,1.58512,1.5855,2.18,1.50
2012.06.01 17:17:55.490,1.58512,1.58553,1.43,1.50
2012.06.01 17:17:55.800,1.58512,1.58549,1.43,1.50
2012.06.01 17:17:56.338,1.58512,1.58552,1.43,1.50
2012.06.01 17:17:56.473,1.58512,1.58547,1.43,1.50
2012.06.01 17:17:56.990,1.58512,1.58549,1.43,3.00
2012.06.01 17:17:57.122,1.58512,1.58551,1.43,1.50
2012.06.01 17:17:57.191,1.58512,1.58553,2.18,1.50
2012.06.01 17:17:57.318,1.58512,1.58553,2.18,1.50
2012.06.01 17:17:58.065,1.58512,1.58553,2.18,1.50
2012.06.01 17:17:59.157,1.58512,1.58551,1.43,1.50
2012.06.01 17:17:59.918,1.5851,1.58551,1.43,1.50
2012.06.01 17:17:59.995,1.5851,1.58549,2.18,1.50
2012.06.01 17:18:00.500,1.5851,1.58551,2.18,3.00
2012.06.01 17:18:00.747,1.58512,1.58553,2.25,1.50
2012.06.01 17:18:01.489,1.58512,1.58554,2.25,1.50
2012.06.01 17:18:03.681,1.58509,1.58551,3.75,1.50
2012.06.01 17:18:03.989,1.58507,1.58548,2.33,1.50
2012.06.01 17:18:04.772,1.58512,1.58551,1.43,1.50
2012.06.01 17:18:04.959,1.58512,1.58556,2.93,1.50
2012.06.01 17:18:05.031,1.58512,1.58552,2.18,1.50
2012.06.01 17:18:05.421,1.58512,1.58552,2.18,1.50
2012.06.01 17:18:05.488,1.58513,1.58555,2.25,1.50
2012.06.01 17:18:07.137,1.58512,1.58551,2.18,1.50
2012.06.01 17:18:07.448,1.58506,1.58546,1.05,1.50
2012.06.01 17:18:07.518,1.58505,1.58546,2.10,1.50
2012.06.01 17:18:07.591,1.58508,1.5855,1.50,3.68
2012.06.01 17:18:07.660,1.58505,1.58547,3.30,1.50
2012.06.01 17:18:07.731,1.58505,1.58547,2.55,1.50
2012.06.01 17:18:07.857,1.58507,1.58549,1.50,1.50
2012.06.01 17:18:07.928,1.5851,1.58549,2.18,1.50
2012.06.01 17:18:08.012,1.5851,1.58549,1.43,1.50
2012.06.01 17:18:08.081,1.5851,1.58552,2.93,1.50
2012.06.01 17:18:08.231,1.5851,1.58552,2.93,1.84
2012.06.01 17:18:08.549,1.58497,1.58536,2.79,1.43
2012.06.01 17:18:08.829,1.58497,1.58536,2.10,1.43
2012.06.01 17:18:08.901,1.58499,1.58539,2.03,1.88
2012.06.01 17:18:09.212,1.58499,1.5854,1.73,1.88
2012.06.01 17:18:11.852,1.58501,1.5854,1.05,1.88
2012.06.01 17:18:12.978,1.58499,1.58538,2.03,1.50
2012.06.01 17:18:13.868,1.58499,1.5854,2.03,1.88
2012.06.01 17:18:15.307,1.58499,1.5854,1.43,1.88
2012.06.01 17:18:15.470,1.58499,1.58536,1.43,1.50
2012.06.01 17:18:15.598,1.58494,1.58536,1.50,1.50
2012.06.01 17:18:15.806,1.58492,1.58533,1.09,1.50
2012.06.01 17:18:16.935,1.58493,1.58535,1.50,1.50
2012.06.01 17:18:17.007,1.58493,1.58537,1.50,2.93
2012.06.01 17:18:18.565,1.58492,1.58534,1.09,1.50
2012.06.01 17:18:18.879,1.58496,1.58537,2.25,1.43
2012.06.01 17:18:19.480,1.58498,1.58538,1.43,1.50
2012.06.01 17:18:22.896,1.58496,1.58538,2.25,1.50
2012.06.01 17:18:26.016,1.58496,1.58537,2.25,1.50
2012.06.01 17:18:26.749,1.58493,1.58536,2.33,1.50
2012.06.01 17:18:26.839,1.58493,1.58534,2.33,1.50
2012.06.01 17:18:26.967,1.58493,1.58536,2.33,1.50
2012.06.01 17:18:27.098,1.58496,1.58538,2.25,1.50
2012.06.01 17:18:28.142,1.58496,1.58538,1.50,1.50
2012.06.01 17:18:30.318,1.58493,1.58534,2.93,1.50
2012.06.01 17:18:30.386,1.58494,1.58538,1.50,1.50
2012.06.01 17:18:31.470,1.58493,1.58534,2.93,1.50
2012.06.01 17:18:31.819,1.58489,1.58531,2.12,2.93
2012.06.01 17:18:31.890,1.58489,1.58531,1.50,2.93
2012.06.01 17:18:32.269,1.58491,1.58531,1.50,1.43
2012.06.01 17:18:33.087,1.58491,1.58535,1.50,1.50
2012.06.01 17:18:35.012,1.5849,1.58529,2.18,1.50
2012.06.01 17:18:35.079,1.58487,1.58528,2.25,1.43
2012.06.01 17:18:35.151,1.58484,1.58522,1.80,1.50
2012.06.01 17:18:35.342,1.58482,1.58524,1.50,2.93
2012.06.01 17:18:36.379,1.58482,1.58524,2.25,2.93
2012.06.01 17:18:36.749,1.58482,1.58524,2.25,2.93
2012.06.01 17:18:37.430,1.58482,1.58524,1.50,3.27
2012.06.01 17:18:37.739,1.58479,1.58514,2.03,1.47
2012.06.01 17:18:37.811,1.58479,1.58514,1.58,1.62
2012.06.01 17:18:37.939,1.58474,1.58503,1.65,1.43
2012.06.01 17:18:38.071,1.58474,1.58503,1.50,1.43
2012.06.01 17:18:38.199,1.58472,1.58503,1.50,1.43
2012.06.01 17:18:38.271,1.5847,1.58512,1.50,1.80
2012.06.01 17:18:38.628,1.58474,1.58512,1.50,2.14
2012.06.01 17:18:38.955,1.58468,1.58511,1.50,2.22
2012.06.01 17:18:39.038,1.5847,1.58503,1.50,1.43
2012.06.01 17:18:39.409,1.58469,1.58503,1.50,2.18
2012.06.01 17:18:39.480,1.58465,1.585,1.50,1.09
2012.06.01 17:18:39.612,1.58464,1.58496,1.50,1.43
2012.06.01 17:18:40.159,1.58463,1.58496,1.50,1.43
2012.06.01 17:18:40.227,1.58458,1.58496,1.50,1.43
2012.06.01 17:18:40.358,1.58462,1.58496,1.50,1.43
2012.06.01 17:18:40.814,1.58459,1.58496,1.50,1.43
2012.06.01 17:18:42.200,1.58462,1.58495,1.50,2.18
2012.06.01 17:18:42.838,1.5846,1.58495,1.50,2.18
2012.06.01 17:18:43.169,1.58463,1.58495,1.50,2.18
2012.06.01 17:18:43.238,1.58463,1.58495,1.50,1.43
2012.06.01 17:18:43.527,1.58466,1.58495,1.50,1.43
2012.06.01 17:18:43.615,1.58466,1.58503,1.50,2.10
2012.06.01 17:18:44.159,1.5847,1.58503,1.50,2.18
2012.06.01 17:18:46.226,1.58466,1.58503,1.50,2.18
2012.06.01 17:18:46.937,1.58469,1.58503,1.50,2.18
2012.06.01 17:18:47.188,1.58469,1.58503,1.50,1.43
2012.06.01 17:18:47.322,1.5847,1.58509,1.50,1.43
2012.06.01 17:18:53.838,1.58468,1.58509,1.50,2.93
2012.06.01 17:18:54.418,1.58467,1.58509,2.25,2.93
2012.06.01 17:18:54.938,1.58474,1.58509,1.50,1.43
2012.06.01 17:18:55.008,1.58471,1.58509,2.25,1.43
2012.06.01 17:18:55.077,1.58471,1.58514,2.18,1.88
2012.06.01 17:18:55.267,1.58475,1.58515,1.50,1.88
2012.06.01 17:18:55.826,1.58475,1.58516,2.25,1.80
2012.06.01 17:18:56.137,1.58479,1.58516,1.50,1.80
2012.06.01 17:18:56.477,1.58476,1.58516,1.50,1.80
2012.06.01 17:18:57.419,1.58477,1.58516,1.09,1.80
2012.06.01 17:18:57.849,1.58477,1.58516,1.39,1.43
2012.06.01 17:18:57.929,1.58477,1.58517,1.84,1.43
2012.06.01 17:18:58.001,1.58477,1.58517,2.14,1.43
2012.06.01 17:18:58.074,1.58479,1.58519,1.73,1.50
2012.06.01 17:18:58.258,1.58479,1.58519,1.43,1.50
2012.06.01 17:18:58.329,1.58477,1.58517,2.14,1.43
2012.06.01 17:18:58.878,1.58476,1.58517,2.59,1.43
2012.06.01 17:18:59.010,1.5848,1.58522,2.93,3.00
2012.06.01 17:18:59.081,1.58482,1.58525,1.50,1.43
2012.06.01 17:18:59.560,1.58486,1.58525,1.50,1.43
2012.06.01 17:18:59.867,1.58491,1.58525,1.84,1.43
2012.06.01 17:18:59.939,1.58491,1.58532,1.84,1.88
2012.06.01 17:19:00.069,1.58488,1.58525,1.80,2.93
2012.06.01 17:19:02.617,1.58481,1.58523,3.60,1.50
2012.06.01 17:19:02.958,1.5848,1.58521,2.34,2.25
2012.06.01 17:19:03.219,1.58475,1.58516,1.84,2.93
2012.06.01 17:19:04.087,1.58477,1.58516,1.50,1.43
2012.06.01 17:19:04.217,1.58476,1.58516,1.50,2.18
2012.06.01 17:19:05.417,1.58476,1.58516,1.50,1.43
2012.06.01 17:19:05.799,1.58472,1.58515,1.24,1.50
2012.06.01 17:19:06.358,1.58474,1.58515,1.50,2.25
2012.06.01 17:19:06.488,1.58471,1.5851,2.44,1.50
2012.06.01 17:19:06.958,1.58471,1.58509,2.44,2.25
2012.06.01 17:19:07.342,1.58471,1.58513,2.44,2.25
2012.06.01 17:19:08.664,1.58472,1.58516,1.99,3.68
2012.06.01 17:19:09.796,1.58472,1.58516,1.99,3.68
2012.06.01 17:19:12.320,1.58474,1.58516,1.50,3.68
2012.06.01 17:19:12.388,1.58476,1.58516,1.50,2.18
2012.06.01 17:19:16.971,1.58474,1.58515,1.50,2.25
2012.06.01 17:19:17.494,1.58471,1.58515,3.79,2.25
2012.06.01 17:19:18.224,1.58475,1.58516,1.50,3.68
2012.06.01 17:19:19.262,1.58475,1.58516,1.50,2.18
2012.06.01 17:19:19.330,1.58472,1.58513,1.84,1.50
2012.06.01 17:19:19.960,1.58471,1.58514,3.79,2.25
2012.06.01 17:19:20.584,1.58474,1.58515,1.50,2.25
2012.06.01 17:19:21.039,1.58471,1.58512,1.95,1.50
2012.06.01 17:19:21.576,1.58471,1.58512,2.10,1.50
2012.06.01 17:19:22.245,1.58473,1.58515,1.50,2.25
2012.06.01 17:19:22.914,1.58471,1.58512,2.10,1.50
2012.06.01 17:19:23.932,1.58471,1.58512,2.85,1.50
2012.06.01 17:19:24.130,1.58479,1.58516,1.50,1.43
2012.06.01 17:19:24.260,1.58487,1.58516,1.50,1.43
2012.06.01 17:19:24.332,1.58487,1.58524,1.50,1.39
2012.06.01 17:19:24.403,1.58484,1.58522,1.50,2.44
2012.06.01 17:19:24.709,1.58479,1.58519,1.09,1.50
2012.06.01 17:19:24.838,1.58482,1.58519,2.48,1.50
2012.06.01 17:19:25.041,1.58483,1.58521,1.80,1.50
2012.06.01 17:19:25.181,1.58483,1.58525,1.80,1.50
2012.06.01 17:19:25.449,1.58483,1.58524,2.10,1.50
2012.06.01 17:19:26.002,1.58482,1.58523,2.78,1.50
2012.06.01 17:19:27.459,1.58486,1.58529,1.65,2.18
2012.06.01 17:19:27.968,1.58489,1.58529,1.50,2.18
2012.06.01 17:19:28.518,1.58486,1.58529,1.50,2.18
2012.06.01 17:19:38.871,1.58489,1.58529,1.50,2.18
2012.06.01 17:19:39.179,1.58494,1.58536,1.50,2.18
2012.06.01 17:19:39.710,1.58493,1.58535,1.65,1.88
2012.06.01 17:19:40.021,1.58497,1.58533,1.50,1.13
2012.06.01 17:19:40.089,1.58494,1.58533,1.50,1.13
2012.06.01 17:19:40.158,1.58494,1.58531,1.50,1.13
2012.06.01 17:19:40.229,1.58495,1.58533,1.50,1.13
2012.06.01 17:19:40.297,1.58498,1.58533,1.50,1.13
2012.06.01 17:19:40.718,1.585,1.58536,1.50,2.18
2012.06.01 17:19:40.970,1.585,1.58536,1.50,1.43
2012.06.01 17:19:41.100,1.585,1.58542,1.50,1.50
2012.06.01 17:19:41.230,1.58502,1.58542,1.50,1.50
2012.06.01 17:19:41.877,1.58504,1.58544,1.50,1.43
2012.06.01 17:19:42.194,1.58508,1.5855,1.95,1.88
2012.06.01 17:19:42.522,1.58508,1.58545,1.80,1.43
2012.06.01 17:19:42.829,1.58505,1.58545,1.50,2.18
2012.06.01 17:19:43.090,1.58501,1.58545,2.87,2.93
2012.06.01 17:19:46.089,1.58502,1.58545,1.37,2.93
2012.06.01 17:19:46.398,1.58502,1.58537,1.37,1.50
2012.06.01 17:19:46.924,1.58498,1.58537,2.53,1.50
2012.06.01 17:19:47.048,1.58498,1.5854,2.53,1.50
2012.06.01 17:19:47.882,1.58498,1.58539,2.53,1.50
2012.06.01 17:19:47.955,1.58498,1.58533,2.53,1.50
2012.06.01 17:19:48.379,1.585,1.58547,2.12,1.43
2012.06.01 17:19:48.569,1.58499,1.58546,1.29,1.50
2012.06.01 17:19:49.083,1.58506,1.58546,2.03,1.50
2012.06.01 17:19:49.269,1.58506,1.58546,1.43,1.50
2012.06.01 17:19:49.469,1.58497,1.58546,2.27,1.50
2012.06.01 17:19:49.539,1.58496,1.58544,1.52,1.50
2012.06.01 17:19:50.063,1.58496,1.58545,1.52,1.50
2012.06.01 17:19:50.450,1.58494,1.58545,3.98,1.50
2012.06.01 17:19:50.519,1.58498,1.5854,1.50,1.50
2012.06.01 17:19:50.871,1.58492,1.58534,2.70,1.50
2012.06.01 17:19:51.063,1.58499,1.58539,1.43,1.50
2012.06.01 17:19:51.568,1.585,1.58542,1.84,1.88
2012.06.01 17:19:56.931,1.585,1.58543,1.09,1.88
2012.06.01 17:19:57.232,1.585,1.58537,1.09,1.50
2012.06.01 17:19:57.363,1.58513,1.58548,2.18,1.50
2012.06.01 17:19:57.431,1.58513,1.5855,2.18,1.50
2012.06.01 17:19:57.563,1.58514,1.58551,1.73,3.00
2012.06.01 17:19:57.632,1.58514,1.58548,2.03,1.50
2012.06.01 17:19:58.644,1.58502,1.58535,1.37,1.50
2012.06.01 17:19:58.771,1.58502,1.58538,1.37,1.50
2012.06.01 17:19:58.838,1.58502,1.58538,1.05,1.50
2012.06.01 17:19:58.998,1.58505,1.58538,1.43,1.50
2012.06.01 17:19:59.761,1.58505,1.58541,1.43,1.50
2012.06.01 17:20:00.546,1.58505,1.58542,1.43,1.50
2012.06.01 17:20:01.743,1.58505,1.58534,1.43,1.50
2012.06.01 17:20:01.966,1.58494,1.58534,1.25,1.50
2012.06.01 17:20:02.036,1.58494,1.5853,1.25,1.50
2012.06.01 17:20:02.483,1.58493,1.58533,1.10,1.50
2012.06.01 17:20:02.792,1.58494,1.58533,1.10,1.50
2012.06.01 17:20:03.262,1.58492,1.58533,2.25,1.50
2012.06.01 17:20:04.391,1.58492,1.58533,2.25,1.50
2012.06.01 17:20:04.861,1.58493,1.58537,1.95,2.93
2012.06.01 17:20:04.931,1.58492,1.58534,2.25,1.50
2012.06.01 17:20:05.064,1.58494,1.58537,1.65,1.43
2012.06.01 17:20:05.131,1.58494,1.58538,3.98,1.50
2012.06.01 17:20:05.463,1.58494,1.58534,2.33,1.50
2012.06.01 17:20:05.531,1.58494,1.58534,1.58,1.50
2012.06.01 17:20:07.204,1.58496,1.58534,1.43,2.63
2012.06.01 17:20:07.703,1.58491,1.58535,3.75,2.25
2012.06.01 17:20:08.052,1.58491,1.58533,1.95,2.18
2012.06.01 17:20:10.400,1.58492,1.58533,1.95,3.68
2012.06.01 17:20:16.648,1.58489,1.58526,2.10,1.50
2012.06.01 17:20:16.780,1.58485,1.58526,1.43,2.25
2012.06.01 17:20:16.968,1.58484,1.58526,2.12,2.93
2012.06.01 17:20:17.040,1.58486,1.58526,1.50,1.43
2012.06.01 17:20:17.170,1.58492,1.58534,1.43,2.25
2012.06.01 17:20:17.540,1.58496,1.58532,1.43,1.50
2012.06.01 17:20:17.609,1.58496,1.58534,1.43,1.50
2012.06.01 17:20:18.800,1.58488,1.5853,2.48,1.50
2012.06.01 17:20:19.356,1.58487,1.58531,2.48,1.50
2012.06.01 17:20:20.501,1.58487,1.58531,3.23,1.50
2012.06.01 17:20:20.931,1.58496,1.58533,1.43,3.00
2012.06.01 17:20:21.932,1.58496,1.58527,1.43,1.50
2012.06.01 17:20:22.004,1.58488,1.5853,2.10,2.25
2012.06.01 17:20:22.069,1.58487,1.58526,1.80,1.43
2012.06.01 17:20:22.758,1.58487,1.58526,1.65,1.43
2012.06.01 17:20:23.289,1.58487,1.58526,1.65,1.43
2012.06.01 17:20:26.531,1.58487,1.58526,1.50,1.43
2012.06.01 17:20:27.528,1.58485,1.58526,1.50,1.43
2012.06.01 17:20:31.250,1.58485,1.58526,1.50,2.18
2012.06.01 17:20:31.893,1.58485,1.58526,1.50,2.18
2012.06.01 17:20:32.441,1.58486,1.58526,1.50,2.18
2012.06.01 17:20:32.574,1.58481,1.58521,1.50,2.18
2012.06.01 17:20:32.762,1.58474,1.58516,2.10,1.50
2012.06.01 17:20:33.070,1.5848,1.58522,1.50,1.88
2012.06.01 17:20:33.142,1.58478,1.5852,1.50,1.88
2012.06.01 17:20:33.270,1.5848,1.58522,1.50,1.88
2012.06.01 17:20:34.220,1.58479,1.5852,1.50,1.88
2012.06.01 17:20:34.820,1.58478,1.58519,1.50,1.13
2012.06.01 17:20:35.684,1.58478,1.58519,1.65,1.13
2012.06.01 17:20:35.810,1.58481,1.58524,1.35,2.93
2012.06.01 17:20:36.521,1.58485,1.58524,1.58,1.50
2012.06.01 17:20:37.205,1.58485,1.58524,1.73,1.50
2012.06.01 17:20:38.678,1.58491,1.58526,1.50,1.50
2012.06.01 17:20:38.811,1.58491,1.58532,1.50,2.18
2012.06.01 17:20:39.119,1.58491,1.5853,1.50,1.50
2012.06.01 17:20:39.193,1.58491,1.5853,1.50,2.25
2012.06.01 17:20:39.743,1.58488,1.58529,1.50,2.18
2012.06.01 17:20:39.810,1.58485,1.58527,3.15,1.50
2012.06.01 17:20:39.952,1.58489,1.58529,1.50,3.68
2012.06.01 17:20:40.263,1.58483,1.58523,1.99,1.50
2012.06.01 17:20:40.570,1.58486,1.58527,2.63,1.50
2012.06.01 17:20:40.639,1.58486,1.58529,4.13,1.50
2012.06.01 17:20:41.265,1.58486,1.5853,3.38,1.50
2012.06.01 17:20:41.333,1.58486,1.58527,1.88,1.50
2012.06.01 17:20:41.773,1.58488,1.58529,1.80,1.50
2012.06.01 17:20:41.842,1.58488,1.58532,1.80,2.93
2012.06.01 17:20:41.910,1.58487,1.58529,1.20,1.50
2012.06.01 17:20:42.479,1.58488,1.58532,1.80,2.93
2012.06.01 17:20:42.564,1.58486,1.58529,1.88,1.50
2012.06.01 17:20:43.083,1.58489,1.5853,1.65,1.50
2012.06.01 17:20:43.414,1.58486,1.58528,3.38,1.50
2012.06.01 17:20:45.799,1.58489,1.58531,1.80,1.50
2012.06.01 17:20:47.705,1.58489,1.5853,1.80,1.50
2012.06.01 17:20:47.769,1.58487,1.58529,1.88,2.25
2012.06.01 17:20:48.421,1.58487,1.58529,1.88,1.50
2012.06.01 17:20:48.879,1.58487,1.58529,2.03,1.50
2012.06.01 17:20:49.250,1.5849,1.58532,1.65,1.50
2012.06.01 17:20:51.391,1.5849,1.58532,2.40,1.50
2012.06.01 17:20:52.214,1.5849,1.58532,1.65,1.50
2012.06.01 17:20:53.219,1.5849,1.58531,1.65,1.50
2012.06.01 17:20:53.348,1.58489,1.58529,1.73,1.50
2012.06.01 17:20:59.759,1.58489,1.58529,1.73,1.50
2012.06.01 17:21:00.351,1.58489,1.58531,3.53,1.50
2012.06.01 17:21:00.419,1.58489,1.58533,3.23,1.50
2012.06.01 17:21:00.751,1.5849,1.58533,1.88,1.50
2012.06.01 17:21:00.999,1.58496,1.58535,1.43,1.50
2012.06.01 17:21:01.520,1.58496,1.58532,1.43,1.50
2012.06.01 17:21:01.643,1.5849,1.58532,1.95,1.50
2012.06.01 17:21:01.773,1.58488,1.58525,2.25,1.50
2012.06.01 17:21:01.839,1.58488,1.58525,1.95,1.50
2012.06.01 17:21:01.981,1.58488,1.58519,1.80,1.50
2012.06.01 17:21:02.113,1.58484,1.58522,1.05,1.50
2012.06.01 17:21:02.240,1.58484,1.58518,1.05,1.50
2012.06.01 17:21:02.784,1.58479,1.58518,2.34,1.50
2012.06.01 17:21:03.632,1.58479,1.58518,2.34,1.50
2012.06.01 17:21:03.945,1.58479,1.58514,2.03,1.50
2012.06.01 17:21:04.145,1.58479,1.58514,2.03,1.50
2012.06.01 17:21:08.661,1.58479,1.58518,2.03,1.50
2012.06.01 17:21:08.889,1.58481,1.58522,1.50,1.50
2012.06.01 17:21:09.242,1.58479,1.58521,1.88,1.50
2012.06.01 17:21:10.248,1.58479,1.58516,1.88,1.50
2012.06.01 17:21:11.059,1.58479,1.5852,1.88,1.50
2012.06.01 17:21:11.130,1.58481,1.58522,1.50,1.50
2012.06.01 17:21:11.665,1.58479,1.58519,1.58,1.50
2012.06.01 17:21:12.010,1.58479,1.58517,1.58,1.50
2012.06.01 17:21:12.630,1.58479,1.58517,1.73,1.50
2012.06.01 17:21:13.681,1.58479,1.5852,1.73,1.50
2012.06.01 17:21:13.753,1.58479,1.58521,2.48,1.50
2012.06.01 17:21:14.069,1.58488,1.58521,1.43,1.50
2012.06.01 17:21:14.540,1.58485,1.58524,1.43,1.50
2012.06.01 17:21:14.608,1.58485,1.58527,3.68,1.50
2012.06.01 17:21:14.682,1.58489,1.58529,2.18,1.50
2012.06.01 17:21:14.755,1.58489,1.58533,3.68,1.50
2012.06.01 17:21:15.062,1.58491,1.58531,1.05,1.50
2012.06.01 17:21:15.599,1.58491,1.58535,2.40,1.50
2012.06.01 17:21:16.182,1.58496,1.58537,1.50,1.50
2012.06.01 17:21:16.257,1.58496,1.5854,2.25,3.30
2012.06.01 17:21:16.510,1.58496,1.5854,3.00,2.93
2012.06.01 17:21:17.239,1.58498,1.5854,1.43,1.73
2012.06.01 17:21:17.749,1.58494,1.58536,1.80,1.50
2012.06.01 17:21:18.809,1.58494,1.58536,2.10,1.50
2012.06.01 17:21:19.484,1.58494,1.58536,2.10,1.50
2012.06.01 17:21:20.501,1.585,1.58538,1.50,1.73
2012.06.01 17:21:20.571,1.585,1.58542,1.50,1.50
2012.06.01 17:21:23.219,1.58497,1.5854,3.08,1.50
2012.06.01 17:21:25.333,1.58497,1.58533,1.58,1.50
2012.06.01 17:21:25.853,1.58496,1.58533,1.73,1.50
2012.06.01 17:21:26.549,1.58496,1.58533,1.73,1.50
2012.06.01 17:21:27.472,1.58496,1.58538,1.73,1.50
2012.06.01 17:21:27.662,1.58496,1.58537,1.73,1.13
2012.06.01 17:21:28.031,1.58492,1.58535,2.10,1.50
2012.06.01 17:21:30.880,1.58497,1.58536,1.58,1.50
2012.06.01 17:21:31.442,1.58497,1.58533,1.58,1.50
2012.06.01 17:21:34.058,1.58497,1.58536,1.58,1.50
2012.06.01 17:21:34.188,1.58497,1.58533,1.58,1.50
2012.06.01 17:21:34.502,1.58497,1.58533,1.58,2.25
2012.06.01 17:21:34.812,1.58485,1.58517,1.50,1.43
2012.06.01 17:21:35.001,1.58485,1.58515,1.50,1.43
2012.06.01 17:21:35.251,1.5848,1.58524,3.00,4.05
2012.06.01 17:21:35.382,1.5848,1.5852,1.50,1.13
2012.06.01 17:21:35.451,1.58474,1.58515,1.50,1.43
2012.06.01 17:21:35.545,1.58472,1.58514,3.00,1.50
2012.06.01 17:21:36.491,1.5847,1.58511,1.80,1.50
2012.06.01 17:21:36.572,1.58472,1.58513,1.50,1.50
2012.06.01 17:21:36.702,1.58476,1.58513,1.43,1.50
2012.06.01 17:21:36.774,1.58476,1.58518,3.68,1.80
2012.06.01 17:21:36.842,1.58476,1.5852,3.68,1.80
2012.06.01 17:21:37.182,1.58486,1.58523,1.43,2.18
2012.06.01 17:21:37.312,1.58479,1.58523,1.80,4.35
2012.06.01 17:21:37.382,1.58479,1.58523,1.80,4.28
2012.06.01 17:21:37.509,1.58479,1.58523,2.48,3.90
2012.06.01 17:21:38.051,1.58477,1.58519,3.90,2.25
2012.06.01 17:21:38.240,1.58477,1.58516,2.40,1.50
2012.06.01 17:21:40.308,1.58477,1.58521,3.90,1.50
2012.06.01 17:21:42.450,1.58479,1.58521,1.20,1.50
2012.06.01 17:21:42.849,1.58485,1.58524,1.88,1.50
2012.06.01 17:21:43.536,1.58485,1.58525,1.88,1.50
2012.06.01 17:21:43.611,1.58485,1.58527,1.88,1.73
2012.06.01 17:21:45.296,1.58485,1.58523,1.88,1.50
2012.06.01 17:21:45.651,1.58482,1.58524,2.42,2.40
2012.06.01 17:21:46.014,1.58479,1.58521,1.50,1.73
2012.06.01 17:21:46.278,1.58482,1.58524,1.50,4.05
2012.06.01 17:21:47.579,1.58481,1.58524,2.25,1.80
2012.06.01 17:21:48.594,1.58483,1.58525,1.43,1.88
2012.06.01 17:21:48.668,1.58477,1.58517,1.05,1.50
2012.06.01 17:21:49.151,1.58476,1.58515,1.05,1.50
2012.06.01 17:21:49.791,1.58472,1.58515,1.35,1.50
2012.06.01 17:21:50.643,1.58476,1.58517,1.05,1.50
2012.06.01 17:21:50.711,1.58478,1.58519,2.25,1.73
2012.06.01 17:21:50.880,1.58478,1.58522,2.25,1.50
2012.06.01 17:21:51.009,1.58481,1.58522,2.48,1.50
2012.06.01 17:21:52.220,1.58482,1.58518,1.35,1.50
2012.06.01 17:21:52.539,1.58477,1.58516,1.13,1.50
2012.06.01 17:21:52.729,1.58477,1.58519,1.13,1.50
2012.06.01 17:21:53.308,1.58477,1.58519,1.13,1.50
2012.06.01 17:21:53.386,1.58478,1.58521,2.25,1.50
2012.06.01 17:21:53.519,1.58481,1.58525,2.25,1.50
2012.06.01 17:21:53.891,1.58481,1.58525,2.25,1.50
2012.06.01 17:21:54.423,1.58481,1.58523,2.25,1.50
2012.06.01 17:21:54.976,1.58479,1.58521,3.68,1.50
2012.06.01 17:21:55.873,1.58479,1.58521,3.68,1.50
2012.06.01 17:21:56.119,1.58481,1.58518,2.18,1.50
2012.06.01 17:21:56.330,1.58481,1.58522,2.18,1.50
2012.06.01 17:21:57.742,1.58481,1.58522,2.18,1.50
2012.06.01 17:21:57.882,1.58483,1.58527,2.25,1.50
2012.06.01 17:21:58.768,1.58489,1.58523,2.18,1.50
2012.06.01 17:21:58.845,1.58489,1.58531,2.18,1.50
2012.06.01 17:22:00.112,1.58489,1.58531,2.18,1.50
2012.06.01 17:22:01.441,1.58489,1.58531,1.43,1.50
2012.06.01 17:22:01.640,1.58491,1.58529,1.43,1.50
2012.06.01 17:22:01.932,1.58485,1.58527,2.40,1.50
2012.06.01 17:22:02.563,1.58485,1.58527,3.98,1.50
2012.06.01 17:22:02.692,1.58487,1.5853,1.50,1.50
2012.06.01 17:22:03.472,1.58491,1.58527,1.43,1.50
2012.06.01 17:22:03.859,1.58491,1.58531,1.43,1.50
2012.06.01 17:22:03.990,1.58491,1.58528,1.43,1.50
2012.06.01 17:22:04.751,1.58491,1.5853,1.43,1.50
2012.06.01 17:22:05.433,1.58491,1.58529,1.43,1.50
2012.06.01 17:22:09.369,1.58491,1.58532,1.43,1.50
2012.06.01 17:22:09.500,1.58491,1.58529,1.43,1.50
2012.06.01 17:22:16.603,1.58491,1.58531,1.43,1.50
2012.06.01 17:22:16.789,1.58499,1.58537,1.43,1.50
2012.06.01 17:22:17.169,1.58499,1.58534,1.58,1.50
2012.06.01 17:22:17.790,1.58499,1.58538,1.73,2.25
2012.06.01 17:22:18.268,1.58499,1.58536,1.73,1.50
2012.06.01 17:22:20.402,1.58499,1.58536,1.77,1.50
2012.06.01 17:22:20.753,1.58514,1.58536,1.43,1.50
2012.06.01 17:22:21.062,1.58506,1.58537,3.54,1.50
2012.06.01 17:22:21.134,1.58506,1.58541,1.50,1.50
2012.06.01 17:22:21.380,1.58504,1.58546,1.80,1.50
2012.06.01 17:22:21.511,1.58504,1.58544,1.95,1.50
2012.06.01 17:22:21.700,1.58499,1.58543,3.23,1.50
2012.06.01 17:22:21.772,1.5851,1.58543,1.43,1.50
2012.06.01 17:22:21.900,1.58509,1.58551,1.50,2.52
2012.06.01 17:22:21.972,1.58509,1.5855,1.50,2.25
2012.06.01 17:22:22.042,1.58506,1.58548,1.50,2.18
2012.06.01 17:22:22.292,1.58506,1.58547,1.50,2.18
2012.06.01 17:22:22.365,1.58506,1.58544,1.50,1.13
2012.06.01 17:22:22.551,1.58501,1.5854,1.58,2.25
2012.06.01 17:22:23.102,1.58501,1.58541,1.43,1.50
2012.06.01 17:22:23.233,1.58499,1.5853,1.80,1.43
2012.06.01 17:22:23.541,1.58499,1.58533,1.50,2.55
2012.06.01 17:22:23.921,1.58501,1.58538,1.50,1.84
2012.06.01 17:22:23.994,1.58494,1.58538,1.50,3.34
2012.06.01 17:22:30.980,1.58497,1.58538,1.50,1.09
2012.06.01 17:22:33.871,1.58497,1.58538,1.50,1.09
2012.06.01 17:22:36.810,1.58495,1.58537,1.50,2.25
2012.06.01 17:22:37.182,1.58499,1.58534,1.43,1.13
2012.06.01 17:22:37.314,1.58493,1.58534,1.50,1.13
2012.06.01 17:22:37.443,1.58493,1.58531,1.95,1.13
2012.06.01 17:22:37.569,1.58493,1.58533,2.93,1.09
2012.06.01 17:22:38.391,1.58492,1.58529,1.50,1.13
2012.06.01 17:22:38.467,1.58488,1.58529,1.43,1.13
2012.06.01 17:22:39.002,1.58488,1.5853,1.43,1.88
2012.06.01 17:22:39.193,1.58488,1.58528,1.88,2.25
2012.06.01 17:22:39.677,1.58488,1.58526,2.03,1.50
2012.06.01 17:22:40.899,1.58488,1.58528,2.03,2.25
2012.06.01 17:22:44.453,1.58488,1.58524,2.37,1.50
2012.06.01 17:22:44.703,1.58482,1.58524,1.80,1.50
2012.06.01 17:22:45.137,1.58482,1.58524,1.50,1.50
2012.06.01 17:22:48.421,1.58481,1.58522,1.28,1.50
2012.06.01 17:22:48.748,1.58484,1.58522,1.58,1.50
2012.06.01 17:22:49.021,1.58484,1.58525,1.73,1.50
2012.06.01 17:22:49.540,1.58484,1.58522,1.73,1.50
2012.06.01 17:22:50.401,1.5849,1.58527,1.43,1.50
2012.06.01 17:22:50.828,1.58485,1.58527,3.15,1.50
2012.06.01 17:22:50.899,1.58488,1.5853,1.50,1.88
2012.06.01 17:22:51.112,1.58485,1.58527,3.15,1.50
2012.06.01 17:22:51.179,1.58484,1.58523,2.03,1.50
2012.06.01 17:22:51.752,1.58484,1.58522,1.88,1.50
2012.06.01 17:22:54.658,1.58484,1.58524,1.88,1.50
2012.06.01 17:22:56.559,1.58484,1.58521,1.88,1.50
2012.06.01 17:22:57.981,1.58484,1.58526,1.88,1.50
2012.06.01 17:22:58.050,1.58486,1.58528,1.50,1.50
2012.06.01 17:22:58.728,1.58493,1.58528,1.43,1.50
2012.06.01 17:22:59.051,1.58499,1.58534,1.73,1.50
2012.06.01 17:22:59.230,1.58499,1.58536,1.73,1.50
2012.06.01 17:22:59.361,1.58499,1.58538,2.03,1.50
2012.06.01 17:23:00.324,1.58499,1.58538,1.73,1.50
2012.06.01 17:23:00.519,1.58499,1.58533,1.73,1.50
2012.06.01 17:23:01.052,1.58492,1.58534,3.17,1.50
2012.06.01 17:23:01.421,1.585,1.58531,1.73,1.50
2012.06.01 17:23:01.549,1.585,1.5854,1.73,1.50
2012.06.01 17:23:02.113,1.585,1.58536,2.33,1.50
2012.06.01 17:23:02.420,1.58508,1.5854,1.43,1.50
2012.06.01 17:23:02.730,1.58493,1.58533,2.40,1.50
2012.06.01 17:23:02.802,1.58493,1.58533,2.72,1.50
2012.06.01 17:23:03.230,1.58493,1.5853,2.72,1.50
2012.06.01 17:23:03.304,1.58493,1.5853,2.40,1.50
2012.06.01 17:23:03.371,1.58493,1.58528,2.40,1.50
2012.06.01 17:23:04.122,1.58493,1.58533,2.40,1.50
2012.06.01 17:23:05.861,1.58494,1.58533,1.73,1.50
2012.06.01 17:23:06.532,1.58493,1.58533,2.40,1.50
2012.06.01 17:23:07.310,1.58493,1.58536,3.90,1.50
2012.06.01 17:23:07.380,1.58493,1.58534,2.40,1.50
2012.06.01 17:23:12.006,1.58493,1.58534,2.40,2.25
2012.06.01 17:23:12.440,1.58493,1.58531,2.40,1.50
2012.06.01 17:23:12.991,1.58493,1.58532,2.40,1.50
2012.06.01 17:23:13.530,1.58493,1.58533,2.40,2.25
2012.06.01 17:23:15.009,1.58493,1.58533,2.40,1.50
2012.06.01 17:23:17.990,1.58494,1.58533,1.43,1.50
2012.06.01 17:23:18.264,1.58493,1.58533,2.40,3.00
2012.06.01 17:23:18.796,1.58494,1.58534,1.43,1.50
2012.06.01 17:23:18.863,1.58498,1.58537,1.43,1.50
2012.06.01 17:23:19.719,1.58495,1.58537,1.99,1.50
2012.06.01 17:23:19.851,1.58493,1.58534,2.37,1.50
2012.06.01 17:23:20.259,1.58495,1.58537,1.84,1.50
2012.06.01 17:23:20.793,1.58495,1.58534,1.65,1.50
2012.06.01 17:23:21.272,1.58493,1.58532,2.03,1.50
2012.06.01 17:23:21.713,1.58493,1.58534,2.03,1.50
2012.06.01 17:23:22.094,1.58493,1.58531,2.03,1.50
2012.06.01 17:23:22.868,1.58493,1.58533,2.03,2.25
2012.06.01 17:23:23.527,1.58493,1.58534,2.03,1.50
2012.06.01 17:23:23.974,1.58493,1.58531,2.03,1.50
2012.06.01 17:23:25.202,1.58493,1.58533,2.03,1.50
2012.06.01 17:23:25.272,1.58493,1.58535,2.03,1.50
2012.06.01 17:23:25.460,1.58493,1.58532,2.03,1.50
2012.06.01 17:23:27.539,1.58494,1.58532,1.20,1.50
2012.06.01 17:23:27.672,1.58493,1.58532,2.03,1.50
2012.06.01 17:23:28.711,1.58493,1.58536,2.03,1.50
2012.06.01 17:23:30.181,1.58493,1.58532,2.03,1.50
2012.06.01 17:23:30.561,1.58493,1.58529,2.03,1.50
2012.06.01 17:23:30.870,1.58487,1.58529,2.83,1.50
2012.06.01 17:23:31.209,1.58489,1.58529,1.37,1.50
2012.06.01 17:23:31.339,1.58493,1.58534,1.43,1.50
2012.06.01 17:23:33.141,1.58493,1.58531,1.43,1.50
2012.06.01 17:23:33.330,1.58489,1.5853,1.50,1.43
2012.06.01 17:23:33.400,1.58492,1.58531,2.18,1.50
2012.06.01 17:23:34.291,1.58493,1.58535,1.50,1.50
2012.06.01 17:23:35.322,1.58492,1.58533,2.18,1.50
2012.06.01 17:23:35.511,1.58493,1.58535,1.50,1.50
2012.06.01 17:23:36.074,1.58492,1.58533,2.18,1.50
2012.06.01 17:23:37.711,1.58492,1.58533,2.18,1.50
2012.06.01 17:23:38.032,1.58492,1.5853,2.18,1.50
2012.06.01 17:23:38.349,1.58492,1.58533,2.18,1.50
2012.06.01 17:23:38.540,1.58498,1.58536,1.05,1.50
2012.06.01 17:23:38.800,1.58498,1.58532,1.05,1.50
2012.06.01 17:23:39.516,1.58493,1.58532,2.79,1.50
2012.06.01 17:23:41.159,1.58494,1.58535,2.25,1.50
2012.06.01 17:23:41.289,1.58494,1.58533,2.25,1.43
2012.06.01 17:23:41.418,1.58494,1.58533,1.50,1.43
2012.06.01 17:23:41.669,1.58491,1.58533,1.05,4.43
2012.06.01 17:23:41.739,1.58491,1.58531,1.05,1.50
2012.06.01 17:23:42.108,1.5849,1.58531,1.05,1.50
2012.06.01 17:23:42.193,1.5849,1.58533,2.55,2.93
2012.06.01 17:23:42.262,1.5849,1.5853,1.05,1.50
2012.06.01 17:23:42.570,1.58488,1.58528,2.40,1.50
2012.06.01 17:23:42.841,1.58489,1.58531,2.10,1.50
2012.06.01 17:23:42.915,1.58489,1.58528,2.10,1.50
2012.06.01 17:23:43.528,1.58488,1.58529,2.40,1.50
2012.06.01 17:23:44.479,1.5849,1.58533,1.80,1.77
2012.06.01 17:23:46.280,1.5849,1.58533,2.55,1.77
2012.06.01 17:23:46.504,1.5849,1.58533,2.55,1.77
2012.06.01 17:23:46.639,1.58491,1.58533,1.05,1.77
2012.06.01 17:23:46.710,1.58491,1.58533,1.05,1.77
2012.06.01 17:23:47.494,1.58492,1.58533,1.24,2.93
2012.06.01 17:23:48.291,1.58492,1.58533,1.24,2.93
2012.06.01 17:23:48.397,1.58492,1.58533,1.24,2.93
2012.06.01 17:23:49.025,1.58492,1.58533,1.09,2.93
2012.06.01 17:23:50.450,1.58492,1.5853,1.09,1.50
2012.06.01 17:23:51.096,1.5849,1.5853,1.05,1.84
2012.06.01 17:23:51.905,1.58492,1.58533,1.50,1.77
2012.06.01 17:23:53.250,1.58494,1.58533,1.50,1.43
2012.06.01 17:23:53.472,1.58494,1.58533,2.25,1.43
2012.06.01 17:23:53.930,1.58494,1.58533,2.25,1.43
2012.06.01 17:23:54.079,1.58498,1.58538,2.18,1.95
2012.06.01 17:23:54.391,1.58498,1.58541,2.52,1.50
2012.06.01 17:23:57.640,1.58498,1.58541,2.52,1.50
2012.06.01 17:23:57.954,1.58498,1.58538,1.09,1.88
2012.06.01 17:23:58.020,1.58497,1.58538,1.50,2.18
2012.06.01 17:23:58.093,1.58493,1.58534,2.18,1.50
2012.06.01 17:23:58.401,1.5849,1.58532,2.14,1.50
2012.06.01 17:23:58.472,1.5849,1.58526,2.14,1.43
2012.06.01 17:23:58.664,1.58479,1.58519,1.58,1.84
2012.06.01 17:23:58.731,1.58477,1.58516,1.95,1.43
2012.06.01 17:23:58.981,1.58474,1.58516,2.63,1.43
2012.06.01 17:24:00.331,1.58474,1.58516,2.25,2.93
2012.06.01 17:24:00.400,1.58474,1.58516,2.25,2.93
2012.06.01 17:24:01.840,1.58478,1.58516,1.50,1.43
2012.06.01 17:24:04.099,1.58475,1.58516,2.25,1.43
2012.06.01 17:24:04.751,1.58478,1.58516,1.50,1.43
2012.06.01 17:24:04.939,1.58479,1.58523,3.98,1.50
2012.06.01 17:24:05.343,1.58479,1.58523,3.08,1.50
2012.06.01 17:24:05.471,1.58483,1.58524,1.50,1.50
2012.06.01 17:24:05.871,1.58481,1.58522,2.25,1.50
2012.06.01 17:24:09.622,1.58481,1.58522,1.50,1.95
2012.06.01 17:24:09.930,1.58477,1.58516,1.65,1.43
2012.06.01 17:24:10.060,1.58473,1.58516,1.50,1.43
2012.06.01 17:24:13.769,1.58473,1.58516,1.50,2.18
2012.06.01 17:24:21.500,1.58472,1.58514,1.88,2.25
2012.06.01 17:24:22.492,1.58472,1.58514,1.13,1.50
2012.06.01 17:24:22.562,1.58476,1.58516,2.25,2.93
2012.06.01 17:24:22.755,1.58477,1.58516,1.54,1.43
2012.06.01 17:24:23.085,1.58495,1.58531,1.43,1.27
2012.06.01 17:24:23.271,1.58493,1.58528,1.50,1.05
2012.06.01 17:24:23.745,1.58491,1.58531,1.80,1.09
2012.06.01 17:24:23.935,1.58491,1.58526,1.50,1.43
2012.06.01 17:24:24.122,1.58491,1.58526,3.60,1.43
2012.06.01 17:24:24.443,1.58496,1.58532,1.43,1.50
2012.06.01 17:24:24.512,1.58496,1.58536,1.43,1.50
2012.06.01 17:24:24.743,1.58496,1.58536,1.43,3.75
2012.06.01 17:24:25.055,1.58493,1.58533,1.50,2.63
2012.06.01 17:24:25.381,1.58495,1.58533,1.50,1.13
2012.06.01 17:24:25.571,1.58499,1.58535,1.50,1.43
2012.06.01 17:24:26.113,1.58499,1.5854,1.50,1.50
2012.06.01 17:24:26.564,1.58501,1.58542,1.50,1.43
2012.06.01 17:24:27.482,1.58498,1.5854,1.50,1.09
2012.06.01 17:24:27.618,1.58495,1.58534,1.43,2.25
2012.06.01 17:24:27.693,1.58492,1.58533,1.50,1.43
2012.06.01 17:24:27.821,1.58492,1.58526,1.50,1.43
2012.06.01 17:24:28.526,1.58494,1.58533,1.50,2.48
2012.06.01 17:24:28.595,1.58495,1.58533,1.50,1.43
2012.06.01 17:24:28.659,1.58496,1.58539,1.43,1.50
2012.06.01 17:24:28.903,1.58502,1.5854,1.50,1.50
2012.06.01 17:24:29.273,1.585,1.58541,3.00,1.43
2012.06.01 17:24:29.694,1.585,1.58541,2.25,1.43
2012.06.01 17:24:30.172,1.58507,1.58541,1.50,1.43
2012.06.01 17:24:30.422,1.58504,1.58541,1.50,1.43
2012.06.01 17:24:30.916,1.58506,1.58541,1.50,1.43
2012.06.01 17:24:31.231,1.585,1.58541,1.50,1.43
2012.06.01 17:24:32.023,1.58502,1.58541,1.50,1.43
2012.06.01 17:24:32.575,1.58503,1.58541,1.50,1.43
2012.06.01 17:24:32.862,1.58501,1.58541,1.50,1.43
2012.06.01 17:24:32.932,1.58503,1.58541,1.50,2.18
2012.06.01 17:24:33.121,1.58497,1.58539,1.95,2.25
2012.06.01 17:24:33.617,1.58496,1.58536,1.43,1.50
2012.06.01 17:24:33.698,1.58491,1.58533,1.50,3.68
2012.06.01 17:24:33.900,1.58491,1.58533,1.50,3.68
2012.06.01 17:24:33.970,1.58488,1.58529,1.43,2.25
2012.06.01 17:24:34.283,1.58487,1.58525,1.88,1.43
2012.06.01 17:24:34.591,1.58485,1.58523,1.50,2.25
2012.06.01 17:24:34.662,1.58481,1.58523,1.50,2.25
2012.06.01 17:24:36.932,1.58481,1.58523,1.50,1.95
2012.06.01 17:24:37.122,1.58471,1.58513,3.68,1.50
2012.06.01 17:24:37.250,1.58471,1.58511,1.43,1.50
2012.06.01 17:24:37.379,1.58467,1.58509,2.25,1.43
2012.06.01 17:24:38.204,1.58471,1.58509,2.25,1.43
2012.06.01 17:24:38.462,1.58485,1.58526,1.50,1.95
2012.06.01 17:24:38.530,1.58485,1.58526,1.50,1.73
2012.06.01 17:24:39.328,1.58481,1.58524,1.50,1.50
2012.06.01 17:24:39.520,1.58483,1.58526,1.50,1.58
2012.06.01 17:24:39.925,1.58491,1.58526,1.50,1.58
2012.06.01 17:24:41.552,1.58489,1.58525,1.50,1.50
2012.06.01 17:24:41.618,1.58483,1.58525,1.50,1.50
2012.06.01 17:24:47.649,1.58485,1.58526,1.50,1.58
2012.06.01 17:24:50.119,1.58483,1.58525,3.00,1.50
2012.06.01 17:24:50.249,1.58483,1.58525,1.50,2.25
2012.06.01 17:24:51.193,1.58483,1.58516,1.50,1.43
2012.06.01 17:24:51.709,1.58476,1.58516,1.50,1.43
2012.06.01 17:24:51.783,1.5848,1.58516,1.50,1.43
2012.06.01 17:24:52.091,1.5848,1.58522,1.50,1.65
2012.06.01 17:24:52.162,1.5848,1.58522,2.25,1.50
2012.06.01 17:24:52.471,1.58489,1.58525,1.43,1.80
2012.06.01 17:24:52.543,1.58486,1.58527,1.50,3.57
2012.06.01 17:24:52.733,1.58482,1.58523,1.73,2.40
2012.06.01 17:24:52.948,1.58487,1.58523,1.50,2.33
2012.06.01 17:24:53.411,1.58483,1.58523,1.50,2.18
2012.06.01 17:24:54.540,1.5848,1.58523,1.50,2.18
2012.06.01 17:24:55.724,1.5848,1.58523,2.25,2.93
2012.06.01 17:24:55.850,1.58483,1.58523,1.50,1.43
2012.06.01 17:24:55.921,1.58484,1.58525,1.43,1.50
2012.06.01 17:24:55.991,1.58484,1.58525,2.18,1.50
2012.06.01 17:24:56.330,1.58493,1.58525,1.43,1.50
2012.06.01 17:24:56.623,1.58493,1.58528,1.43,1.50
2012.06.01 17:24:56.690,1.58493,1.5853,1.43,1.50
2012.06.01 17:24:57.280,1.58493,1.58533,1.43,1.50
2012.06.01 17:24:58.365,1.58493,1.5853,1.43,1.50
2012.06.01 17:24:58.772,1.58501,1.58536,1.43,1.50
2012.06.01 17:24:59.139,1.58494,1.58536,2.25,1.50
2012.06.01 17:24:59.269,1.58494,1.58536,1.50,1.50
2012.06.01 17:24:59.479,1.58493,1.58534,1.43,1.50
2012.06.01 17:25:00.349,1.58493,1.58534,2.18,1.50
2012.06.01 17:25:00.551,1.58493,1.58534,1.43,1.50
2012.06.01 17:25:02.712,1.58494,1.58535,1.50,3.00
2012.06.01 17:25:03.288,1.58493,1.58533,1.43,1.50
2012.06.01 17:25:04.161,1.58509,1.58533,1.43,1.50
2012.06.01 17:25:04.350,1.58509,1.58539,1.43,1.50
2012.06.01 17:25:04.541,1.585,1.58539,3.60,1.50
2012.06.01 17:25:04.610,1.585,1.58539,1.80,1.50
2012.06.01 17:25:04.740,1.58505,1.58542,1.50,1.50
2012.06.01 17:25:05.098,1.585,1.58538,1.80,1.50
2012.06.01 17:25:05.666,1.585,1.5854,1.80,1.50
2012.06.01 17:25:05.970,1.58508,1.5854,1.43,1.50
2012.06.01 17:25:06.043,1.58508,1.58543,1.43,1.50
2012.06.01 17:25:06.292,1.58501,1.58543,3.68,1.50
2012.06.01 17:25:06.361,1.58501,1.58545,3.68,1.50
2012.06.01 17:25:06.500,1.58501,1.58541,2.18,1.50
2012.06.01 17:25:06.689,1.58501,1.58543,2.18,1.50
2012.06.01 17:25:06.760,1.58506,1.58544,1.20,1.50
2012.06.01 17:25:07.072,1.58508,1.58544,1.43,1.50
2012.06.01 17:25:08.250,1.58501,1.58544,2.18,1.50
2012.06.01 17:25:08.324,1.58501,1.5854,1.43,1.50
2012.06.01 17:25:09.059,1.58501,1.58537,1.80,1.50
2012.06.01 17:25:09.368,1.58496,1.58534,1.50,1.50
2012.06.01 17:25:09.439,1.58494,1.58534,1.05,1.50
2012.06.01 17:25:10.681,1.58493,1.58534,2.93,1.50
2012.06.01 17:25:11.019,1.58495,1.58537,1.50,1.50
2012.06.01 17:25:11.150,1.58493,1.58534,1.43,1.50
2012.06.01 17:25:11.281,1.58494,1.58536,1.50,1.50
2012.06.01 17:25:11.351,1.58494,1.58538,1.50,2.93
2012.06.01 17:25:11.839,1.58493,1.58533,1.43,1.50
2012.06.01 17:25:12.579,1.58495,1.58536,1.50,1.50
2012.06.01 17:25:13.104,1.58495,1.58537,1.50,1.50
2012.06.01 17:25:18.039,1.58493,1.58533,1.43,1.50
2012.06.01 17:25:21.339,1.58494,1.58538,1.50,3.68
2012.06.01 17:25:27.220,1.58494,1.58536,1.50,1.50
2012.06.01 17:25:27.756,1.58493,1.58532,1.43,1.50
2012.06.01 17:25:29.091,1.58493,1.58533,1.43,1.50
2012.06.01 17:25:29.766,1.58493,1.58532,1.43,1.50
2012.06.01 17:25:30.450,1.58493,1.58535,1.43,1.50
2012.06.01 17:25:30.990,1.58493,1.58533,1.43,1.50
2012.06.01 17:25:31.468,1.58493,1.58531,1.43,1.50
2012.06.01 17:25:31.948,1.58493,1.58534,1.43,1.50
2012.06.01 17:25:32.398,1.58501,1.58534,1.43,1.50
2012.06.01 17:25:32.470,1.58501,1.58537,1.43,1.50
2012.06.01 17:25:33.086,1.58501,1.58538,1.43,1.50
2012.06.01 17:25:35.783,1.58501,1.58539,1.43,1.50
2012.06.01 17:25:35.852,1.58503,1.58545,1.50,2.03
2012.06.01 17:25:36.464,1.58503,1.58541,1.50,1.50
2012.06.01 17:25:36.590,1.58501,1.58543,1.43,3.38
2012.06.01 17:25:36.722,1.58502,1.58542,2.70,1.50
2012.06.01 17:25:36.792,1.58504,1.58545,1.95,1.65
2012.06.01 17:25:36.860,1.58509,1.58545,1.43,1.65
2012.06.01 17:25:37.320,1.58509,1.58543,1.43,1.50
2012.06.01 17:25:38.534,1.58509,1.58545,1.43,1.50
2012.06.01 17:25:39.929,1.58504,1.58545,1.95,1.50
2012.06.01 17:25:40.061,1.58504,1.58545,1.50,1.50
2012.06.01 17:25:40.131,1.58501,1.58542,1.43,1.50
2012.06.01 17:25:49.694,1.58501,1.58538,1.43,1.50
2012.06.01 17:25:49.998,1.58501,1.58535,1.80,1.50
2012.06.01 17:25:50.250,1.58501,1.58538,1.43,1.50
2012.06.01 17:25:50.378,1.58494,1.58538,1.50,1.50
2012.06.01 17:25:50.624,1.58494,1.58538,2.25,1.50
2012.06.01 17:25:50.814,1.58508,1.58548,1.43,1.50
2012.06.01 17:25:53.603,1.58508,1.58547,1.43,1.50
2012.06.01 17:25:53.670,1.58508,1.58545,1.43,1.50
2012.06.01 17:25:54.339,1.58508,1.58543,1.43,1.50
2012.06.01 17:25:54.672,1.58499,1.58534,1.50,2.25
2012.06.01 17:25:54.966,1.58493,1.58532,1.43,1.50
2012.06.01 17:25:55.939,1.58493,1.58534,1.43,1.50
2012.06.01 17:25:56.886,1.58493,1.58534,1.43,2.25
2012.06.01 17:25:57.070,1.58493,1.5853,1.43,1.50
2012.06.01 17:25:57.141,1.58488,1.5853,1.50,2.93
2012.06.01 17:25:57.291,1.58485,1.58526,1.80,1.50
2012.06.01 17:25:58.081,1.58485,1.58523,1.80,1.50
2012.06.01 17:25:58.151,1.58485,1.58527,1.80,1.65
2012.06.01 17:25:58.282,1.58485,1.58526,1.80,2.25
2012.06.01 17:25:58.845,1.58485,1.5852,1.80,1.50
2012.06.01 17:25:58.923,1.5848,1.5852,1.50,2.40
2012.06.01 17:25:58.993,1.58475,1.58514,1.43,1.50
2012.06.01 17:25:59.551,1.58485,1.58514,1.43,1.50
2012.06.01 17:25:59.627,1.58478,1.5852,1.50,1.99
2012.06.01 17:25:59.852,1.58478,1.58513,1.50,1.43
2012.06.01 17:26:00.102,1.58484,1.58522,1.43,1.80
2012.06.01 17:26:00.490,1.58487,1.58526,1.50,2.33
2012.06.01 17:26:00.751,1.58484,1.58524,1.43,1.54
2012.06.01 17:26:01.004,1.58478,1.58522,1.50,3.57
2012.06.01 17:26:01.070,1.58478,1.58513,1.50,1.43
2012.06.01 17:26:01.535,1.58485,1.58528,2.93,3.79
2012.06.01 17:26:02.731,1.58485,1.58525,1.43,2.33
2012.06.01 17:26:03.276,1.58486,1.58528,1.50,1.32
2012.06.01 17:26:03.956,1.58485,1.58526,1.43,2.33
2012.06.01 17:26:07.308,1.58489,1.58528,1.50,1.32
2012.06.01 17:26:07.501,1.58487,1.58529,2.25,2.48
2012.06.01 17:26:08.129,1.58492,1.58529,1.50,2.48
2012.06.01 17:26:08.212,1.58492,1.58534,3.68,1.50
2012.06.01 17:26:08.462,1.58494,1.58534,1.20,1.50
2012.06.01 17:26:08.800,1.58509,1.58534,1.43,1.50
2012.06.01 17:26:08.991,1.58501,1.58534,1.13,1.50
2012.06.01 17:26:09.121,1.58501,1.58537,1.13,1.65
2012.06.01 17:26:09.379,1.58501,1.58539,2.63,1.50
2012.06.01 17:26:09.595,1.58501,1.58543,1.88,1.50
2012.06.01 17:26:09.772,1.58504,1.58547,1.50,1.43
2012.06.01 17:26:11.157,1.58503,1.58544,1.50,1.50
2012.06.01 17:26:11.469,1.58503,1.58544,2.25,1.50
2012.06.01 17:26:12.014,1.58508,1.58547,1.43,1.50
2012.06.01 17:26:12.464,1.58508,1.5855,2.93,1.84
2012.06.01 17:26:13.104,1.58508,1.58547,1.43,1.50
2012.06.01 17:26:14.480,1.58508,1.58537,1.43,1.02
2012.06.01 17:26:14.613,1.58494,1.58537,1.43,2.82
2012.06.01 17:26:14.744,1.58497,1.58535,1.50,1.39
2012.06.01 17:26:14.932,1.58492,1.58534,1.50,1.58
2012.06.01 17:26:15.003,1.58495,1.58534,1.50,1.43
2012.06.01 17:26:15.072,1.58493,1.58534,1.50,3.08
2012.06.01 17:26:15.146,1.58496,1.58534,1.43,1.65
2012.06.01 17:26:15.641,1.58496,1.58532,2.18,1.50
2012.06.01 17:26:15.835,1.58496,1.58536,2.18,1.23
2012.06.01 17:26:16.399,1.58499,1.58536,1.50,1.23
2012.06.01 17:26:16.541,1.58496,1.58535,2.18,1.23
2012.06.01 17:26:17.354,1.58497,1.58535,1.20,1.23
2012.06.01 17:26:17.600,1.58506,1.5855,2.25,3.75
2012.06.01 17:26:17.731,1.58511,1.5855,1.50,2.25
2012.06.01 17:26:18.043,1.58509,1.58549,1.50,1.73
2012.06.01 17:26:18.116,1.58509,1.58547,1.50,1.02
2012.06.01 17:26:18.184,1.58501,1.58543,2.25,1.50
2012.06.01 17:26:18.256,1.58497,1.58539,2.25,1.50
2012.06.01 17:26:18.382,1.58497,1.58539,2.25,1.50
2012.06.01 17:26:18.452,1.58497,1.58539,2.25,1.50
2012.06.01 17:26:18.713,1.58499,1.58543,1.50,1.80
2012.06.01 17:26:18.992,1.58499,1.58543,1.50,2.10
2012.06.01 17:26:20.091,1.58497,1.5854,2.25,1.80
2012.06.01 17:26:20.222,1.585,1.58542,1.50,2.10
2012.06.01 17:26:21.194,1.58502,1.58544,1.50,2.44
2012.06.01 17:26:21.978,1.58503,1.58545,1.50,2.44
2012.06.01 17:26:22.194,1.585,1.58543,1.50,2.10
2012.06.01 17:26:22.995,1.58499,1.58543,1.50,2.10
2012.06.01 17:26:23.648,1.585,1.58544,1.50,1.80
2012.06.01 17:26:23.780,1.58504,1.58546,1.50,3.30
2012.06.01 17:26:23.852,1.58504,1.58546,1.50,1.50
2012.06.01 17:26:24.005,1.58504,1.58546,1.50,2.25
2012.06.01 17:26:24.150,1.58501,1.58543,1.50,1.50
2012.06.01 17:26:24.738,1.58501,1.58543,1.50,2.25
2012.06.01 17:26:24.811,1.58499,1.58538,1.50,1.50
2012.06.01 17:26:24.882,1.58496,1.58538,1.50,1.50
2012.06.01 17:26:25.448,1.58496,1.58538,2.25,1.88
2012.06.01 17:26:26.394,1.58496,1.58538,1.50,2.63
2012.06.01 17:26:27.046,1.58496,1.58538,1.50,4.05
2012.06.01 17:26:27.888,1.58496,1.58538,1.50,4.05
2012.06.01 17:26:28.202,1.58492,1.58536,1.50,2.25
2012.06.01 17:26:28.401,1.58492,1.58536,1.50,1.50
2012.06.01 17:26:28.533,1.58494,1.58536,1.50,1.50
2012.06.01 17:26:28.602,1.58495,1.58539,1.50,4.05
2012.06.01 17:26:28.674,1.58495,1.58538,1.50,1.13
2012.06.01 17:26:28.740,1.58495,1.58539,1.50,4.05
2012.06.01 17:26:29.422,1.58495,1.58539,2.25,3.30
2012.06.01 17:26:29.490,1.58495,1.58539,1.50,4.05
2012.06.01 17:26:29.885,1.58495,1.58538,1.50,1.13
2012.06.01 17:26:30.311,1.58495,1.58538,1.50,1.13
2012.06.01 17:26:35.431,1.58495,1.58538,1.50,2.55
2012.06.01 17:26:35.937,1.58494,1.58535,1.50,1.50
2012.06.01 17:26:36.596,1.58493,1.58535,1.50,1.50
2012.06.01 17:26:38.681,1.58496,1.58537,1.50,1.88
2012.06.01 17:26:39.181,1.58494,1.58536,1.50,1.50
2012.06.01 17:26:42.670,1.58494,1.58536,1.50,2.25
2012.06.01 17:26:42.769,1.58494,1.58536,1.50,1.50
2012.06.01 17:26:43.211,1.58494,1.58536,1.50,2.25
2012.06.01 17:26:43.284,1.58494,1.58536,1.50,1.50
2012.06.01 17:26:43.763,1.58494,1.58536,2.25,1.50
2012.06.01 17:26:44.250,1.58497,1.58539,1.50,1.88
2012.06.01 17:26:45.842,1.58497,1.58539,1.50,1.88
2012.06.01 17:26:45.974,1.58497,1.58539,1.50,1.50
2012.06.01 17:26:46.396,1.58499,1.58541,1.50,1.65
2012.06.01 17:26:46.740,1.58496,1.58537,2.25,3.00
2012.06.01 17:26:47.159,1.58493,1.58535,3.68,1.50
2012.06.01 17:26:47.239,1.58497,1.58538,1.50,1.80
2012.06.01 17:26:47.311,1.58499,1.58539,1.50,1.80
2012.06.01 17:26:47.381,1.58497,1.58539,1.50,1.88
2012.06.01 17:26:47.881,1.58496,1.58539,2.18,1.50
2012.06.01 17:26:48.294,1.58486,1.5853,4.43,1.50
2012.06.01 17:26:48.480,1.58486,1.5853,3.68,1.50
2012.06.01 17:26:48.550,1.58486,1.58524,2.18,1.50
2012.06.01 17:26:54.751,1.58485,1.58527,2.25,1.50
2012.06.01 17:26:54.880,1.58483,1.58525,1.50,1.50
2012.06.01 17:26:54.952,1.58485,1.58526,1.50,1.50
2012.06.01 17:26:55.497,1.5848,1.58524,1.50,2.25
2012.06.01 17:26:56.364,1.58481,1.58525,1.50,3.68
2012.06.01 17:26:57.242,1.58481,1.58525,2.25,3.08
2012.06.01 17:26:57.915,1.58483,1.58525,1.50,1.65
2012.06.01 17:27:00.181,1.58483,1.58525,2.25,1.50
2012.06.01 17:27:00.310,1.58499,1.58532,1.50,1.80
2012.06.01 17:27:00.444,1.58497,1.58536,2.25,1.13
2012.06.01 17:27:00.571,1.58497,1.58541,2.25,1.50
2012.06.01 17:27:00.894,1.58497,1.58541,2.25,1.50
2012.06.01 17:27:00.962,1.58497,1.58541,3.00,1.50
2012.06.01 17:27:01.333,1.585,1.58537,1.50,1.50
2012.06.01 17:27:01.406,1.58495,1.58535,2.18,1.50
2012.06.01 17:27:01.831,1.58495,1.58535,2.18,1.50
2012.06.01 17:27:01.901,1.58496,1.5854,2.25,1.50
2012.06.01 17:27:05.094,1.58496,1.5854,2.25,1.50
2012.06.01 17:27:05.380,1.58499,1.58543,2.25,1.50
2012.06.01 17:27:06.652,1.58499,1.5854,2.25,1.50
2012.06.01 17:27:06.889,1.58495,1.58539,3.68,1.50
2012.06.01 17:27:07.449,1.58495,1.58539,2.93,2.25
2012.06.01 17:27:07.661,1.58495,1.58533,2.93,1.50
2012.06.01 17:27:07.852,1.58488,1.58532,1.65,1.50
2012.06.01 17:27:07.923,1.58488,1.58527,1.65,1.50
2012.06.01 17:27:08.241,1.58483,1.58525,2.25,1.50
2012.06.01 17:27:09.156,1.58483,1.58525,2.70,3.34
2012.06.01 17:27:09.222,1.5848,1.58523,1.88,2.25
2012.06.01 17:27:09.723,1.5848,1.58523,1.43,2.25
2012.06.01 17:27:10.412,1.58479,1.58517,1.50,1.43
2012.06.01 17:27:10.720,1.58481,1.58517,1.50,1.43
2012.06.01 17:27:11.071,1.58483,1.58524,1.50,2.07
2012.06.01 17:27:18.086,1.5848,1.58523,2.93,3.23
2012.06.01 17:27:18.156,1.5848,1.58523,2.18,2.48
2012.06.01 17:27:18.401,1.5848,1.58523,1.43,2.48
2012.06.01 17:27:19.072,1.5848,1.58516,1.43,1.50
2012.06.01 17:27:19.841,1.5848,1.58519,1.43,1.65
2012.06.01 17:27:19.972,1.58475,1.58516,1.95,2.25
2012.06.01 17:27:20.041,1.58475,1.58516,1.95,1.50
2012.06.01 17:27:20.481,1.58474,1.58516,2.93,2.25
2012.06.01 17:27:20.551,1.58471,1.58514,1.88,2.25
2012.06.01 17:27:21.102,1.58471,1.58514,2.63,1.50
2012.06.01 17:27:21.726,1.58471,1.58514,2.18,1.50
2012.06.01 17:27:22.356,1.58471,1.58514,2.18,1.50
2012.06.01 17:27:24.131,1.58471,1.58514,2.18,1.50
2012.06.01 17:27:24.740,1.58471,1.58514,2.18,1.50
2012.06.01 17:27:25.079,1.58473,1.58517,2.25,1.50
2012.06.01 17:27:27.166,1.58473,1.58517,2.25,1.50
2012.06.01 17:27:27.231,1.58479,1.58517,1.43,1.50
2012.06.01 17:27:27.811,1.58479,1.5852,1.43,1.88
2012.06.01 17:27:28.022,1.58483,1.58521,2.25,1.88
2012.06.01 17:27:28.513,1.58488,1.58525,2.18,1.50
2012.06.01 17:27:29.021,1.58488,1.58525,2.18,1.50
2012.06.01 17:27:29.092,1.58488,1.58525,2.18,1.50
2012.06.01 17:27:31.500,1.58488,1.58527,2.18,3.00
2012.06.01 17:27:31.571,1.58488,1.58527,2.18,3.00
2012.06.01 17:27:31.732,1.58488,1.58527,1.43,1.50
2012.06.01 17:27:31.982,1.58487,1.58527,2.18,1.50
2012.06.01 17:27:32.172,1.58487,1.58527,2.18,1.50
2012.06.01 17:27:32.242,1.58487,1.58527,2.18,1.50
2012.06.01 17:27:32.702,1.58487,1.58527,2.18,1.50
2012.06.01 17:27:33.073,1.58487,1.58527,2.18,1.50
2012.06.01 17:27:33.453,1.58488,1.58532,2.25,1.50
2012.06.01 17:27:33.960,1.58489,1.58533,2.25,1.50
2012.06.01 17:27:34.482,1.58497,1.58539,1.50,1.50
2012.06.01 17:27:34.554,1.58497,1.58539,2.25,1.50
2012.06.01 17:27:34.821,1.585,1.58542,2.25,1.50
2012.06.01 17:27:35.072,1.58504,1.58548,1.50,2.48
2012.06.01 17:27:35.381,1.58504,1.58548,1.50,1.88
2012.06.01 17:27:35.515,1.58507,1.58549,1.50,2.55
2012.06.01 17:27:35.583,1.58505,1.58547,1.50,1.88
2012.06.01 17:27:35.773,1.58505,1.58544,1.50,2.25
2012.06.01 17:27:35.841,1.58499,1.58541,2.25,1.50
2012.06.01 17:27:37.137,1.58499,1.58537,2.25,1.50
2012.06.01 17:27:37.211,1.58493,1.58535,1.50,2.25
2012.06.01 17:27:37.283,1.58495,1.58534,1.20,1.50
2012.06.01 17:27:37.469,1.58496,1.58536,2.18,1.50
2012.06.01 17:27:37.540,1.58497,1.58539,1.50,1.50
2012.06.01 17:27:37.740,1.58497,1.58539,2.25,1.50
2012.06.01 17:27:38.460,1.58497,1.58539,2.25,1.50
2012.06.01 17:27:39.021,1.58496,1.58536,2.18,1.50
2012.06.01 17:27:39.092,1.58496,1.5854,3.68,1.50
2012.06.01 17:27:39.222,1.58496,1.5854,3.68,1.50
2012.06.01 17:27:39.343,1.58496,1.5854,3.68,1.50
2012.06.01 17:27:39.553,1.58496,1.5854,2.93,2.25
2012.06.01 17:27:39.632,1.58496,1.5854,3.68,1.50
2012.06.01 17:27:40.514,1.58496,1.5854,3.68,1.50
2012.06.01 17:27:40.662,1.58496,1.5854,3.68,1.50
2012.06.01 17:27:41.201,1.58496,1.5854,3.68,1.50
2012.06.01 17:27:41.321,1.58496,1.5854,3.68,1.50
2012.06.01 17:27:41.679,1.585,1.58543,2.25,1.50
2012.06.01 17:27:42.049,1.58504,1.58546,2.25,1.50
2012.06.01 17:27:42.120,1.58504,1.58544,2.25,1.50
2012.06.01 17:27:42.705,1.58503,1.58543,2.18,1.50
2012.06.01 17:27:44.854,1.58503,1.58543,1.43,1.50
2012.06.01 17:27:46.521,1.58503,1.58544,2.93,1.50
2012.06.01 17:27:46.592,1.58503,1.58547,2.93,1.50
2012.06.01 17:27:47.060,1.585,1.58543,1.50,1.50
2012.06.01 17:27:47.309,1.58496,1.5854,2.25,1.50
2012.06.01 17:27:47.661,1.58496,1.5854,2.70,1.50
2012.06.01 17:27:47.973,1.58503,1.58542,2.93,1.50
2012.06.01 17:27:48.220,1.58503,1.58547,2.93,1.88
2012.06.01 17:27:50.484,1.58503,1.58547,3.68,1.50
2012.06.01 17:27:50.551,1.58503,1.58547,2.93,1.50
2012.06.01 17:27:51.130,1.58504,1.58547,1.43,1.50
2012.06.01 17:27:51.204,1.58504,1.58542,1.43,1.50
2012.06.01 17:27:51.692,1.58504,1.58542,2.18,1.50
2012.06.01 17:27:52.812,1.58504,1.58542,1.43,1.50
2012.06.01 17:27:52.890,1.58503,1.58544,2.25,1.43
2012.06.01 17:27:53.026,1.5851,1.58541,1.43,1.50
2012.06.01 17:27:53.154,1.5851,1.5855,1.43,1.95
2012.06.01 17:27:53.222,1.5851,1.5855,2.18,1.95
2012.06.01 17:27:53.353,1.5851,1.5855,2.18,1.50
2012.06.01 17:27:53.483,1.58512,1.5855,2.18,1.50
2012.06.01 17:27:54.250,1.58512,1.58551,2.63,1.50
2012.06.01 17:27:54.763,1.58512,1.5855,2.63,1.50
2012.06.01 17:27:54.951,1.58512,1.58552,2.63,1.50
2012.06.01 17:27:55.521,1.58512,1.58552,1.88,1.50
2012.06.01 17:27:55.763,1.58512,1.58554,1.20,3.00
2012.06.01 17:27:56.112,1.58509,1.58551,2.25,1.50
2012.06.01 17:27:56.422,1.58525,1.58553,1.50,1.50
2012.06.01 17:27:56.674,1.58525,1.58567,1.50,1.84
2012.06.01 17:27:56.745,1.58525,1.58555,1.50,1.50
2012.06.01 17:27:56.935,1.58525,1.58558,1.50,1.50
2012.06.01 17:27:57.063,1.58514,1.58555,1.43,1.50
2012.06.01 17:27:57.700,1.58513,1.58555,1.50,1.50
2012.06.01 17:27:57.842,1.5851,1.58553,1.50,1.50
2012.06.01 17:27:58.862,1.5851,1.58553,2.25,1.50
2012.06.01 17:28:02.741,1.5851,1.58553,2.25,1.50
2012.06.01 17:28:02.872,1.58517,1.58555,1.50,1.50
2012.06.01 17:28:03.437,1.58517,1.58559,1.50,1.50
2012.06.01 17:28:04.535,1.5852,1.58562,1.50,1.50
2012.06.01 17:28:07.261,1.58517,1.5856,1.50,1.50
2012.06.01 17:28:07.983,1.58516,1.5856,2.25,1.50
2012.06.01 17:28:09.447,1.5852,1.58562,1.50,3.00
2012.06.01 17:28:09.993,1.5852,1.58561,1.50,1.50
2012.06.01 17:28:10.063,1.58517,1.58559,1.50,1.50
2012.06.01 17:28:10.313,1.58514,1.58556,1.50,1.50
2012.06.01 17:28:10.503,1.58511,1.58555,2.70,1.50
2012.06.01 17:28:11.363,1.58512,1.58555,1.20,1.50
2012.06.01 17:28:12.350,1.58515,1.58557,2.25,3.00
2012.06.01 17:28:13.211,1.58514,1.58554,1.20,1.50
2012.06.01 17:28:13.411,1.58519,1.58557,1.43,1.50
2012.06.01 17:28:13.484,1.5852,1.58561,1.50,1.88
2012.06.01 17:28:13.670,1.5852,1.58563,1.50,1.50
2012.06.01 17:28:14.260,1.58517,1.58559,1.50,1.50
2012.06.01 17:28:19.150,1.58521,1.58561,1.50,1.50
2012.06.01 17:28:19.222,1.58521,1.58563,1.50,1.50
2012.06.01 17:28:19.893,1.58519,1.5856,1.50,1.50
2012.06.01 17:28:19.963,1.58513,1.58557,1.50,1.50
2012.06.01 17:28:20.032,1.58516,1.58559,1.50,1.50
2012.06.01 17:28:20.391,1.58519,1.58563,2.25,1.50
2012.06.01 17:28:20.582,1.58526,1.58568,2.25,1.50
2012.06.01 17:28:20.993,1.58524,1.58564,2.25,1.50
2012.06.01 17:28:21.134,1.5852,1.58564,2.25,1.50
2012.06.01 17:28:21.260,1.5852,1.58564,1.50,2.25
2012.06.01 17:28:21.511,1.58521,1.58564,2.25,1.50
2012.06.01 17:28:21.830,1.58527,1.58569,1.50,1.50
2012.06.01 17:28:22.390,1.58524,1.58565,1.50,1.50
2012.06.01 17:28:22.669,1.58519,1.58563,4.05,1.50
2012.06.01 17:28:22.800,1.58522,1.58565,1.50,3.00
2012.06.01 17:28:22.990,1.58531,1.58565,1.20,3.00
2012.06.01 17:28:23.362,1.58533,1.58568,1.88,1.50
2012.06.01 17:28:23.432,1.58533,1.5857,1.88,1.50
2012.06.01 17:28:23.501,1.58533,1.58574,1.88,1.50
2012.06.01 17:28:24.708,1.58533,1.58568,1.88,1.50
2012.06.01 17:28:24.901,1.58526,1.58565,1.43,1.50
2012.06.01 17:28:25.430,1.58526,1.58569,1.43,1.50
2012.06.01 17:28:25.992,1.58528,1.58572,1.50,1.50
2012.06.01 17:28:26.221,1.58528,1.58572,2.25,1.50
2012.06.01 17:28:26.569,1.58534,1.58574,1.88,1.50
2012.06.01 17:28:27.109,1.58534,1.58575,1.88,1.50
2012.06.01 17:28:27.493,1.58534,1.58575,2.63,1.50
2012.06.01 17:28:27.560,1.58534,1.58578,4.13,1.50
2012.06.01 17:28:27.800,1.58534,1.58575,4.13,1.50
2012.06.01 17:28:27.933,1.58534,1.58574,1.88,1.50
2012.06.01 17:28:28.472,1.58534,1.58574,2.63,1.50
2012.06.01 17:28:28.761,1.58534,1.58574,1.88,1.50
2012.06.01 17:28:28.953,1.58535,1.58577,2.25,1.50
2012.06.01 17:28:29.309,1.58534,1.58574,2.63,1.50
2012.06.01 17:28:30.292,1.58537,1.58581,2.25,1.80
2012.06.01 17:28:30.362,1.58537,1.58581,2.25,1.80
2012.06.01 17:28:30.490,1.58537,1.58581,2.25,1.65
2012.06.01 17:28:30.563,1.58539,1.58578,1.43,1.50
2012.06.01 17:28:30.629,1.58534,1.58578,2.70,1.50
2012.06.01 17:28:31.436,1.58534,1.58578,2.70,1.50
2012.06.01 17:28:32.110,1.58534,1.58574,2.63,1.50
2012.06.01 17:28:32.271,1.58534,1.58574,1.88,1.50
2012.06.01 17:28:32.339,1.58536,1.58578,1.50,1.50
2012.06.01 17:28:32.470,1.58534,1.58575,4.13,1.50
2012.06.01 17:28:32.721,1.58534,1.58575,1.88,1.50
2012.06.01 17:28:33.209,1.58535,1.58579,1.50,1.50
2012.06.01 17:28:33.694,1.58538,1.58579,1.50,1.50
2012.06.01 17:28:33.821,1.58535,1.58579,1.50,1.50
2012.06.01 17:28:34.078,1.58534,1.58576,3.38,1.50
2012.06.01 17:28:36.520,1.58534,1.58576,4.13,1.50
2012.06.01 17:28:38.283,1.58534,1.58576,4.13,1.50
2012.06.01 17:28:38.412,1.58537,1.58579,2.25,3.00
2012.06.01 17:28:39.256,1.58534,1.58576,4.13,1.50
2012.06.01 17:28:40.130,1.58534,1.58576,4.13,1.50
2012.06.01 17:28:40.202,1.58537,1.58579,2.25,1.50
2012.06.01 17:28:40.270,1.58537,1.58579,2.25,1.50
2012.06.01 17:28:40.384,1.58537,1.58579,2.25,1.50
2012.06.01 17:28:40.750,1.58542,1.58575,2.18,1.50
2012.06.01 17:28:41.043,1.58541,1.5858,2.18,1.50
2012.06.01 17:28:41.114,1.58541,1.58583,2.18,1.50
2012.06.01 17:28:41.182,1.58543,1.58585,1.50,1.50
2012.06.01 17:28:41.741,1.58538,1.5858,1.50,1.50
2012.06.01 17:28:43.106,1.58536,1.58577,2.25,1.50
2012.06.01 17:28:43.803,1.58534,1.58571,2.93,1.50
2012.06.01 17:28:43.872,1.58529,1.58571,1.50,2.25
2012.06.01 17:28:44.302,1.58532,1.58571,1.50,1.09
2012.06.01 17:28:44.371,1.58532,1.58573,1.50,2.52
2012.06.01 17:28:44.443,1.58534,1.58573,1.50,2.52
2012.06.01 17:28:44.570,1.58531,1.58573,1.50,2.52
2012.06.01 17:28:44.711,1.58531,1.58573,1.50,2.82
2012.06.01 17:28:45.020,1.58531,1.58566,1.50,1.58
2012.06.01 17:28:45.090,1.58529,1.58571,1.50,3.89
2012.06.01 17:28:45.219,1.5853,1.58572,1.50,2.88
2012.06.01 17:28:45.777,1.58531,1.58572,1.50,1.38
2012.06.01 17:28:46.445,1.58531,1.58571,1.50,1.04
2012.06.01 17:28:47.134,1.5853,1.58571,1.50,1.04
2012.06.01 17:28:47.263,1.58528,1.58571,1.50,1.04
2012.06.01 17:28:47.349,1.58528,1.58564,1.50,1.84
2012.06.01 17:28:47.661,1.58521,1.58558,1.20,2.37
2012.06.01 17:28:48.352,1.58527,1.5856,1.43,1.80
2012.06.01 17:28:48.490,1.58528,1.58567,1.43,1.02
2012.06.01 17:28:48.739,1.58528,1.58569,1.43,1.47
2012.06.01 17:28:50.813,1.5852,1.58564,4.05,1.50
2012.06.01 17:28:51.002,1.58522,1.5856,1.20,1.73
2012.06.01 17:28:51.311,1.58526,1.58564,1.50,2.25
2012.06.01 17:28:51.381,1.58525,1.58566,2.18,1.09
2012.06.01 17:28:51.692,1.5854,1.58575,1.50,1.09
2012.06.01 17:28:51.881,1.5854,1.58582,1.50,2.39
2012.06.01 17:28:51.951,1.5854,1.58582,1.50,1.50
2012.06.01 17:28:52.283,1.58537,1.5858,1.50,1.50
2012.06.01 17:28:53.109,1.58536,1.58574,2.93,2.25
2012.06.01 17:28:53.190,1.58525,1.58569,1.50,1.50
2012.06.01 17:28:53.491,1.58525,1.58569,2.25,1.50
2012.06.01 17:28:53.865,1.58529,1.58571,1.50,1.50
2012.06.01 17:28:54.510,1.58532,1.58574,1.50,1.50
2012.06.01 17:28:56.050,1.58532,1.58574,2.25,1.50
2012.06.01 17:28:56.182,1.58537,1.58578,2.18,1.50
2012.06.01 17:28:56.250,1.58542,1.58578,2.25,1.50
2012.06.01 17:28:56.651,1.58544,1.58585,1.50,2.18
2012.06.01 17:28:56.734,1.58542,1.58581,1.50,1.50
2012.06.01 17:28:56.799,1.58539,1.58581,1.50,1.50
2012.06.01 17:28:58.008,1.58556,1.58581,2.18,1.50
2012.06.01 17:28:58.144,1.58556,1.58594,2.18,1.50
2012.06.01 17:28:58.210,1.58558,1.58602,1.50,1.50
2012.06.01 17:28:58.280,1.58559,1.58601,2.25,1.50
2012.06.01 17:28:58.802,1.58557,1.58598,2.25,1.50
2012.06.01 17:28:58.932,1.58556,1.58598,2.18,1.50
2012.06.01 17:28:59.462,1.58556,1.58598,2.18,1.50
2012.06.01 17:28:59.601,1.58558,1.58599,1.50,1.50
2012.06.01 17:28:59.675,1.58558,1.58602,1.50,1.50
2012.06.01 17:29:00.413,1.58557,1.58599,2.25,1.50
2012.06.01 17:29:00.600,1.58563,1.58607,1.50,1.50
2012.06.01 17:29:00.742,1.58563,1.58607,2.25,1.50
2012.06.01 17:29:01.020,1.58558,1.58602,1.50,1.50
2012.06.01 17:29:01.221,1.58557,1.58598,1.50,2.25
2012.06.01 17:29:01.531,1.58558,1.58602,1.50,2.93
2012.06.01 17:29:01.600,1.58559,1.586,1.50,1.50
2012.06.01 17:29:01.909,1.58556,1.58597,1.50,1.50
2012.06.01 17:29:02.221,1.58556,1.58594,1.50,1.50
2012.06.01 17:29:02.352,1.58552,1.58594,2.63,1.50
2012.06.01 17:29:02.937,1.58556,1.58594,1.50,1.50
2012.06.01 17:29:03.264,1.58573,1.58609,1.43,1.80
2012.06.01 17:29:03.335,1.58573,1.58612,1.43,1.50
2012.06.01 17:29:03.401,1.58568,1.58612,1.50,1.50
2012.06.01 17:29:03.603,1.58566,1.58608,1.50,1.50
2012.06.01 17:29:03.912,1.58564,1.58606,1.50,1.50
2012.06.01 17:29:04.223,1.58573,1.58613,1.43,1.13
2012.06.01 17:29:04.603,1.58572,1.58602,1.50,1.50
2012.06.01 17:29:04.672,1.58569,1.58602,1.50,1.50
2012.06.01 17:29:04.771,1.58557,1.586,2.18,1.50
2012.06.01 17:29:04.964,1.58559,1.58603,1.50,1.50
2012.06.01 17:29:05.271,1.58561,1.58605,1.50,1.50
2012.06.01 17:29:05.908,1.58563,1.58607,1.50,1.50
2012.06.01 17:29:06.221,1.58564,1.58604,1.43,1.50
2012.06.01 17:29:06.293,1.58564,1.58606,2.93,1.50
2012.06.01 17:29:06.781,1.58564,1.58601,2.93,1.50
2012.06.01 17:29:06.911,1.58556,1.58598,2.25,1.50
2012.06.01 17:29:07.041,1.58559,1.58601,1.50,3.00
2012.06.01 17:29:07.809,1.58566,1.58601,1.50,1.50
2012.06.01 17:29:07.882,1.58567,1.58611,1.50,1.50
2012.06.01 17:29:07.951,1.58569,1.58611,1.50,1.50
2012.06.01 17:29:08.260,1.58571,1.58613,1.50,3.68
2012.06.01 17:29:09.266,1.58566,1.5861,2.93,2.25
2012.06.01 17:29:09.334,1.58566,1.58604,1.43,1.50
2012.06.01 17:29:09.773,1.58561,1.58604,1.50,1.50
2012.06.01 17:29:10.663,1.58562,1.58604,1.50,1.50
2012.06.01 17:29:10.731,1.58563,1.58607,1.50,1.50
2012.06.01 17:29:10.922,1.58563,1.58605,1.50,1.50
2012.06.01 17:29:11.230,1.58559,1.586,1.43,1.50
2012.06.01 17:29:11.300,1.58559,1.58603,1.50,1.50
2012.06.01 17:29:11.631,1.58557,1.58599,1.50,1.50
2012.06.01 17:29:13.181,1.58557,1.58599,1.50,1.88
2012.06.01 17:29:13.549,1.58557,1.58598,1.50,2.63
2012.06.01 17:29:13.621,1.58554,1.58596,1.50,2.25
2012.06.01 17:29:13.811,1.58554,1.58596,1.50,1.50
2012.06.01 17:29:13.880,1.58552,1.58594,1.50,1.50
2012.06.01 17:29:13.952,1.5855,1.58594,1.50,2.25
2012.06.01 17:29:14.398,1.5855,1.58594,1.95,1.50
2012.06.01 17:29:14.594,1.58559,1.58599,1.43,1.13
2012.06.01 17:29:15.140,1.5856,1.58598,1.95,1.13
2012.06.01 17:29:15.273,1.58571,1.58604,1.20,1.50
2012.06.01 17:29:15.403,1.58575,1.58609,1.43,1.50
2012.06.01 17:29:15.473,1.58575,1.58614,1.43,1.50
2012.06.01 17:29:15.892,1.58575,1.58614,2.18,1.50
2012.06.01 17:29:16.399,1.58577,1.58618,1.20,1.50
2012.06.01 17:29:16.476,1.58576,1.58615,2.18,1.50
2012.06.01 17:29:16.753,1.58581,1.58622,1.43,1.50
2012.06.01 17:29:16.823,1.58581,1.5862,1.43,1.50
2012.06.01 17:29:16.960,1.58581,1.58623,2.93,2.25
2012.06.01 17:29:17.034,1.58585,1.58626,1.50,1.50
2012.06.01 17:29:17.395,1.58585,1.58627,1.50,2.25
2012.06.01 17:29:17.520,1.58585,1.58626,1.50,1.50
2012.06.01 17:29:18.141,1.58582,1.58624,1.50,2.25
2012.06.01 17:29:22.115,1.58582,1.58623,1.50,1.09
2012.06.01 17:29:22.635,1.58581,1.5862,1.43,1.50
2012.06.01 17:29:24.700,1.58581,1.58623,1.43,1.50
2012.06.01 17:29:25.306,1.58581,1.58624,1.43,2.25
2012.06.01 17:29:25.370,1.58581,1.58624,1.43,2.59
2012.06.01 17:29:27.040,1.58581,1.58624,2.18,1.84
2012.06.01 17:29:27.570,1.58581,1.58623,1.43,1.09
2012.06.01 17:29:31.680,1.58581,1.58623,2.93,1.50
2012.06.01 17:29:32.413,1.58593,1.58628,1.50,1.95
2012.06.01 17:29:32.927,1.58598,1.5863,1.43,1.02
2012.06.01 17:29:33.052,1.58593,1.5863,1.50,1.02
2012.06.01 17:29:33.179,1.5859,1.5863,2.93,2.52
2012.06.01 17:29:33.822,1.58587,1.58628,1.50,2.33
2012.06.01 17:29:33.950,1.58583,1.58627,1.50,1.50
2012.06.01 17:29:34.351,1.58583,1.58627,1.50,1.84
2012.06.01 17:29:37.383,1.58583,1.58623,1.50,1.09
2012.06.01 17:29:38.230,1.58583,1.58616,1.50,1.09
2012.06.01 17:29:38.602,1.58573,1.58615,1.50,2.25
2012.06.01 17:29:38.672,1.5857,1.58612,1.50,1.50
2012.06.01 17:29:39.091,1.58575,1.58612,1.43,1.50
2012.06.01 17:29:39.280,1.58575,1.58615,2.18,1.50
2012.06.01 17:29:41.472,1.58575,1.58615,1.43,1.50
2012.06.01 17:29:41.982,1.58571,1.58612,2.25,1.50
2012.06.01 17:29:42.293,1.58572,1.58612,2.18,1.50
2012.06.01 17:29:42.664,1.58582,1.58621,1.50,1.80
2012.06.01 17:29:42.731,1.58585,1.58627,1.50,3.90
2012.06.01 17:29:43.223,1.58585,1.58626,2.25,2.48
2012.06.01 17:29:43.664,1.58587,1.58631,1.50,2.10
2012.06.01 17:29:44.110,1.58583,1.58627,1.50,1.50
2012.06.01 17:29:46.561,1.58586,1.58627,1.50,1.50
2012.06.01 17:29:46.632,1.58588,1.5863,1.50,1.50
2012.06.01 17:29:46.820,1.5859,1.58632,1.50,1.50
2012.06.01 17:29:46.889,1.5859,1.58634,1.50,2.25
2012.06.01 17:29:47.081,1.58592,1.58634,1.50,1.50
2012.06.01 17:29:47.475,1.58598,1.58639,1.50,1.50
2012.06.01 17:29:48.301,1.58599,1.58642,1.50,1.50
2012.06.01 17:29:48.821,1.58599,1.58643,1.50,2.25
2012.06.01 17:29:49.649,1.58599,1.58641,1.50,1.50
2012.06.01 17:29:49.849,1.58599,1.58643,1.50,2.25
2012.06.01 17:29:50.102,1.58597,1.58639,3.68,1.50
2012.06.01 17:29:50.474,1.58605,1.58639,1.43,1.50
2012.06.01 17:29:50.602,1.58608,1.58639,1.43,1.50
2012.06.01 17:29:50.851,1.58608,1.58642,1.43,1.50
2012.06.01 17:29:50.921,1.58608,1.58649,1.43,1.50
2012.06.01 17:29:51.052,1.5861,1.58652,1.50,2.18
2012.06.01 17:29:51.757,1.5861,1.58652,1.50,1.80
2012.06.01 17:29:51.830,1.58608,1.58648,1.43,1.50
2012.06.01 17:29:52.081,1.58606,1.58648,1.50,2.25
2012.06.01 17:29:52.213,1.58603,1.58645,1.50,1.50
2012.06.01 17:29:52.650,1.58603,1.58642,1.50,1.43
2012.06.01 17:29:53.173,1.58599,1.58642,1.88,1.43
2012.06.01 17:29:53.259,1.58603,1.58642,1.50,1.43
2012.06.01 17:29:53.432,1.586,1.58642,1.88,2.93
2012.06.01 17:29:53.562,1.58599,1.58636,1.80,1.50
2012.06.01 17:29:53.695,1.58592,1.58636,3.68,1.50
2012.06.01 17:29:53.765,1.58594,1.58636,1.43,1.50
2012.06.01 17:29:53.892,1.58594,1.58636,2.18,1.50
2012.06.01 17:29:54.200,1.58592,1.58629,2.18,1.50
2012.06.01 17:29:54.272,1.58586,1.58629,1.80,1.50
2012.06.01 17:29:54.344,1.58589,1.58633,1.50,2.93
2012.06.01 17:29:54.982,1.58593,1.58633,1.50,1.43
2012.06.01 17:29:55.291,1.58588,1.58632,1.50,2.93
2012.06.01 17:29:55.422,1.58588,1.5863,1.50,1.20
2012.06.01 17:29:55.912,1.58591,1.58632,1.50,1.27
2012.06.01 17:29:55.981,1.58591,1.58632,1.50,1.88
2012.06.01 17:29:56.052,1.58594,1.58629,1.50,2.48
2012.06.01 17:29:56.181,1.58581,1.58623,3.00,1.65
2012.06.01 17:29:56.971,1.58582,1.58615,2.25,2.18
2012.06.01 17:29:57.062,1.58582,1.58615,1.50,2.18
2012.06.01 17:29:57.213,1.58585,1.58615,1.50,1.43
2012.06.01 17:29:57.534,1.58591,1.58631,1.50,1.19
2012.06.01 17:29:57.719,1.58591,1.58632,1.50,2.25
2012.06.01 17:29:58.503,1.58592,1.58633,1.50,2.25
2012.06.01 17:29:58.580,1.58587,1.58623,1.50,1.50
2012.06.01 17:29:58.664,1.58582,1.58623,1.13,1.50
2012.06.01 17:29:58.851,1.58583,1.58625,1.88,1.50
2012.06.01 17:29:58.922,1.58582,1.58623,1.13,1.50
2012.06.01 17:29:59.661,1.58584,1.58628,1.88,1.50
2012.06.01 17:29:59.982,1.58586,1.58628,1.50,1.50
2012.06.01 17:30:00.291,1.58582,1.58626,2.63,1.50
2012.06.01 17:30:00.813,1.58586,1.58628,1.50,1.50
2012.06.01 17:30:01.463,1.58592,1.58634,1.50,1.50
2012.06.01 17:30:01.529,1.58593,1.58637,1.50,1.50
2012.06.01 17:30:02.122,1.58592,1.58633,3.00,1.50
2012.06.01 17:30:03.080,1.58593,1.58632,1.43,1.50
2012.06.01 17:30:03.641,1.58593,1.58633,1.43,1.50
2012.06.01 17:30:04.651,1.58592,1.58633,2.93,1.50
2012.06.01 17:30:04.839,1.58593,1.58637,1.50,1.50
2012.06.01 17:30:04.970,1.58593,1.58637,1.50,2.25
2012.06.01 17:30:05.322,1.58593,1.58628,1.50,1.43
2012.06.01 17:30:05.393,1.58588,1.58628,1.50,1.43
2012.06.01 17:30:05.461,1.58588,1.5863,1.50,1.50
2012.06.01 17:30:05.771,1.5859,1.58634,1.50,2.25
2012.06.01 17:30:08.209,1.5859,1.58634,1.50,2.25
2012.06.01 17:30:08.790,1.5859,1.58634,1.50,1.50
2012.06.01 17:30:09.041,1.58592,1.58634,1.43,1.50
2012.06.01 17:30:09.592,1.58594,1.58636,1.50,1.50
2012.06.01 17:30:10.035,1.58592,1.58633,2.93,1.50
2012.06.01 17:30:10.189,1.58594,1.58636,1.50,1.50
2012.06.01 17:30:11.212,1.58592,1.58633,2.93,1.50
2012.06.01 17:30:11.631,1.58588,1.5863,2.63,3.00
2012.06.01 17:30:11.879,1.58593,1.58633,1.43,1.50
2012.06.01 17:30:12.131,1.58593,1.58636,1.43,1.50
2012.06.01 17:30:14.230,1.58596,1.58638,1.50,1.50
2012.06.01 17:30:14.611,1.58596,1.58638,1.50,2.85
2012.06.01 17:30:14.801,1.58594,1.58636,1.50,1.80
2012.06.01 17:30:14.871,1.58592,1.58636,1.50,1.80
2012.06.01 17:30:15.529,1.58592,1.58636,1.50,1.80
2012.06.01 17:30:15.801,1.58595,1.58637,1.50,1.43
2012.06.01 17:30:16.230,1.586,1.58636,1.50,1.43
2012.06.01 17:30:16.301,1.58595,1.58637,1.88,1.50
2012.06.01 17:30:16.451,1.58597,1.58641,1.50,2.25
2012.06.01 17:30:17.044,1.58595,1.58637,3.38,1.50
2012.06.01 17:30:17.470,1.58595,1.58637,2.63,1.50
2012.06.01 17:30:17.602,1.58606,1.58644,1.43,1.50
2012.06.01 17:30:18.074,1.58606,1.58647,2.18,1.50
2012.06.01 17:30:19.525,1.58606,1.58645,2.55,1.50
2012.06.01 17:30:23.341,1.5861,1.58645,1.43,1.50
2012.06.01 17:30:23.410,1.5861,1.58648,2.18,1.50
2012.06.01 17:30:23.789,1.5861,1.5865,2.18,1.50
2012.06.01 17:30:24.593,1.5861,1.58647,2.18,1.50
2012.06.01 17:30:24.924,1.5861,1.58645,1.43,1.50
2012.06.01 17:30:27.213,1.5861,1.58646,1.43,1.50
2012.06.01 17:30:27.720,1.5861,1.58645,1.43,1.50
2012.06.01 17:30:27.850,1.58602,1.58645,2.89,1.50
2012.06.01 17:30:28.159,1.58602,1.58642,2.89,1.50
2012.06.01 17:30:28.361,1.58602,1.58644,4.39,1.50
2012.06.01 17:30:28.893,1.58602,1.58643,2.89,1.50
2012.06.01 17:30:29.936,1.58602,1.58641,1.43,1.50
2012.06.01 17:30:30.004,1.58602,1.58638,1.43,1.50
2012.06.01 17:30:30.071,1.58599,1.58638,1.50,1.50
2012.06.01 17:30:30.320,1.58597,1.58641,1.50,3.23
2012.06.01 17:30:30.753,1.58596,1.58637,2.25,1.50
2012.06.01 17:30:30.880,1.58596,1.58639,2.25,1.65
2012.06.01 17:30:31.895,1.58596,1.5864,2.25,1.65
2012.06.01 17:30:32.024,1.586,1.58641,2.25,2.93
2012.06.01 17:30:32.483,1.58602,1.58639,1.43,1.50
2012.06.01 17:30:32.609,1.58602,1.58643,1.43,1.50
2012.06.01 17:30:32.681,1.58602,1.5864,1.43,1.50
2012.06.01 17:30:32.862,1.58602,1.58642,1.43,1.50
2012.06.01 17:30:32.930,1.58602,1.58645,1.43,1.50
2012.06.01 17:30:33.264,1.58602,1.58643,1.43,1.50
2012.06.01 17:30:33.781,1.58602,1.58642,1.43,1.50
2012.06.01 17:30:34.993,1.58602,1.58642,1.43,1.65
2012.06.01 17:30:35.121,1.58597,1.58639,1.50,1.50
2012.06.01 17:30:35.191,1.58594,1.58636,2.55,1.50
2012.06.01 17:30:35.532,1.58594,1.58636,1.80,2.25
2012.06.01 17:30:35.599,1.58594,1.58636,1.80,1.50
2012.06.01 17:30:35.732,1.58594,1.58636,1.80,2.25
2012.06.01 17:30:36.345,1.58592,1.58623,1.88,1.58
2012.06.01 17:30:36.420,1.58584,1.58627,1.50,2.03
2012.06.01 17:30:36.931,1.58584,1.58625,1.50,1.05
2012.06.01 17:30:37.240,1.58581,1.58616,1.50,1.43
2012.06.01 17:30:37.895,1.5858,1.58616,1.50,1.43
2012.06.01 17:30:38.823,1.58579,1.58616,1.50,1.43
2012.06.01 17:30:39.351,1.58578,1.58616,1.50,1.43
2012.06.01 17:30:39.419,1.58575,1.58616,3.00,1.43
2012.06.01 17:30:39.550,1.58578,1.58616,1.50,1.43
2012.06.01 17:30:39.944,1.58575,1.58616,1.50,1.43
2012.06.01 17:30:40.070,1.58572,1.58616,1.50,2.93
2012.06.01 17:30:40.242,1.58576,1.58616,1.50,1.43
2012.06.01 17:30:40.909,1.58579,1.58621,2.25,2.18
2012.06.01 17:30:41.207,1.58585,1.58624,1.50,2.33
2012.06.01 17:30:41.721,1.58581,1.58624,2.25,2.33
2012.06.01 17:30:42.332,1.58583,1.58624,1.50,2.33
2012.06.01 17:30:42.603,1.58581,1.58623,1.50,1.13
2012.06.01 17:30:46.101,1.58581,1.58623,1.50,1.47
2012.06.01 17:30:46.181,1.58578,1.58615,1.50,1.43
2012.06.01 17:30:46.640,1.5858,1.58615,1.50,1.43
2012.06.01 17:30:46.966,1.58582,1.58615,1.50,1.43
2012.06.01 17:30:48.301,1.5858,1.58615,1.50,1.43
2012.06.01 17:30:48.883,1.58579,1.58615,1.50,1.43
2012.06.01 17:30:50.832,1.58582,1.58615,1.50,1.43
2012.06.01 17:30:50.962,1.58582,1.58623,1.50,2.29
2012.06.01 17:30:51.173,1.58579,1.58619,3.00,1.13
2012.06.01 17:30:51.244,1.58585,1.58623,1.50,3.04
2012.06.01 17:30:51.430,1.58583,1.58623,1.50,3.04
2012.06.01 17:30:55.134,1.58581,1.58623,2.25,3.45
2012.06.01 17:30:57.628,1.58583,1.58623,1.50,1.95
2012.06.01 17:30:59.382,1.58584,1.58623,1.50,2.70
2012.06.01 17:31:00.169,1.58586,1.58623,1.50,2.70
2012.06.01 17:31:00.502,1.58585,1.58623,3.75,1.58
2012.06.01 17:31:00.750,1.58588,1.58628,1.50,1.17
2012.06.01 17:31:01.253,1.58588,1.5863,1.50,2.37
2012.06.01 17:31:03.002,1.5859,1.58629,1.50,1.62
2012.06.01 17:31:03.451,1.5859,1.58627,1.50,1.24
2012.06.01 17:31:03.521,1.5859,1.58628,1.50,1.62
2012.06.01 17:31:03.800,1.58587,1.58628,1.50,1.62
2012.06.01 17:31:07.802,1.5859,1.58631,1.50,1.32
2012.06.01 17:31:08.048,1.58587,1.58631,1.50,2.52
2012.06.01 17:31:08.908,1.58587,1.58631,1.50,2.18
2012.06.01 17:31:09.705,1.58588,1.5863,1.50,2.03
2012.06.01 17:31:12.583,1.58589,1.5863,1.43,2.03
2012.06.01 17:31:12.715,1.58593,1.58632,2.25,2.48
2012.06.01 17:31:12.781,1.58593,1.58635,2.25,1.88
2012.06.01 17:31:13.225,1.58595,1.58633,1.50,1.43
2012.06.01 17:31:13.290,1.58598,1.58633,1.50,2.18
2012.06.01 17:31:13.420,1.58595,1.58633,1.50,2.18
2012.06.01 17:31:13.601,1.586,1.58633,1.50,3.68
2012.06.01 17:31:13.672,1.58588,1.58632,1.50,1.50
2012.06.01 17:31:15.244,1.58588,1.58632,2.25,1.50
2012.06.01 17:31:15.580,1.58594,1.58632,2.18,1.50
2012.06.01 17:31:15.893,1.58594,1.58636,2.18,1.13
2012.06.01 17:31:16.436,1.58597,1.58637,1.50,1.13
2012.06.01 17:31:16.976,1.58594,1.58637,2.18,2.63
2012.06.01 17:31:17.041,1.58598,1.58637,1.50,1.13
2012.06.01 17:31:17.642,1.58598,1.58637,1.95,1.13
2012.06.01 17:31:17.773,1.58602,1.58637,1.20,2.25
2012.06.01 17:31:17.903,1.5861,1.58637,1.43,2.25
2012.06.01 17:31:17.973,1.58602,1.58642,2.63,1.04
2012.06.01 17:31:18.043,1.58602,1.58643,1.88,1.50
2012.06.01 17:31:18.110,1.58602,1.58643,1.80,1.50
2012.06.01 17:31:18.620,1.58604,1.58643,1.13,1.50
2012.06.01 17:31:18.753,1.58604,1.58647,1.13,1.80
2012.06.01 17:31:19.003,1.5861,1.58647,2.18,1.80
2012.06.01 17:31:19.310,1.58619,1.58647,1.43,1.80
2012.06.01 17:31:19.621,1.58623,1.58647,1.43,1.65
2012.06.01 17:31:20.082,1.58623,1.58658,1.43,1.50
2012.06.01 17:31:20.210,1.58623,1.58655,1.43,1.50
2012.06.01 17:31:20.792,1.58623,1.58661,1.43,1.50
2012.06.01 17:31:21.414,1.58623,1.5866,2.18,1.50
2012.06.01 17:31:22.023,1.58623,1.5866,1.43,1.84
2012.06.01 17:31:22.156,1.58619,1.58663,4.47,1.80
2012.06.01 17:31:22.228,1.58622,1.58661,2.18,1.50
2012.06.01 17:31:22.542,1.58636,1.58659,2.18,1.50
2012.06.01 17:31:22.870,1.58636,1.58659,1.88,1.50
2012.06.01 17:31:22.941,1.58636,1.58659,1.43,1.50
2012.06.01 17:31:23.072,1.58636,1.58673,1.43,1.50
2012.06.01 17:31:23.675,1.58636,1.58673,1.43,2.25
2012.06.01 17:31:23.745,1.58636,1.58673,1.43,2.25
2012.06.01 17:31:23.816,1.58636,1.58665,1.43,1.50
2012.06.01 17:31:23.946,1.58626,1.58665,2.18,1.50
2012.06.01 17:31:24.070,1.58625,1.58664,1.20,1.43
2012.06.01 17:31:24.613,1.58625,1.58664,1.20,1.77
2012.06.01 17:31:24.693,1.58618,1.58654,1.80,1.50
2012.06.01 17:31:25.206,1.58618,1.58654,1.43,1.65
2012.06.01 17:31:25.424,1.58618,1.58654,2.18,1.65
2012.06.01 17:31:25.492,1.58618,1.58656,1.43,1.80
2012.06.01 17:31:25.621,1.58618,1.58658,2.18,1.95
2012.06.01 17:31:25.705,1.58618,1.58658,1.43,1.95
2012.06.01 17:31:26.661,1.58618,1.58659,2.18,1.95
2012.06.01 17:31:26.731,1.58618,1.58659,1.43,1.95
2012.06.01 17:31:27.893,1.58613,1.58657,1.50,3.38
2012.06.01 17:31:28.410,1.58611,1.58653,3.00,2.25
2012.06.01 17:31:28.467,1.58606,1.58648,1.50,2.18
2012.06.01 17:31:28.775,1.58603,1.58642,1.80,1.84
2012.06.01 17:31:29.083,1.586,1.58632,1.50,1.20
2012.06.01 17:31:29.566,1.58597,1.58636,1.50,1.50
2012.06.01 17:31:30.335,1.58597,1.58636,2.25,1.50
2012.06.01 17:31:30.522,1.5861,1.58641,1.43,2.69
2012.06.01 17:31:30.595,1.5861,1.58652,2.93,2.14
2012.06.01 17:31:30.662,1.5861,1.58652,2.93,2.14
2012.06.01 17:31:30.861,1.58605,1.58647,1.50,1.80
2012.06.01 17:31:30.934,1.58605,1.58647,2.25,2.10
2012.06.01 17:31:31.000,1.58605,1.58647,2.25,2.10
2012.06.01 17:31:31.073,1.58605,1.58647,1.50,2.10
2012.06.01 17:31:31.702,1.58605,1.58647,2.25,2.10
2012.06.01 17:31:32.771,1.58608,1.58649,1.50,2.03
2012.06.01 17:31:32.851,1.58605,1.58645,1.50,1.65
2012.06.01 17:31:32.921,1.58602,1.58643,3.30,1.50
2012.06.01 17:31:33.131,1.58605,1.58647,1.50,2.10
2012.06.01 17:31:33.641,1.58602,1.58644,1.80,1.50
2012.06.01 17:31:35.310,1.58604,1.58646,1.50,3.60
2012.06.01 17:31:36.054,1.58604,1.58646,1.50,2.10
2012.06.01 17:31:36.360,1.58611,1.5865,2.18,1.50
2012.06.01 17:31:36.729,1.58611,1.58652,3.68,1.50
2012.06.01 17:31:36.804,1.58617,1.58655,1.50,1.47
2012.06.01 17:31:37.654,1.58617,1.58655,1.50,1.61
2012.06.01 17:31:38.282,1.58616,1.58655,1.50,1.61
2012.06.01 17:31:38.352,1.58613,1.58653,1.50,1.50
2012.06.01 17:31:38.433,1.58613,1.5865,1.50,1.43
2012.06.01 17:31:38.692,1.58613,1.58654,1.50,1.05
2012.06.01 17:31:38.822,1.58612,1.58654,2.25,1.80
2012.06.01 17:31:38.896,1.58612,1.58654,1.50,1.80
2012.06.01 17:31:39.080,1.58615,1.58655,1.50,1.02
2012.06.01 17:31:39.742,1.58611,1.58653,3.68,1.80
2012.06.01 17:31:40.219,1.58615,1.58655,1.50,1.02
2012.06.01 17:31:40.535,1.58618,1.58657,1.43,2.10
2012.06.01 17:31:40.662,1.58618,1.5866,1.43,1.88
2012.06.01 17:31:40.991,1.5862,1.58662,1.50,1.76
2012.06.01 17:31:41.564,1.5862,1.58661,1.50,1.27
2012.06.01 17:31:41.639,1.58616,1.58657,1.50,1.92
2012.06.01 17:31:42.072,1.5861,1.58653,2.18,1.50
2012.06.01 17:31:42.683,1.58612,1.58655,2.25,1.84
2012.06.01 17:31:42.754,1.58615,1.58657,1.50,3.87
2012.06.01 17:31:43.294,1.58616,1.58657,2.25,3.53
2012.06.01 17:31:43.620,1.58621,1.58661,1.50,1.57
2012.06.01 17:31:44.779,1.58621,1.58665,1.50,3.94
2012.06.01 17:31:44.851,1.58625,1.58665,1.50,2.14
2012.06.01 17:31:47.296,1.5862,1.5866,1.50,1.50
2012.06.01 17:31:47.362,1.58618,1.58657,1.43,1.50
2012.06.01 17:31:47.489,1.58621,1.58663,1.50,2.63
2012.06.01 17:31:49.474,1.58618,1.58658,1.43,1.50
2012.06.01 17:31:51.331,1.5862,1.58661,1.50,1.50
2012.06.01 17:31:51.400,1.58623,1.58663,1.50,1.13
2012.06.01 17:31:51.943,1.5862,1.58662,2.25,1.50
2012.06.01 17:31:52.016,1.5862,1.58662,1.50,1.50
2012.06.01 17:31:52.103,1.5862,1.58662,2.25,1.50
2012.06.01 17:31:52.233,1.58622,1.58665,2.25,2.93
2012.06.01 17:31:52.700,1.58627,1.58665,2.18,1.50
2012.06.01 17:31:53.081,1.58635,1.58673,2.18,1.50
2012.06.01 17:31:53.331,1.58635,1.58676,1.43,1.50
2012.06.01 17:31:53.519,1.58635,1.58673,1.43,1.50
2012.06.01 17:31:53.835,1.58635,1.58671,1.43,1.50
2012.06.01 17:31:54.141,1.58635,1.58675,1.43,1.50
2012.06.01 17:31:54.271,1.58631,1.58674,2.25,1.43
2012.06.01 17:31:54.462,1.58631,1.58668,1.50,1.09
2012.06.01 17:31:54.824,1.58619,1.58663,3.08,1.50
2012.06.01 17:31:55.193,1.58619,1.58659,1.43,1.50
2012.06.01 17:31:55.504,1.58619,1.58656,2.18,1.50
2012.06.01 17:31:55.813,1.58631,1.58656,1.43,1.50
2012.06.01 17:31:55.945,1.58628,1.58656,1.43,1.50
2012.06.01 17:31:56.397,1.58613,1.58651,1.43,1.50
2012.06.01 17:31:56.529,1.5861,1.58651,3.68,1.50
2012.06.01 17:31:56.751,1.58625,1.58651,1.50,1.50
2012.06.01 17:31:56.881,1.58617,1.58651,1.50,1.50
2012.06.01 17:31:56.952,1.58617,1.58658,1.50,1.50
2012.06.01 17:31:57.515,1.58616,1.58658,1.50,1.50
2012.06.01 17:31:57.582,1.5861,1.58653,1.43,1.50
2012.06.01 17:31:58.585,1.5861,1.58652,1.50,1.50
2012.06.01 17:31:58.904,1.5861,1.58652,2.25,1.50
2012.06.01 17:31:59.213,1.58617,1.58652,1.43,1.50
2012.06.01 17:31:59.520,1.58617,1.58649,1.43,1.50
2012.06.01 17:31:59.595,1.58617,1.58656,1.43,1.50
2012.06.01 17:32:00.142,1.58617,1.58656,1.43,2.25
2012.06.01 17:32:00.213,1.58617,1.58656,1.43,1.50
2012.06.01 17:32:00.901,1.58616,1.58656,1.43,1.50
2012.06.01 17:32:00.972,1.58616,1.58656,2.18,1.50
2012.06.01 17:32:01.182,1.58616,1.58656,2.18,1.50
2012.06.01 17:32:01.553,1.58624,1.5866,1.43,1.50
2012.06.01 17:32:01.814,1.58616,1.58654,1.50,1.43
2012.06.01 17:32:02.184,1.58609,1.58652,1.43,1.50
2012.06.01 17:32:02.250,1.58611,1.58652,1.50,1.50
2012.06.01 17:32:02.561,1.58613,1.58654,1.50,2.18
2012.06.01 17:32:02.871,1.58616,1.58654,2.18,1.84
2012.06.01 17:32:03.193,1.58625,1.58654,1.43,1.50
2012.06.01 17:32:03.263,1.58625,1.58664,1.43,2.25
2012.06.01 17:32:03.753,1.58625,1.58662,1.43,1.50
2012.06.01 17:32:04.256,1.58625,1.58657,1.43,1.50
2012.06.01 17:32:04.336,1.58619,1.58656,1.43,1.50
2012.06.01 17:32:04.764,1.58615,1.58656,1.13,1.50
2012.06.01 17:32:04.894,1.58615,1.5865,1.88,1.50
2012.06.01 17:32:05.673,1.5861,1.5865,2.93,1.50
2012.06.01 17:32:05.744,1.58613,1.58655,1.50,3.68
2012.06.01 17:32:07.298,1.58613,1.58654,1.50,1.09
2012.06.01 17:32:07.372,1.5861,1.58651,1.43,2.25
2012.06.01 17:32:07.440,1.5861,1.58651,1.43,1.50
2012.06.01 17:32:07.802,1.5861,1.58651,1.43,2.25
2012.06.01 17:32:07.973,1.5861,1.58651,1.43,1.50
2012.06.01 17:32:09.342,1.5861,1.58651,2.18,1.50
2012.06.01 17:32:09.940,1.5861,1.58651,1.43,1.50
2012.06.01 17:32:10.784,1.58613,1.58655,1.50,3.27
2012.06.01 17:32:11.091,1.58618,1.58657,1.43,1.02
2012.06.01 17:32:11.342,1.58612,1.58654,1.50,1.84
2012.06.01 17:32:12.472,1.58612,1.58645,1.50,1.43
2012.06.01 17:32:12.603,1.58603,1.58645,1.50,1.58
2012.06.01 17:32:12.733,1.58603,1.58645,2.25,1.58
2012.06.01 17:32:12.921,1.58607,1.58649,2.25,1.50
2012.06.01 17:32:13.330,1.58609,1.58653,1.50,1.50
2012.06.01 17:32:13.982,1.58604,1.58643,1.43,1.50
2012.06.01 17:32:14.112,1.58602,1.58644,1.50,1.50
2012.06.01 17:32:14.302,1.58605,1.58644,1.43,1.50
2012.06.01 17:32:14.734,1.58605,1.58642,1.43,1.50
2012.06.01 17:32:15.447,1.58605,1.58643,1.43,1.50
2012.06.01 17:32:15.581,1.58606,1.58647,2.25,1.50
2012.06.01 17:32:20.095,1.58605,1.58646,2.18,1.50
2012.06.01 17:32:20.165,1.58605,1.58646,1.43,1.50
2012.06.01 17:32:20.383,1.58605,1.58646,2.18,1.50
2012.06.01 17:32:20.692,1.58613,1.58647,1.43,1.50
2012.06.01 17:32:20.881,1.58613,1.5865,1.43,1.50
2012.06.01 17:32:21.012,1.58615,1.58652,1.43,1.50
2012.06.01 17:32:21.347,1.58615,1.58652,2.18,1.50
2012.06.01 17:32:21.412,1.58615,1.58652,1.43,1.50
2012.06.01 17:32:21.951,1.58621,1.58652,1.20,1.50
2012.06.01 17:32:22.023,1.58622,1.58658,2.18,1.50
2012.06.01 17:32:22.093,1.58622,1.58655,2.18,1.50
2012.06.01 17:32:22.342,1.58614,1.58654,1.43,1.50
2012.06.01 17:32:22.413,1.58614,1.58654,2.18,1.50
2012.06.01 17:32:22.621,1.58614,1.58654,1.43,1.50
2012.06.01 17:32:23.932,1.58614,1.58651,1.43,1.50
2012.06.01 17:32:25.871,1.58614,1.58651,2.18,1.50
2012.06.01 17:32:25.943,1.58614,1.58651,1.43,1.50
2012.06.01 17:32:26.143,1.58612,1.58651,2.18,1.50
2012.06.01 17:32:26.211,1.58614,1.58651,1.43,1.50
2012.06.01 17:32:26.543,1.58614,1.58652,2.18,1.50
2012.06.01 17:32:26.610,1.58614,1.58654,2.18,1.50
2012.06.01 17:32:27.032,1.58614,1.58652,2.18,1.50
2012.06.01 17:32:27.354,1.58614,1.5865,2.18,1.50
2012.06.01 17:32:27.612,1.58612,1.5865,1.43,1.50
2012.06.01 17:32:28.646,1.58612,1.58647,1.43,1.50
2012.06.01 17:32:28.832,1.58613,1.58649,1.43,1.50
2012.06.01 17:32:28.900,1.58613,1.58651,1.43,1.50
2012.06.01 17:32:29.033,1.58613,1.58653,1.43,1.50
2012.06.01 17:32:29.162,1.58613,1.58654,2.18,1.50
2012.06.01 17:32:29.234,1.58616,1.58658,1.20,2.93
2012.06.01 17:32:29.682,1.58621,1.58655,1.43,1.50
2012.06.01 17:32:30.916,1.58621,1.58656,1.43,1.50
2012.06.01 17:32:31.041,1.58615,1.58657,1.50,1.50
2012.06.01 17:32:31.118,1.58612,1.58655,4.13,1.50
2012.06.01 17:32:31.667,1.58612,1.58655,1.88,2.25
2012.06.01 17:32:32.389,1.58612,1.58655,2.63,1.50
2012.06.01 17:32:33.252,1.58612,1.58655,1.88,2.25
2012.06.01 17:32:33.325,1.58611,1.58653,1.50,1.43
2012.06.01 17:32:33.569,1.58613,1.58655,1.50,1.50
2012.06.01 17:32:33.996,1.58615,1.58657,1.50,1.50
2012.06.01 17:32:34.726,1.58615,1.58657,1.50,2.25
2012.06.01 17:32:35.559,1.58612,1.58654,3.38,2.25
2012.06.01 17:32:36.082,1.58609,1.58651,1.50,1.50
2012.06.01 17:32:36.399,1.58613,1.58651,1.88,1.50
2012.06.01 17:32:36.590,1.58613,1.58655,3.38,1.50
2012.06.01 17:32:37.051,1.58613,1.58652,1.43,1.50
2012.06.01 17:32:37.120,1.5861,1.58652,2.25,1.50
2012.06.01 17:32:37.670,1.5861,1.58652,1.50,1.50
2012.06.01 17:32:37.741,1.58611,1.58652,1.20,1.50
2012.06.01 17:32:37.870,1.58613,1.58654,1.88,1.50
2012.06.01 17:32:38.022,1.58615,1.58657,1.50,1.50
2012.06.01 17:32:38.384,1.58613,1.58645,1.43,1.50
2012.06.01 17:32:38.516,1.58611,1.58645,2.25,2.93
2012.06.01 17:32:38.643,1.58603,1.58645,2.25,2.93
2012.06.01 17:32:38.952,1.58604,1.58645,1.43,1.50
2012.06.01 17:32:39.026,1.58604,1.58645,2.18,1.50
2012.06.01 17:32:39.270,1.58604,1.58645,1.43,1.50
2012.06.01 17:32:39.708,1.58609,1.58644,1.50,1.43
2012.06.01 17:32:39.854,1.58605,1.58646,1.50,1.43
2012.06.01 17:32:40.361,1.58605,1.58646,2.25,1.43
2012.06.01 17:32:41.911,1.58605,1.58646,1.50,1.43
2012.06.01 17:32:42.961,1.58609,1.58646,1.50,1.43
2012.06.01 17:32:43.151,1.58609,1.58651,1.50,1.95
2012.06.01 17:32:43.220,1.58611,1.58653,1.50,1.43
2012.06.01 17:32:43.593,1.58611,1.58655,1.50,1.50
2012.06.01 17:32:47.344,1.58607,1.58646,2.18,1.50
2012.06.01 17:32:47.411,1.58607,1.58649,2.18,1.50
2012.06.01 17:32:47.482,1.58607,1.58649,2.18,1.50
2012.06.01 17:32:47.550,1.58607,1.58645,2.18,1.50
2012.06.01 17:32:47.693,1.58603,1.58645,1.50,1.50
2012.06.01 17:32:47.762,1.58599,1.58642,2.63,1.50
2012.06.01 17:32:48.069,1.58599,1.58638,2.18,1.50
2012.06.01 17:32:48.321,1.58599,1.58641,3.68,1.50
2012.06.01 17:32:48.565,1.58599,1.58638,2.18,1.50
2012.06.01 17:32:48.631,1.58599,1.58638,1.43,1.50
2012.06.01 17:32:48.704,1.58599,1.58629,1.43,1.50
2012.06.01 17:32:48.776,1.58587,1.58629,1.20,1.50
2012.06.01 17:32:48.842,1.58585,1.58629,2.25,1.50
2012.06.01 17:32:50.000,1.58585,1.58629,2.25,1.50
2012.06.01 17:32:50.071,1.58585,1.58629,2.25,1.50
2012.06.01 17:32:50.201,1.58584,1.58625,2.25,1.50
2012.06.01 17:32:50.658,1.58584,1.58625,1.50,1.50
2012.06.01 17:32:51.287,1.58583,1.58625,1.50,1.50
2012.06.01 17:32:52.643,1.58583,1.58625,1.95,1.50
2012.06.01 17:32:52.951,1.58597,1.58625,1.43,1.50
2012.06.01 17:32:53.200,1.58597,1.58635,1.43,1.50
2012.06.01 17:32:55.010,1.58597,1.58633,2.18,1.50
2012.06.01 17:32:55.145,1.58597,1.58635,2.18,1.50
2012.06.01 17:32:55.896,1.58597,1.58638,1.43,1.50
2012.06.01 17:32:55.965,1.58601,1.5864,2.25,1.50
2012.06.01 17:32:56.292,1.58609,1.5864,1.50,1.50
2012.06.01 17:32:56.360,1.58609,1.58645,1.50,2.18
2012.06.01 17:32:56.883,1.58609,1.58651,1.50,4.28
2012.06.01 17:32:57.013,1.58607,1.58644,2.25,1.50
2012.06.01 17:32:57.203,1.58606,1.58644,2.18,1.88
2012.06.01 17:32:57.333,1.58595,1.58635,2.25,1.43
2012.06.01 17:32:57.402,1.58595,1.58635,2.25,1.73
2012.06.01 17:32:57.474,1.58595,1.58635,1.50,1.73
2012.06.01 17:32:57.659,1.58598,1.58633,1.43,1.65
2012.06.01 17:32:57.982,1.58598,1.58637,1.43,1.84
2012.06.01 17:33:03.822,1.58603,1.5864,1.43,1.84
2012.06.01 17:33:03.890,1.58603,1.5864,1.43,1.50
2012.06.01 17:33:04.563,1.58603,1.58642,1.43,3.30
2012.06.01 17:33:04.632,1.58603,1.58639,1.43,1.50
2012.06.01 17:33:05.033,1.58603,1.58642,1.43,1.50
2012.06.01 17:33:05.568,1.58603,1.58643,1.43,1.50
2012.06.01 17:33:05.980,1.58603,1.5864,1.43,1.50
2012.06.01 17:33:06.323,1.58603,1.58643,1.43,1.50
2012.06.01 17:33:06.390,1.58603,1.58645,1.43,1.88
2012.06.01 17:33:07.236,1.58603,1.58644,1.43,1.50
2012.06.01 17:33:10.611,1.58604,1.58646,1.50,2.22
2012.06.01 17:33:10.801,1.58603,1.58643,1.43,1.50
2012.06.01 17:33:13.041,1.58607,1.58644,1.50,1.50
2012.06.01 17:33:13.671,1.58608,1.58649,1.43,1.88
2012.06.01 17:33:13.980,1.5861,1.58651,1.50,3.90
2012.06.01 17:33:14.478,1.58608,1.58649,1.43,1.88
2012.06.01 17:33:15.610,1.58608,1.58649,1.43,1.50
2012.06.01 17:33:16.751,1.58608,1.58645,1.43,1.50
2012.06.01 17:33:16.880,1.58605,1.58647,1.50,1.50
2012.06.01 17:33:17.011,1.58609,1.58649,1.50,1.43
2012.06.01 17:33:17.360,1.58612,1.58651,1.43,1.50
2012.06.01 17:33:17.733,1.58612,1.58653,2.93,1.50
2012.06.01 17:33:18.240,1.58612,1.5865,1.43,1.50
2012.06.01 17:33:18.551,1.58612,1.58654,1.43,1.50
2012.06.01 17:33:19.063,1.58614,1.58654,1.50,1.50
2012.06.01 17:33:19.401,1.58616,1.58658,1.50,2.89
2012.06.01 17:33:19.634,1.58613,1.58655,1.50,1.50
2012.06.01 17:33:21.619,1.58615,1.58658,1.50,2.89
2012.06.01 17:33:21.690,1.58611,1.58655,2.93,1.50
2012.06.01 17:33:22.894,1.58611,1.58655,2.93,2.25
2012.06.01 17:33:23.340,1.58615,1.58656,1.50,3.00
2012.06.01 17:33:24.012,1.58619,1.58658,1.50,3.30
2012.06.01 17:33:26.931,1.58626,1.58661,1.43,2.03
2012.06.01 17:33:27.120,1.58627,1.58668,1.50,1.05
2012.06.01 17:33:27.192,1.58629,1.58669,1.50,1.23
2012.06.01 17:33:27.382,1.58629,1.58672,1.50,2.37
2012.06.01 17:33:27.641,1.58626,1.58669,2.18,1.99
2012.06.01 17:33:27.972,1.58626,1.58669,2.63,1.65
2012.06.01 17:33:28.548,1.5863,1.58668,2.18,1.50
2012.06.01 17:33:29.077,1.5863,1.58668,2.18,1.50
2012.06.01 17:33:29.724,1.5863,1.58668,2.18,1.50
2012.06.01 17:33:30.082,1.58622,1.58661,1.09,1.50
2012.06.01 17:33:30.151,1.58621,1.58661,1.92,1.50
2012.06.01 17:33:30.302,1.58621,1.58663,3.42,1.50
2012.06.01 17:33:30.944,1.58621,1.58663,2.93,1.50
2012.06.01 17:33:31.627,1.58622,1.58663,1.43,1.50
2012.06.01 17:33:32.642,1.58621,1.58663,1.50,1.50
2012.06.01 17:33:33.174,1.58622,1.58664,1.43,1.84
2012.06.01 17:33:34.954,1.58622,1.58667,1.43,2.25
2012.06.01 17:33:35.024,1.58622,1.58667,1.43,2.25
2012.06.01 17:33:35.094,1.58616,1.5866,1.88,2.18
2012.06.01 17:33:35.464,1.58615,1.58659,1.43,2.25
2012.06.01 17:33:35.592,1.58613,1.58656,1.50,2.18
2012.06.01 17:33:35.723,1.58615,1.5866,1.43,3.68
2012.06.01 17:33:38.952,1.58615,1.58658,1.43,3.34
2012.06.01 17:33:39.025,1.58606,1.58653,2.55,1.80
2012.06.01 17:33:39.092,1.58606,1.58653,2.55,2.25
2012.06.01 17:33:39.610,1.58607,1.58653,1.88,2.25
2012.06.01 17:33:40.134,1.58607,1.58653,1.88,2.25
2012.06.01 17:33:40.450,1.58607,1.58653,2.63,2.25
2012.06.01 17:33:40.520,1.58607,1.58653,2.63,2.25
2012.06.01 17:33:40.651,1.58611,1.58658,1.43,4.62
2012.06.01 17:33:41.300,1.58612,1.58658,1.50,3.12
2012.06.01 17:33:42.882,1.58614,1.58658,1.50,2.78
2012.06.01 17:33:43.191,1.58622,1.58664,1.50,1.27
2012.06.01 17:33:43.452,1.58627,1.58667,1.20,1.88
2012.06.01 17:33:43.583,1.58631,1.58676,2.18,3.57
2012.06.01 17:33:43.653,1.58631,1.58675,2.18,2.10
2012.06.01 17:33:43.782,1.58623,1.58667,1.50,2.93
2012.06.01 17:33:43.851,1.58627,1.58667,1.50,1.73
2012.06.01 17:33:44.162,1.58627,1.58668,2.25,1.65
2012.06.01 17:33:44.422,1.58626,1.58665,2.18,1.50
2012.06.01 17:33:45.945,1.58626,1.58665,2.18,1.50
2012.06.01 17:33:46.483,1.58623,1.58665,2.25,1.50
2012.06.01 17:33:47.003,1.58627,1.58669,1.50,2.40
2012.06.01 17:33:47.072,1.58627,1.58666,1.50,1.43
2012.06.01 17:33:47.200,1.58623,1.58666,1.50,1.43
2012.06.01 17:33:47.971,1.58621,1.58664,2.63,1.50
2012.06.01 17:33:48.637,1.58622,1.58664,2.25,1.50
2012.06.01 17:33:48.704,1.58623,1.58666,2.25,1.43
2012.06.01 17:33:48.950,1.58623,1.58666,2.25,1.43
2012.06.01 17:33:49.511,1.58623,1.58667,2.25,3.08
2012.06.01 17:33:49.871,1.58623,1.58667,2.25,2.93
2012.06.01 17:33:50.061,1.58622,1.58664,4.13,1.50
2012.06.01 17:33:50.251,1.58622,1.58664,1.50,3.00
2012.06.01 17:33:50.322,1.5862,1.58662,1.80,1.50
2012.06.01 17:33:50.510,1.58623,1.58665,1.43,1.50
2012.06.01 17:33:51.261,1.58623,1.58664,1.43,1.50
2012.06.01 17:33:51.391,1.58623,1.58662,1.43,1.50
2012.06.01 17:33:51.983,1.58623,1.58657,1.43,1.50
2012.06.01 17:33:53.003,1.58623,1.5866,1.43,1.50
2012.06.01 17:33:54.441,1.5862,1.5866,1.43,1.50
2012.06.01 17:33:54.570,1.58622,1.5866,1.43,1.50
2012.06.01 17:33:54.921,1.58624,1.5866,1.43,1.50
2012.06.01 17:33:56.474,1.58624,1.58661,1.43,1.50
2012.06.01 17:33:56.541,1.58622,1.58661,1.43,1.50
2012.06.01 17:33:56.611,1.58617,1.58661,2.93,1.50
2012.06.01 17:33:56.680,1.58617,1.58657,1.43,1.50
2012.06.01 17:33:56.750,1.58613,1.58657,1.50,1.50
2012.06.01 17:33:56.821,1.58613,1.58654,1.50,1.50
2012.06.01 17:33:57.413,1.58611,1.58652,1.50,1.50
2012.06.01 17:33:57.943,1.58611,1.58653,1.50,1.50
2012.06.01 17:33:58.583,1.58607,1.58651,2.93,1.50
2012.06.01 17:33:59.303,1.58607,1.58648,1.43,1.50
2012.06.01 17:34:01.491,1.58608,1.5865,1.50,1.50
2012.06.01 17:34:02.011,1.58607,1.58647,1.43,1.50
2012.06.01 17:34:02.140,1.58604,1.58645,1.43,1.50
2012.06.01 17:34:02.902,1.58613,1.58652,1.43,1.50
2012.06.01 17:34:03.721,1.58613,1.58654,1.43,1.50
2012.06.01 17:34:04.241,1.58617,1.58657,2.25,1.50
2012.06.01 17:34:04.429,1.5862,1.58662,3.68,1.88
2012.06.01 17:34:07.411,1.5862,1.58662,3.68,1.88
2012.06.01 17:34:07.740,1.58622,1.58662,1.20,1.50
2012.06.01 17:34:07.870,1.58629,1.58666,1.43,1.80
2012.06.01 17:34:08.414,1.58629,1.58669,1.77,2.10
2012.06.01 17:34:08.661,1.58637,1.58674,1.43,1.50
2012.06.01 17:34:08.821,1.58637,1.58676,1.43,1.50
2012.06.01 17:34:09.071,1.58637,1.58672,1.43,1.50
2012.06.01 17:34:10.600,1.58637,1.5867,1.43,1.50
2012.06.01 17:34:10.675,1.58629,1.58666,1.77,1.50
2012.06.01 17:34:11.267,1.58629,1.58666,1.43,1.50
2012.06.01 17:34:13.333,1.58629,1.58669,1.43,1.50
2012.06.01 17:34:13.484,1.58629,1.58669,2.18,1.50
2012.06.01 17:34:13.672,1.58637,1.58679,1.43,2.63
2012.06.01 17:34:14.170,1.58637,1.58674,1.43,1.50
2012.06.01 17:34:14.497,1.58637,1.58677,1.43,1.88
2012.06.01 17:34:15.781,1.58637,1.58675,1.77,1.50
2012.06.01 17:34:16.322,1.58637,1.58675,1.43,2.25
2012.06.01 17:34:16.398,1.58628,1.58669,1.43,1.50
2012.06.01 17:34:17.374,1.58628,1.58672,2.93,1.50
2012.06.01 17:34:17.801,1.58628,1.58669,1.43,1.50
2012.06.01 17:34:19.851,1.58629,1.58671,1.50,1.50
2012.06.01 17:34:20.112,1.58628,1.58668,1.43,1.50
2012.06.01 17:34:22.020,1.58628,1.58671,2.93,1.50
2012.06.01 17:34:22.338,1.58628,1.58668,1.43,1.50
2012.06.01 17:34:22.658,1.58628,1.5867,2.93,1.50
2012.06.01 17:34:22.730,1.58628,1.58672,2.93,1.50
2012.06.01 17:34:24.137,1.58628,1.58672,3.68,1.50
2012.06.01 17:34:24.440,1.58645,1.58668,1.43,1.50
2012.06.01 17:34:24.991,1.58645,1.58685,1.43,1.80
2012.06.01 17:34:25.465,1.58645,1.58685,2.18,1.80
2012.06.01 17:34:25.785,1.58653,1.58693,2.93,1.05
2012.06.01 17:34:26.251,1.58658,1.587,1.50,3.38
2012.06.01 17:34:26.328,1.58662,1.58704,1.50,2.10
2012.06.01 17:34:26.404,1.58662,1.58704,1.50,1.65
2012.06.01 17:34:26.471,1.58662,1.58704,1.50,1.50
2012.06.01 17:34:27.481,1.58661,1.58702,1.43,1.50
2012.06.01 17:34:29.425,1.58658,1.58702,1.50,1.50
2012.06.01 17:34:29.554,1.58661,1.58702,1.43,1.50
2012.06.01 17:34:30.212,1.58661,1.587,1.43,1.50
2012.06.01 17:34:30.471,1.58663,1.58705,1.50,1.50
2012.06.01 17:34:32.434,1.58667,1.58705,1.20,3.00
2012.06.01 17:34:32.740,1.5867,1.58705,1.43,1.50
2012.06.01 17:34:32.931,1.58662,1.58703,1.43,1.50
2012.06.01 17:34:33.592,1.58662,1.58701,1.43,1.50
2012.06.01 17:34:33.662,1.58662,1.58703,1.43,1.50
2012.06.01 17:34:35.265,1.58667,1.58706,1.20,1.50
2012.06.01 17:34:35.669,1.58669,1.58706,2.18,1.50
2012.06.01 17:34:35.741,1.58669,1.58706,1.43,1.50
2012.06.01 17:34:35.874,1.58669,1.58709,1.43,1.80
2012.06.01 17:34:36.002,1.58669,1.58706,1.43,1.50
2012.06.01 17:34:36.341,1.58669,1.58706,2.18,1.50
2012.06.01 17:34:36.871,1.58669,1.58706,2.18,1.50
2012.06.01 17:34:37.537,1.58669,1.58706,2.18,1.50
2012.06.01 17:34:37.663,1.58669,1.58706,1.43,1.50
2012.06.01 17:34:38.179,1.58668,1.58706,1.43,1.50
2012.06.01 17:34:39.073,1.58668,1.58706,2.18,1.50
2012.06.01 17:34:39.685,1.58668,1.58711,2.18,1.88
2012.06.01 17:34:39.871,1.58677,1.58711,1.43,1.50
2012.06.01 17:34:40.195,1.58678,1.58708,1.43,1.50
2012.06.01 17:34:40.671,1.58678,1.58711,1.43,1.50
2012.06.01 17:34:40.999,1.58678,1.58713,1.43,1.50
2012.06.01 17:34:41.524,1.58678,1.58711,1.43,1.50
2012.06.01 17:34:41.652,1.58678,1.58713,1.43,1.50
2012.06.01 17:34:42.350,1.58678,1.58714,1.43,1.50
2012.06.01 17:34:44.164,1.58672,1.58714,1.50,1.50
2012.06.01 17:34:44.234,1.58672,1.58711,1.50,1.50
2012.06.01 17:34:44.694,1.58673,1.58712,2.18,1.50
2012.06.01 17:34:46.041,1.58677,1.58714,1.43,1.50
2012.06.01 17:34:46.353,1.58673,1.5871,1.43,1.50
2012.06.01 17:34:46.665,1.58673,1.58707,1.43,1.50
2012.06.01 17:34:47.092,1.58673,1.58713,1.43,1.50
2012.06.01 17:34:47.751,1.58673,1.58713,1.43,1.84
2012.06.01 17:35:01.173,1.58667,1.58708,1.13,1.43
2012.06.01 17:35:01.241,1.58663,1.58708,1.43,1.73
2012.06.01 17:35:01.640,1.58657,1.58704,1.43,1.43
2012.06.01 17:35:02.724,1.58657,1.58704,1.43,1.77
2012.06.01 17:35:10.679,1.58657,1.58701,1.43,1.09
2012.06.01 17:35:10.873,1.58651,1.58696,1.13,1.43
2012.06.01 17:35:11.143,1.58653,1.58699,1.80,2.18
2012.06.01 17:35:11.213,1.58668,1.58707,1.43,1.05
2012.06.01 17:35:11.343,1.58668,1.58708,1.43,1.05
2012.06.01 17:35:11.412,1.58668,1.5871,2.18,1.04
2012.06.01 17:35:11.733,1.58676,1.5871,1.88,1.04
2012.06.01 17:35:12.170,1.58676,1.58711,1.43,1.05
2012.06.01 17:35:12.248,1.58667,1.58714,1.73,2.18
2012.06.01 17:35:12.321,1.58667,1.58714,1.43,2.18
2012.06.01 17:35:14.181,1.58667,1.58714,2.18,2.18
2012.06.01 17:35:14.611,1.58676,1.58719,1.43,1.02
2012.06.01 17:35:16.294,1.58671,1.58716,1.43,2.14
2012.06.01 17:35:16.602,1.58675,1.5872,1.43,1.05
2012.06.01 17:35:17.308,1.58683,1.58726,1.43,1.53
2012.06.01 17:35:17.444,1.58683,1.58726,1.43,1.09
2012.06.01 17:35:17.842,1.58675,1.58722,1.80,1.43
2012.06.01 17:35:21.012,1.58675,1.58722,1.80,2.18
2012.06.01 17:35:28.431,1.58675,1.58722,1.43,1.43
2012.06.01 17:35:44.582,1.58675,1.58722,2.55,1.43
2012.06.01 17:35:45.204,1.58676,1.58721,1.43,1.43
2012.06.01 17:35:51.105,1.58676,1.58721,1.43,2.18
2012.06.01 17:35:52.446,1.58676,1.58721,1.43,1.43
2012.06.01 17:35:56.960,1.58676,1.58721,2.18,1.43
2012.06.01 17:35:58.059,1.58676,1.58721,2.18,1.43
2012.06.01 17:36:00.971,1.58675,1.5872,1.43,1.80
2012.06.01 17:36:01.041,1.5867,1.58717,1.73,1.80
2012.06.01 17:36:01.560,1.5867,1.58717,1.73,1.80
2012.06.01 17:36:01.939,1.58666,1.58711,2.18,1.43
2012.06.01 17:36:02.772,1.58666,1.58711,2.18,1.43
2012.06.01 17:36:04.703,1.58666,1.58711,2.18,1.43
2012.06.01 17:36:04.890,1.58674,1.58717,2.18,1.47
2012.06.01 17:36:04.961,1.58674,1.58716,1.43,1.09
2012.06.01 17:36:05.864,1.58666,1.58711,2.18,1.43
2012.06.01 17:36:05.940,1.58666,1.58711,2.18,1.43
2012.06.01 17:36:06.472,1.58666,1.58711,1.43,1.43
2012.06.01 17:36:07.297,1.58663,1.5871,1.58,1.43
2012.06.01 17:36:07.486,1.58663,1.5871,2.33,1.43
2012.06.01 17:36:07.982,1.58663,1.5871,2.33,1.88
2012.06.01 17:36:08.539,1.58655,1.58701,2.18,1.43
2012.06.01 17:36:10.863,1.58655,1.58701,2.18,1.43
2012.06.01 17:36:11.743,1.58655,1.58701,2.18,1.43
2012.06.01 17:36:14.344,1.58655,1.58701,2.18,1.88
2012.06.01 17:36:14.860,1.58655,1.58701,2.18,1.43
2012.06.01 17:36:15.183,1.58655,1.58701,1.43,2.18
2012.06.01 17:36:15.884,1.58646,1.58685,1.05,1.43
2012.06.01 17:36:15.955,1.58645,1.58691,1.43,1.28
2012.06.01 17:36:16.678,1.58645,1.58691,1.58,1.13
2012.06.01 17:36:17.501,1.58645,1.58691,1.58,1.13
2012.06.01 17:36:18.620,1.58645,1.58691,2.03,1.13
2012.06.01 17:36:18.814,1.58651,1.58692,1.20,2.18
2012.06.01 17:36:18.883,1.58653,1.58698,1.43,1.84
2012.06.01 17:36:19.071,1.58646,1.58691,2.55,1.43
2012.06.01 17:36:19.578,1.58646,1.58691,2.25,1.43
2012.06.01 17:36:24.402,1.58646,1.58691,2.25,1.43
2012.06.01 17:36:24.912,1.58646,1.58691,2.25,1.77
2012.06.01 17:36:25.222,1.58643,1.58674,1.35,1.43
2012.06.01 17:36:26.444,1.58631,1.58674,1.50,1.43
2012.06.01 17:36:27.711,1.58631,1.58674,1.50,2.18
2012.06.01 17:36:27.783,1.58629,1.58673,1.43,1.20
2012.06.01 17:36:28.110,1.58625,1.58667,1.24,1.43
2012.06.01 17:36:30.734,1.58626,1.58667,1.50,1.43
2012.06.01 17:36:35.691,1.58625,1.58667,1.09,1.43
2012.06.01 17:36:35.909,1.58625,1.58667,1.09,1.43
2012.06.01 17:36:36.042,1.58626,1.58667,1.20,1.43
2012.06.01 17:36:36.112,1.58628,1.58675,1.73,1.43
2012.06.01 17:36:36.180,1.58628,1.58675,2.48,1.43
2012.06.01 17:36:36.493,1.58631,1.58675,1.09,1.43
2012.06.01 17:36:36.802,1.5864,1.58675,2.59,1.43
2012.06.01 17:36:36.992,1.58646,1.58691,2.18,2.32
2012.06.01 17:36:37.063,1.58646,1.58691,2.18,1.43
2012.06.01 17:36:37.961,1.58646,1.58691,1.43,1.43
2012.06.01 17:36:41.771,1.5865,1.58691,1.50,1.43
2012.06.01 17:36:42.313,1.58647,1.58691,1.50,1.43
2012.06.01 17:36:42.455,1.58647,1.58691,1.50,1.88
2012.06.01 17:36:42.763,1.58642,1.58684,1.65,1.43
2012.06.01 17:36:42.894,1.58645,1.58684,2.25,1.43
2012.06.01 17:36:45.192,1.58644,1.58684,1.50,1.43
2012.06.01 17:36:45.915,1.58648,1.58684,1.50,1.43
2012.06.01 17:36:45.983,1.5864,1.58684,1.09,1.43
2012.06.01 17:36:46.058,1.5864,1.58684,1.09,1.43
2012.06.01 17:36:46.124,1.58646,1.58691,1.43,1.58
2012.06.01 17:36:46.553,1.58649,1.58691,1.50,1.58
2012.06.01 17:36:47.099,1.5865,1.58691,1.50,1.43
2012.06.01 17:36:48.623,1.58648,1.58691,1.50,1.43
2012.06.01 17:36:49.239,1.58647,1.58691,1.50,1.43
2012.06.01 17:36:49.484,1.58647,1.58691,1.50,2.18
2012.06.01 17:36:49.798,1.58643,1.58683,2.25,1.43
2012.06.01 17:36:50.915,1.58643,1.58683,1.50,1.43
2012.06.01 17:36:54.041,1.58641,1.58683,2.25,1.43
2012.06.01 17:36:54.110,1.58644,1.58683,1.50,1.43
2012.06.01 17:36:54.541,1.58644,1.58683,2.25,1.43
2012.06.01 17:36:57.162,1.58644,1.58683,2.25,1.43
2012.06.01 17:36:57.235,1.58646,1.58691,2.18,1.77
2012.06.01 17:36:57.522,1.58648,1.58691,3.00,1.43
2012.06.01 17:36:57.594,1.58651,1.58691,1.50,1.43
2012.06.01 17:36:57.873,1.58647,1.58691,2.25,1.43
2012.06.01 17:36:58.331,1.5865,1.58691,1.50,1.43
2012.06.01 17:36:58.462,1.58647,1.58691,2.25,1.43
2012.06.01 17:37:03.193,1.58646,1.58691,1.43,1.43
2012.06.01 17:37:03.610,1.58648,1.58691,1.50,1.43
2012.06.01 17:37:07.444,1.58646,1.58691,1.58,2.18
2012.06.01 17:37:07.758,1.58644,1.58684,1.50,1.43
2012.06.01 17:37:07.823,1.58645,1.58692,1.43,1.43
2012.06.01 17:37:08.061,1.58649,1.58692,1.50,1.43
2012.06.01 17:37:08.400,1.58647,1.58692,1.50,1.43
2012.06.01 17:37:09.092,1.58646,1.58692,1.50,1.43
2012.06.01 17:37:12.301,1.58645,1.58692,1.43,1.43
2012.06.01 17:37:15.512,1.58647,1.58692,1.50,1.43
2012.06.01 17:37:15.956,1.58645,1.58692,2.93,1.43
2012.06.01 17:37:20.547,1.58647,1.58692,1.50,1.43
2012.06.01 17:37:21.182,1.58646,1.58692,1.50,1.43
2012.06.01 17:37:21.692,1.58645,1.58692,1.43,1.43
2012.06.01 17:37:27.025,1.58647,1.58692,1.50,1.43
2012.06.01 17:37:27.271,1.58645,1.58692,2.93,1.43
2012.06.01 17:37:27.633,1.58648,1.58692,1.50,1.43
2012.06.01 17:37:28.309,1.58648,1.58693,2.93,1.43
2012.06.01 17:37:29.944,1.58648,1.58686,1.50,1.43
2012.06.01 17:37:30.262,1.58648,1.58686,1.50,2.18
2012.06.01 17:37:30.512,1.58632,1.58676,2.40,1.43
2012.06.01 17:37:30.583,1.58632,1.58676,1.65,1.43
2012.06.01 17:37:32.232,1.58634,1.58676,1.50,1.43
2012.06.01 17:37:32.755,1.58638,1.58686,3.68,2.18
2012.06.01 17:37:33.065,1.5864,1.58686,2.70,2.18
2012.06.01 17:37:33.133,1.58648,1.58693,1.43,2.93
2012.06.01 17:37:33.261,1.58648,1.58693,1.43,2.63
2012.06.01 17:37:33.612,1.58641,1.58686,2.25,1.43
2012.06.01 17:37:35.513,1.5864,1.58686,1.13,1.77
2012.06.01 17:37:36.670,1.58638,1.58686,3.30,2.52
2012.06.01 17:37:36.974,1.58632,1.58676,2.74,1.43
2012.06.01 17:37:37.042,1.58631,1.58676,5.67,1.43
2012.06.01 17:37:37.556,1.58631,1.58676,3.68,1.43
2012.06.01 17:37:39.941,1.58633,1.58676,1.50,1.43
2012.06.01 17:37:40.014,1.58631,1.58676,2.93,1.43
2012.06.01 17:37:43.296,1.58631,1.58676,1.43,2.18
2012.06.01 17:37:43.601,1.58623,1.58668,2.55,1.43
2012.06.01 17:37:43.912,1.58624,1.58668,2.25,1.43
2012.06.01 17:37:44.789,1.58624,1.58668,2.25,1.43
2012.06.01 17:37:46.551,1.58627,1.58668,1.50,1.43
2012.06.01 17:37:47.036,1.58624,1.58668,2.25,1.43
2012.06.01 17:37:47.284,1.58631,1.58676,1.43,1.43
2012.06.01 17:37:47.474,1.58634,1.58676,1.50,1.43
2012.06.01 17:37:48.176,1.58631,1.58676,4.02,1.43
2012.06.01 17:37:49.504,1.58631,1.58675,2.52,1.95
2012.06.01 17:37:49.572,1.58631,1.58675,2.18,1.95
2012.06.01 17:37:49.647,1.58628,1.58669,3.00,1.43
2012.06.01 17:37:49.714,1.58628,1.58669,2.25,1.43
2012.06.01 17:37:49.844,1.58631,1.58676,1.43,1.58
2012.06.01 17:37:50.455,1.58631,1.58676,2.18,1.58
2012.06.01 17:37:52.381,1.58632,1.58676,1.50,1.58
2012.06.01 17:37:52.999,1.58632,1.58676,1.50,1.43
2012.06.01 17:38:01.621,1.58634,1.58676,1.50,1.43
2012.06.01 17:38:01.933,1.5864,1.58686,3.75,2.18
2012.06.01 17:38:02.297,1.58642,1.58686,2.25,2.18
2012.06.01 17:38:06.752,1.58645,1.5869,2.18,1.73
2012.06.01 17:38:06.881,1.58645,1.5869,2.48,1.43
2012.06.01 17:38:08.421,1.58645,1.5869,2.48,1.43
2012.06.01 17:38:10.691,1.58645,1.5869,2.48,1.43
2012.06.01 17:38:10.823,1.58652,1.58698,2.48,1.09
2012.06.01 17:38:11.339,1.58652,1.58696,1.88,1.88
2012.06.01 17:38:11.986,1.58652,1.58697,1.88,1.88
2012.06.01 17:38:12.700,1.58652,1.58697,1.88,1.88
2012.06.01 17:38:13.843,1.58652,1.58697,1.88,1.88
2012.06.01 17:38:14.333,1.58652,1.58694,1.58,2.97
2012.06.01 17:38:14.653,1.58644,1.58691,1.43,3.68
2012.06.01 17:38:15.738,1.58636,1.58682,3.92,1.43
2012.06.01 17:38:15.875,1.58636,1.58681,1.95,1.50
2012.06.01 17:38:16.647,1.58636,1.58682,2.10,1.77
2012.06.01 17:38:17.628,1.58636,1.58682,2.85,1.43
2012.06.01 17:38:17.691,1.58636,1.58682,2.93,1.43
2012.06.01 17:38:17.941,1.58644,1.58689,2.18,1.50
2012.06.01 17:38:19.127,1.58644,1.5869,2.18,1.50
2012.06.01 17:38:19.266,1.58644,1.58691,1.43,2.18
2012.06.01 17:38:19.396,1.58644,1.58691,2.18,1.43
2012.06.01 17:38:20.162,1.58646,1.58688,2.25,1.50
2012.06.01 17:38:21.184,1.58646,1.58688,2.55,1.50
2012.06.01 17:38:21.317,1.58649,1.58691,1.95,1.43
2012.06.01 17:38:21.387,1.58653,1.58691,1.20,1.43
2012.06.01 17:38:21.452,1.58653,1.58693,1.88,1.50
2012.06.01 17:38:21.602,1.58654,1.58693,1.05,1.50
2012.06.01 17:38:21.775,1.58653,1.58693,1.88,1.50
2012.06.01 17:38:22.325,1.58653,1.58695,3.38,1.88
2012.06.01 17:38:26.060,1.58653,1.58695,3.23,1.88
2012.06.01 17:38:26.303,1.58657,1.58698,1.50,2.14
2012.06.01 17:38:26.552,1.58664,1.58706,1.50,1.58
2012.06.01 17:38:27.733,1.58662,1.58704,1.50,1.50
2012.06.01 17:38:28.497,1.58662,1.58704,1.50,2.25
2012.06.01 17:38:29.209,1.58662,1.58704,2.25,1.50
2012.06.01 17:38:33.103,1.58662,1.58704,1.50,2.25
2012.06.01 17:38:33.512,1.58661,1.58696,1.43,1.50
2012.06.01 17:38:33.581,1.58657,1.58696,1.80,1.50
2012.06.01 17:38:33.827,1.58654,1.58696,1.65,1.50
2012.06.01 17:38:35.304,1.58656,1.58696,1.50,1.50
2012.06.01 17:38:35.614,1.58662,1.58704,1.50,2.59
2012.06.01 17:38:35.685,1.58662,1.58704,1.50,2.25
2012.06.01 17:38:35.933,1.58664,1.58707,1.50,2.18
2012.06.01 17:38:36.498,1.58663,1.58705,1.50,2.25
2012.06.01 17:38:36.563,1.58661,1.58705,1.84,2.25
2012.06.01 17:38:37.388,1.58661,1.58705,2.59,1.50
2012.06.01 17:38:38.581,1.58662,1.58705,1.50,1.50
2012.06.01 17:38:38.847,1.58667,1.58705,1.50,1.50
2012.06.01 17:38:39.153,1.58663,1.58706,2.40,1.43
2012.06.01 17:38:39.224,1.58669,1.5871,1.43,1.88
2012.06.01 17:38:39.474,1.58669,1.58707,1.43,1.50
2012.06.01 17:38:39.937,1.58667,1.58706,1.50,1.43
2012.06.01 17:38:40.011,1.58669,1.58706,1.50,1.43
2012.06.01 17:38:40.083,1.58666,1.58706,2.40,1.43
2012.06.01 17:38:40.215,1.5867,1.58712,1.50,1.88
2012.06.01 17:38:42.215,1.58668,1.58708,1.43,1.50
2012.06.01 17:38:42.552,1.5867,1.58712,1.50,1.88
2012.06.01 17:38:42.861,1.58665,1.58707,1.50,3.68
2012.06.01 17:38:43.175,1.58677,1.5871,1.43,1.88
2012.06.01 17:38:43.307,1.58668,1.58706,3.00,2.18
2012.06.01 17:38:43.464,1.58668,1.58706,3.00,2.18
2012.06.01 17:38:44.122,1.58671,1.58698,1.50,1.43
2012.06.01 17:38:44.196,1.58653,1.58693,4.28,1.50
2012.06.01 17:38:44.517,1.58653,1.58695,4.28,1.50
2012.06.01 17:38:44.977,1.58653,1.58693,2.78,1.50
2012.06.01 17:38:45.329,1.58653,1.58697,4.28,1.50
2012.06.01 17:38:45.865,1.58653,1.58697,4.28,1.50
2012.06.01 17:38:47.554,1.58653,1.58697,3.53,1.50
2012.06.01 17:38:48.160,1.58654,1.58696,2.10,1.50
2012.06.01 17:38:48.573,1.58653,1.58692,2.03,1.50
2012.06.01 17:38:48.894,1.58648,1.5869,1.84,1.50
2012.06.01 17:38:50.254,1.58648,1.5869,1.84,2.25
2012.06.01 17:38:51.644,1.58648,1.5869,1.50,2.25
2012.06.01 17:38:52.264,1.58644,1.58686,3.27,1.50
2012.06.01 17:38:52.334,1.58648,1.5869,1.50,2.25
2012.06.01 17:38:52.802,1.58644,1.58686,3.27,1.50
2012.06.01 17:38:52.909,1.58644,1.58686,4.02,1.50
2012.06.01 17:38:53.105,1.58649,1.58689,2.10,1.50
2012.06.01 17:38:53.235,1.58652,1.58692,1.32,1.50
2012.06.01 17:38:53.761,1.58653,1.58692,1.32,1.50
2012.06.01 17:38:54.263,1.58651,1.58692,3.12,1.50
2012.06.01 17:38:54.601,1.58654,1.58692,1.20,1.50
2012.06.01 17:38:54.742,1.58654,1.58695,1.20,1.50
2012.06.01 17:38:55.082,1.58654,1.58693,1.35,1.50
2012.06.01 17:38:55.714,1.58652,1.58693,1.69,1.50
2012.06.01 17:38:57.543,1.58652,1.58696,3.19,1.50
2012.06.01 17:38:58.067,1.58652,1.58695,3.19,1.50
2012.06.01 17:38:58.192,1.58652,1.58693,1.69,1.50
2012.06.01 17:39:00.302,1.58652,1.58693,1.69,1.50
2012.06.01 17:39:00.373,1.58652,1.58696,3.19,1.50
2012.06.01 17:39:00.856,1.58655,1.58694,1.50,1.50
2012.06.01 17:39:01.354,1.58653,1.58695,3.19,1.43
2012.06.01 17:39:04.024,1.58657,1.58695,1.35,1.43
2012.06.01 17:39:04.092,1.58658,1.58697,2.03,1.50
2012.06.01 17:39:05.060,1.58658,1.58697,2.03,1.50
2012.06.01 17:39:05.442,1.58658,1.58693,2.03,1.50
2012.06.01 17:39:06.875,1.58654,1.58695,2.10,1.43
2012.06.01 17:39:06.996,1.58651,1.58693,3.57,1.50
2012.06.01 17:39:08.299,1.58653,1.58695,2.44,1.43
2012.06.01 17:39:09.038,1.58651,1.58694,2.07,1.50
2012.06.01 17:39:09.924,1.58651,1.58694,1.32,2.25
2012.06.01 17:39:10.504,1.58653,1.58697,2.44,1.50
2012.06.01 17:39:10.792,1.58657,1.58699,2.10,2.93
2012.06.01 17:39:11.255,1.58657,1.58701,3.53,1.50
2012.06.01 17:39:11.624,1.58657,1.58698,2.03,1.50
2012.06.01 17:39:11.693,1.58661,1.58701,1.05,1.50
2012.06.01 17:39:12.211,1.58659,1.58701,2.10,1.50
2012.06.01 17:39:12.532,1.58661,1.58699,1.05,1.50
2012.06.01 17:39:12.806,1.58661,1.58702,1.05,1.50
2012.06.01 17:39:12.934,1.58661,1.58702,1.05,1.50
2012.06.01 17:39:13.064,1.58667,1.58704,2.40,1.43
2012.06.01 17:39:13.131,1.58667,1.58709,2.40,1.50
2012.06.01 17:39:13.962,1.58667,1.58709,2.40,1.50
2012.06.01 17:39:16.434,1.58667,1.58709,1.65,1.50
2012.06.01 17:39:16.514,1.58666,1.58706,2.33,1.50
2012.06.01 17:39:17.006,1.58666,1.58704,2.33,1.50
2012.06.01 17:39:17.954,1.58666,1.58698,2.33,1.50
2012.06.01 17:39:18.141,1.5866,1.58698,1.35,1.50
2012.06.01 17:39:18.353,1.58674,1.58698,1.43,1.50
2012.06.01 17:39:18.425,1.58674,1.58705,1.73,1.50
2012.06.01 17:39:18.554,1.58674,1.58708,2.03,1.50
2012.06.01 17:39:18.942,1.58674,1.58717,1.88,1.50
2012.06.01 17:39:19.072,1.58674,1.58713,1.88,1.50
2012.06.01 17:39:19.284,1.58674,1.58714,1.43,2.25
2012.06.01 17:39:19.352,1.5867,1.58711,2.12,1.43
2012.06.01 17:39:19.792,1.58666,1.58709,5.00,1.50
2012.06.01 17:39:19.861,1.58669,1.58711,2.12,2.93
2012.06.01 17:39:20.443,1.58675,1.58711,1.50,2.93
2012.06.01 17:39:20.763,1.58682,1.5872,2.48,1.50
2012.06.01 17:39:20.833,1.58682,1.58724,4.28,1.50
2012.06.01 17:39:21.024,1.58682,1.58721,2.78,1.50
2012.06.01 17:39:21.335,1.58691,1.58729,1.05,1.50
2012.06.01 17:39:21.995,1.58691,1.58726,1.05,1.50
2012.06.01 17:39:22.315,1.58691,1.58722,2.63,1.50
2012.06.01 17:39:22.614,1.58691,1.58725,2.63,1.50
2012.06.01 17:39:23.092,1.58691,1.58721,1.88,1.50
2012.06.01 17:39:23.401,1.58684,1.58719,2.34,1.50
2012.06.01 17:39:24.984,1.58686,1.58719,1.20,1.50
2012.06.01 17:39:25.053,1.58686,1.58725,1.20,1.50
2012.06.01 17:39:25.125,1.58686,1.58728,1.54,1.50
2012.06.01 17:39:25.191,1.58691,1.58728,1.43,1.50
2012.06.01 17:39:25.501,1.58691,1.58724,2.18,1.50
2012.06.01 17:39:28.234,1.58691,1.5873,2.18,1.50
2012.06.01 17:39:28.762,1.58691,1.5873,2.18,1.50
2012.06.01 17:39:30.154,1.58696,1.5873,1.50,1.50
2012.06.01 17:39:30.345,1.58707,1.58743,1.73,1.80
2012.06.01 17:39:30.475,1.58707,1.58743,1.88,1.50
2012.06.01 17:39:30.546,1.58707,1.58737,1.73,1.50
2012.06.01 17:39:30.613,1.58699,1.58737,2.44,1.50
2012.06.01 17:39:30.743,1.58699,1.58733,2.10,1.50
2012.06.01 17:39:30.816,1.58699,1.58735,2.10,1.50
2012.06.01 17:39:30.884,1.58699,1.58737,2.10,1.50
2012.06.01 17:39:31.592,1.58699,1.58734,1.95,1.50
2012.06.01 17:39:32.117,1.58699,1.58734,2.03,1.50
2012.06.01 17:39:32.242,1.58702,1.58736,1.20,1.50
2012.06.01 17:39:32.314,1.58702,1.58742,1.20,1.50
2012.06.01 17:39:32.383,1.58707,1.58742,1.43,1.50
2012.06.01 17:39:32.653,1.58707,1.58745,2.33,1.50
2012.06.01 17:39:32.722,1.58707,1.58748,3.08,1.50
2012.06.01 17:39:32.794,1.58715,1.58751,1.73,1.50
2012.06.01 17:39:33.132,1.58709,1.58748,1.07,2.25
2012.06.01 17:39:33.204,1.58709,1.58745,1.22,1.50
2012.06.01 17:39:33.921,1.58708,1.58745,2.19,1.50
2012.06.01 17:39:34.464,1.58708,1.58742,2.19,1.50
2012.06.01 17:39:34.764,1.58705,1.58737,1.07,1.50
2012.06.01 17:39:34.835,1.587,1.58737,2.18,1.50
2012.06.01 17:39:35.082,1.587,1.58737,2.10,1.50
2012.06.01 17:39:35.482,1.587,1.58733,2.10,1.50
2012.06.01 17:39:35.553,1.587,1.58737,2.10,1.50
2012.06.01 17:39:35.736,1.587,1.58735,2.10,1.50
2012.06.01 17:39:35.805,1.587,1.58737,2.10,1.50
2012.06.01 17:39:36.636,1.58708,1.58737,1.43,1.50
2012.06.01 17:39:36.763,1.58708,1.58739,1.43,1.50
2012.06.01 17:39:36.834,1.58708,1.58741,1.43,1.50
2012.06.01 17:39:36.903,1.58708,1.58743,1.43,1.50
2012.06.01 17:39:37.542,1.58708,1.5874,1.43,1.50
2012.06.01 17:39:40.500,1.58708,1.58742,1.43,1.50
2012.06.01 17:39:40.572,1.58708,1.58744,1.43,1.50
2012.06.01 17:39:41.237,1.58708,1.58738,1.43,1.50
2012.06.01 17:39:41.423,1.587,1.58738,2.10,1.50
2012.06.01 17:39:41.494,1.587,1.58738,2.10,1.50
2012.06.01 17:39:42.064,1.587,1.58738,2.10,1.50
2012.06.01 17:39:43.432,1.587,1.58736,2.10,1.50
2012.06.01 17:39:45.290,1.587,1.58738,2.10,3.00
2012.06.01 17:39:47.932,1.587,1.58735,2.10,1.50
2012.06.01 17:39:48.129,1.587,1.58737,2.10,1.50
2012.06.01 17:39:48.194,1.58701,1.58739,1.05,1.50
2012.06.01 17:39:48.969,1.58708,1.58739,1.73,1.50
2012.06.01 17:39:49.314,1.58717,1.58739,1.43,1.50
2012.06.01 17:39:49.385,1.58717,1.58761,2.93,1.88
2012.06.01 17:39:50.138,1.5872,1.58761,1.50,1.88
2012.06.01 17:39:50.942,1.58717,1.58757,2.93,1.88
2012.06.01 17:39:51.012,1.58717,1.58755,1.43,1.50
2012.06.01 17:39:51.325,1.58717,1.58758,1.43,1.88
2012.06.01 17:39:52.273,1.58717,1.58754,1.43,1.50
2012.06.01 17:39:52.533,1.58709,1.58752,2.33,1.50
2012.06.01 17:39:53.108,1.58711,1.58752,1.20,1.50
2012.06.01 17:39:53.171,1.58713,1.58752,1.20,1.50
2012.06.01 17:39:53.362,1.58713,1.58754,1.05,1.50
2012.06.01 17:39:53.434,1.58716,1.58754,1.54,1.50
2012.06.01 17:39:53.745,1.58725,1.58754,1.43,1.50
2012.06.01 17:39:54.030,1.58725,1.58762,1.58,1.50
2012.06.01 17:39:54.103,1.58725,1.58764,1.58,1.50
2012.06.01 17:39:54.236,1.58725,1.58761,1.58,1.50
2012.06.01 17:39:54.602,1.58718,1.5876,2.42,1.50
2012.06.01 17:39:54.814,1.58717,1.58758,1.25,1.50
2012.06.01 17:39:55.093,1.58717,1.58761,2.75,1.50
2012.06.01 17:39:55.162,1.58717,1.58761,2.45,1.50
2012.06.01 17:39:56.076,1.58717,1.58759,2.22,1.50
2012.06.01 17:39:56.538,1.58716,1.58757,2.14,1.50
2012.06.01 17:39:59.495,1.58716,1.58756,2.14,1.50
2012.06.01 17:40:00.068,1.58716,1.58755,2.14,1.50
2012.06.01 17:40:01.935,1.58725,1.58758,2.18,1.50
2012.06.01 17:40:02.306,1.58725,1.58765,2.18,1.50
2012.06.01 17:40:02.494,1.58734,1.58765,1.43,1.50
2012.06.01 17:40:02.565,1.58734,1.58767,1.43,1.50
2012.06.01 17:40:02.693,1.58727,1.58767,1.74,1.50
2012.06.01 17:40:03.131,1.58731,1.58767,1.50,1.50
2012.06.01 17:40:03.381,1.58727,1.58767,1.13,1.50
2012.06.01 17:40:03.544,1.58727,1.58765,1.13,1.50
2012.06.01 17:40:03.992,1.58726,1.58766,1.37,1.50
2012.06.01 17:40:04.213,1.58727,1.58766,1.82,1.50
2012.06.01 17:40:04.559,1.58733,1.58771,2.33,1.50
2012.06.01 17:40:05.633,1.58733,1.58768,2.18,1.50
2012.06.01 17:40:05.775,1.58733,1.58768,1.43,1.50
2012.06.01 17:40:06.261,1.58724,1.58768,1.50,2.63
2012.06.01 17:40:06.332,1.58724,1.58768,1.50,1.88
2012.06.01 17:40:06.404,1.58719,1.58762,1.20,1.50
2012.06.01 17:40:06.711,1.58719,1.58758,1.05,1.50
2012.06.01 17:40:06.901,1.58719,1.5876,1.05,1.50
2012.06.01 17:40:08.181,1.5872,1.58764,2.40,1.50
2012.06.01 17:40:08.258,1.5872,1.58764,2.40,1.50
2012.06.01 17:40:09.620,1.5872,1.58764,2.25,1.50
2012.06.01 17:40:09.753,1.58731,1.5876,1.43,1.50
2012.06.01 17:40:10.017,1.58731,1.58765,1.58,1.50
2012.06.01 17:40:10.144,1.5872,1.58762,2.18,1.50
2012.06.01 17:40:10.391,1.58724,1.5876,2.10,1.50
2012.06.01 17:40:10.522,1.58724,1.58763,2.85,1.50
2012.06.01 17:40:11.071,1.58725,1.58766,2.40,1.50
2012.06.01 17:40:11.352,1.58725,1.58761,1.65,1.50
2012.06.01 17:40:11.672,1.58718,1.58759,2.82,1.50
2012.06.01 17:40:12.186,1.58724,1.58759,1.05,1.50
2012.06.01 17:40:12.674,1.58718,1.58759,2.48,1.50
2012.06.01 17:40:12.863,1.58721,1.58763,1.95,1.50
2012.06.01 17:40:13.054,1.58718,1.58756,2.10,1.50
2012.06.01 17:40:13.123,1.58718,1.58759,2.10,1.50
2012.06.01 17:40:13.255,1.58715,1.58757,2.10,1.50
2012.06.01 17:40:13.383,1.58715,1.58759,2.10,1.50
2012.06.01 17:40:13.456,1.58715,1.58759,2.10,2.25
2012.06.01 17:40:13.982,1.58711,1.58752,1.05,1.50
2012.06.01 17:40:14.057,1.58708,1.58752,2.25,1.50
2012.06.01 17:40:14.224,1.5872,1.58752,1.20,1.50
2012.06.01 17:40:14.296,1.58722,1.5876,1.05,1.88
2012.06.01 17:40:14.366,1.58722,1.5876,1.05,1.50
2012.06.01 17:40:14.436,1.58722,1.5876,1.35,1.50
2012.06.01 17:40:14.567,1.58722,1.58762,1.35,1.50
2012.06.01 17:40:15.237,1.58722,1.58762,1.35,1.50
2012.06.01 17:40:15.768,1.58724,1.58762,1.05,1.50
2012.06.01 17:40:15.949,1.58725,1.58765,1.05,1.50
2012.06.01 17:40:16.135,1.58725,1.58769,2.55,1.50
2012.06.01 17:40:16.203,1.58725,1.58766,1.05,1.50
2012.06.01 17:40:16.755,1.58722,1.58766,2.10,3.68
2012.06.01 17:40:17.192,1.58721,1.58762,1.95,1.50
2012.06.01 17:40:17.324,1.58718,1.58758,1.50,1.43
2012.06.01 17:40:17.732,1.58716,1.58758,1.50,1.43
2012.06.01 17:40:18.216,1.5871,1.58752,1.50,1.50
2012.06.01 17:40:19.445,1.5871,1.58752,1.50,2.25
2012.06.01 17:40:19.994,1.58706,1.58748,1.88,1.88
2012.06.01 17:40:20.243,1.58718,1.58758,1.50,1.43
2012.06.01 17:40:20.492,1.58718,1.58758,1.50,3.68
2012.06.01 17:40:20.622,1.58713,1.58755,1.50,1.50
2012.06.01 17:40:20.692,1.58713,1.58755,1.50,2.25
2012.06.01 17:40:20.893,1.58709,1.58753,1.50,2.25
2012.06.01 17:40:21.712,1.58709,1.58753,1.65,1.50
2012.06.01 17:40:21.923,1.58713,1.58754,1.50,2.25
2012.06.01 17:40:22.632,1.58717,1.58758,1.50,1.50
2012.06.01 17:40:23.200,1.58717,1.58759,1.50,1.50
2012.06.01 17:40:26.733,1.58714,1.58757,1.73,1.50
2012.06.01 17:40:28.069,1.58713,1.58757,2.10,2.25
2012.06.01 17:40:28.135,1.58713,1.58757,2.10,1.50
2012.06.01 17:40:28.731,1.58714,1.58757,1.20,1.50
2012.06.01 17:40:31.195,1.58713,1.58757,1.50,1.50
2012.06.01 17:40:32.272,1.58713,1.58757,1.50,2.25
2012.06.01 17:40:32.416,1.58705,1.58747,1.50,1.50
2012.06.01 17:40:32.665,1.58708,1.5875,1.50,1.43
2012.06.01 17:40:32.975,1.58708,1.58752,2.55,1.50
2012.06.01 17:40:33.502,1.58713,1.58754,1.50,1.50
2012.06.01 17:40:33.573,1.58713,1.58757,1.50,1.50
2012.06.01 17:40:34.220,1.58714,1.58756,1.50,1.50
2012.06.01 17:40:35.048,1.58704,1.58748,2.10,1.50
2012.06.01 17:40:35.604,1.58704,1.58748,2.10,1.50
2012.06.01 17:40:35.853,1.58713,1.58755,1.50,1.50
2012.06.01 17:40:37.516,1.58713,1.58755,1.50,2.25
2012.06.01 17:40:38.904,1.58713,1.58755,1.50,1.50
2012.06.01 17:40:40.206,1.5871,1.58753,2.40,1.50
2012.06.01 17:40:41.969,1.58709,1.58753,2.10,1.50
2012.06.01 17:40:44.245,1.58712,1.58753,1.50,1.50
2012.06.01 17:40:45.144,1.58711,1.58753,2.25,1.50
2012.06.01 17:40:45.455,1.58707,1.5875,1.35,1.50
2012.06.01 17:40:45.788,1.5871,1.58752,2.40,1.50
2012.06.01 17:40:47.205,1.5871,1.58752,1.50,1.50
2012.06.01 17:40:47.843,1.58713,1.58755,1.50,2.25
2012.06.01 17:40:49.885,1.5871,1.58752,1.65,1.50
2012.06.01 17:40:50.174,1.58706,1.58748,4.28,1.50
2012.06.01 17:40:50.484,1.58703,1.58745,2.48,1.50
2012.06.01 17:40:50.786,1.58706,1.58747,2.10,1.50
2012.06.01 17:40:51.312,1.58706,1.58748,1.80,1.50
2012.06.01 17:40:51.383,1.58706,1.58748,1.50,1.50
2012.06.01 17:40:51.513,1.58702,1.58746,2.12,1.50
2012.06.01 17:40:51.812,1.58705,1.58748,1.50,1.50
2012.06.01 17:40:52.457,1.58705,1.58749,1.50,2.25
2012.06.01 17:40:53.343,1.58705,1.58749,1.50,2.25
2012.06.01 17:40:53.668,1.58703,1.58742,3.00,2.18
2012.06.01 17:40:53.973,1.587,1.58742,1.50,2.18
2012.06.01 17:40:54.522,1.58701,1.58742,1.50,2.18
2012.06.01 17:40:54.653,1.58701,1.58742,1.50,2.18
2012.06.01 17:40:58.017,1.58701,1.58742,1.50,2.18
2012.06.01 17:40:58.144,1.58698,1.5874,1.80,2.25
2012.06.01 17:40:58.762,1.58698,1.5874,1.80,1.50
2012.06.01 17:40:59.377,1.58698,1.5874,1.50,1.50
2012.06.01 17:40:59.507,1.587,1.58742,1.50,1.43
2012.06.01 17:41:00.109,1.587,1.58742,2.25,1.80
2012.06.01 17:41:00.441,1.58704,1.58743,1.50,1.13
2012.06.01 17:41:00.747,1.58699,1.58738,1.43,2.59
2012.06.01 17:41:00.816,1.58694,1.58737,1.65,1.43
2012.06.01 17:41:00.946,1.58694,1.58737,1.95,2.18
2012.06.01 17:41:01.255,1.58694,1.58729,1.50,2.18
2012.06.01 17:41:01.564,1.58694,1.58721,1.50,1.43
2012.06.01 17:41:01.935,1.58685,1.58721,1.50,1.43
2012.06.01 17:41:02.008,1.58681,1.58721,1.50,1.43
2012.06.01 17:41:02.193,1.58685,1.58721,1.50,1.43
2012.06.01 17:41:03.894,1.58685,1.58721,1.50,2.18
2012.06.01 17:41:03.968,1.58686,1.58721,1.50,1.43
2012.06.01 17:41:04.093,1.58683,1.58721,1.50,1.43
2012.06.01 17:41:04.163,1.58686,1.58721,1.50,1.43
2012.06.01 17:41:04.355,1.58683,1.58721,1.50,1.43
2012.06.01 17:41:04.543,1.5868,1.58721,1.50,1.43
2012.06.01 17:41:05.047,1.58679,1.58721,1.50,1.43
2012.06.01 17:41:05.114,1.58682,1.58721,1.50,1.43
2012.06.01 17:41:05.303,1.5868,1.58721,1.50,1.43
2012.06.01 17:41:05.684,1.58676,1.5872,1.65,1.50
2012.06.01 17:41:05.816,1.58679,1.58721,1.50,1.43
2012.06.01 17:41:06.351,1.58683,1.58721,1.50,1.43
2012.06.01 17:41:07.147,1.58683,1.58722,1.50,1.43
2012.06.01 17:41:07.273,1.58683,1.58725,1.50,1.50
2012.06.01 17:41:07.763,1.58686,1.58728,1.50,1.50
2012.06.01 17:41:08.177,1.58686,1.58728,1.50,2.25
2012.06.01 17:41:08.307,1.58683,1.58726,1.50,2.25
2012.06.01 17:41:08.389,1.58683,1.58726,1.50,2.25
2012.06.01 17:41:08.516,1.58683,1.58721,1.50,1.50
2012.06.01 17:41:09.067,1.58675,1.58718,1.95,2.25
2012.06.01 17:41:09.191,1.58675,1.58718,1.50,2.25
2012.06.01 17:41:09.524,1.58674,1.58716,1.50,1.50
2012.06.01 17:41:09.592,1.58672,1.58716,1.50,1.50
2012.06.01 17:41:13.304,1.58672,1.58716,2.25,1.50
2012.06.01 17:41:13.966,1.58672,1.58716,1.50,1.50
2012.06.01 17:41:14.032,1.58672,1.58716,2.25,1.50
2012.06.01 17:41:14.565,1.58672,1.58716,1.50,1.50
2012.06.01 17:41:14.763,1.58672,1.58714,2.25,1.88
2012.06.01 17:41:15.016,1.58668,1.58714,1.88,1.50
2012.06.01 17:41:15.283,1.58668,1.58718,2.10,1.50
2012.06.01 17:41:15.412,1.5867,1.58722,1.73,1.88
2012.06.01 17:41:18.877,1.5867,1.58722,2.48,1.88
2012.06.01 17:41:19.078,1.58674,1.58723,1.50,3.30
2012.06.01 17:41:19.702,1.58671,1.5872,1.95,1.88
2012.06.01 17:41:19.834,1.58671,1.5872,1.50,2.25
2012.06.01 17:41:20.299,1.5867,1.58718,1.65,2.25
2012.06.01 17:41:20.423,1.5867,1.58718,1.65,3.75
2012.06.01 17:41:20.494,1.5867,1.58718,1.65,3.75
2012.06.01 17:41:20.703,1.5867,1.58718,1.65,1.50
2012.06.01 17:41:21.414,1.5867,1.58718,1.65,2.25
2012.06.01 17:41:21.508,1.5867,1.58718,1.65,1.50
2012.06.01 17:41:29.844,1.58672,1.58718,1.50,2.25
2012.06.01 17:41:30.498,1.5868,1.58725,2.18,1.50
2012.06.01 17:41:30.834,1.58686,1.58725,2.40,1.50
2012.06.01 17:41:30.905,1.58686,1.5873,2.40,1.88
2012.06.01 17:41:31.116,1.58688,1.58737,1.20,1.50
2012.06.01 17:41:34.375,1.5869,1.58738,1.73,1.43
2012.06.01 17:41:34.754,1.58693,1.58738,1.50,1.43
2012.06.01 17:41:35.275,1.5869,1.58738,1.73,2.18
2012.06.01 17:41:38.386,1.58691,1.58738,1.50,2.18
2012.06.01 17:41:38.453,1.58691,1.58738,1.50,2.18
2012.06.01 17:41:38.993,1.58692,1.58738,1.50,2.18
2012.06.01 17:41:40.313,1.58689,1.58738,1.73,2.18
2012.06.01 17:41:42.186,1.58689,1.58738,1.73,2.18
2012.06.01 17:41:43.490,1.58695,1.58744,1.50,2.25
2012.06.01 17:41:43.803,1.58693,1.58731,1.43,1.88
2012.06.01 17:41:43.873,1.58689,1.5873,1.50,1.43
2012.06.01 17:41:44.005,1.58696,1.5873,1.50,1.43
2012.06.01 17:41:44.078,1.58696,1.58738,1.50,2.25
2012.06.01 17:41:44.323,1.58694,1.58738,3.83,1.50
2012.06.01 17:41:44.872,1.58699,1.58738,1.50,1.43
2012.06.01 17:41:49.282,1.58696,1.58737,1.50,1.50
2012.06.01 17:41:49.848,1.58695,1.58737,1.50,1.50
2012.06.01 17:41:54.442,1.58695,1.58737,1.50,2.25
2012.06.01 17:41:54.692,1.58691,1.58733,1.50,2.25
2012.06.01 17:41:55.061,1.58693,1.58737,1.50,2.25
2012.06.01 17:41:55.484,1.58693,1.58737,1.50,1.50
2012.06.01 17:41:55.816,1.58693,1.58734,1.50,1.50
2012.06.01 17:41:56.576,1.58687,1.58729,1.50,2.25
2012.06.01 17:41:56.651,1.5868,1.58724,1.50,2.25
2012.06.01 17:41:57.797,1.58685,1.58729,1.50,2.25
2012.06.01 17:41:58.709,1.58685,1.58729,1.50,2.25
2012.06.01 17:41:58.835,1.58685,1.58729,1.50,2.25
2012.06.01 17:41:59.025,1.58677,1.5872,2.18,1.50
2012.06.01 17:41:59.532,1.58676,1.5872,1.50,1.50
2012.06.01 17:41:59.602,1.58679,1.58722,1.50,2.93
2012.06.01 17:42:00.213,1.58679,1.58722,1.50,2.18
2012.06.01 17:42:00.644,1.58676,1.5872,1.50,2.25
2012.06.01 17:42:00.712,1.58675,1.58717,1.50,1.50
2012.06.01 17:42:00.783,1.58673,1.58717,1.50,1.50
2012.06.01 17:42:00.861,1.58675,1.58717,1.50,1.50
2012.06.01 17:42:01.323,1.58677,1.58718,1.50,2.25
2012.06.01 17:42:01.453,1.58671,1.58714,1.50,2.55
2012.06.01 17:42:01.766,1.58671,1.58713,1.50,1.50
2012.06.01 17:42:01.899,1.58674,1.58714,1.50,1.13
2012.06.01 17:42:02.246,1.58677,1.58714,1.50,1.13
2012.06.01 17:42:02.372,1.58677,1.58714,1.50,1.13
2012.06.01 17:42:02.444,1.58673,1.58714,1.50,1.13
2012.06.01 17:42:07.254,1.58673,1.58713,1.50,1.13
2012.06.01 17:42:07.322,1.58673,1.58715,1.50,3.30
2012.06.01 17:42:08.604,1.5867,1.58712,1.50,1.50
2012.06.01 17:42:09.002,1.58672,1.58714,1.50,2.55
2012.06.01 17:42:09.315,1.58686,1.58714,2.25,1.43
2012.06.01 17:42:09.384,1.58686,1.5873,2.25,1.50
2012.06.01 17:42:09.454,1.58686,1.5873,2.25,1.50
2012.06.01 17:42:09.764,1.5869,1.58726,2.18,1.50
2012.06.01 17:42:10.042,1.5869,1.58729,1.43,1.50
2012.06.01 17:42:10.244,1.5869,1.58733,1.43,1.65
2012.06.01 17:42:10.374,1.58693,1.58734,1.50,1.28
2012.06.01 17:42:10.623,1.58691,1.58733,2.18,1.65
2012.06.01 17:42:10.696,1.58689,1.58721,1.50,1.43
2012.06.01 17:42:10.824,1.58675,1.58719,2.25,1.50
2012.06.01 17:42:10.959,1.58675,1.58719,2.25,1.50
2012.06.01 17:42:11.312,1.58679,1.58721,1.50,4.73
2012.06.01 17:42:11.644,1.58682,1.58721,1.50,3.08
2012.06.01 17:42:12.345,1.58678,1.58721,1.50,1.58
2012.06.01 17:42:13.293,1.58676,1.58718,3.75,1.50
2012.06.01 17:42:13.605,1.58666,1.58708,3.30,1.84
2012.06.01 17:42:13.913,1.58664,1.58704,2.25,1.43
2012.06.01 17:42:16.045,1.58658,1.587,3.68,1.50
2012.06.01 17:42:16.512,1.58658,1.587,2.25,1.50
2012.06.01 17:42:17.025,1.58655,1.58697,3.75,1.50
2012.06.01 17:42:17.093,1.58655,1.58697,3.75,1.50
2012.06.01 17:42:17.780,1.58655,1.58697,2.25,1.50
2012.06.01 17:42:18.435,1.58655,1.58697,2.25,1.50
2012.06.01 17:42:20.815,1.58657,1.58701,2.25,1.50
2012.06.01 17:42:22.690,1.58657,1.58701,2.25,1.50
2012.06.01 17:42:23.114,1.58657,1.58699,2.25,1.50
2012.06.01 17:42:23.858,1.58654,1.58698,2.25,1.50
2012.06.01 17:42:24.164,1.58657,1.58701,2.25,1.50
2012.06.01 17:42:25.091,1.58657,1.58699,2.25,1.50
2012.06.01 17:42:25.633,1.58656,1.58698,2.25,1.50
2012.06.01 17:42:25.702,1.58658,1.587,1.50,1.50
2012.06.01 17:42:26.352,1.58658,1.587,2.25,1.50
2012.06.01 17:42:26.685,1.58658,1.587,1.50,1.50
2012.06.01 17:42:26.953,1.58654,1.58696,2.25,1.50
2012.06.01 17:42:27.023,1.58656,1.58699,2.25,1.50
2012.06.01 17:42:27.617,1.58656,1.587,2.25,1.50
2012.06.01 17:42:27.691,1.5866,1.58702,2.25,2.93
2012.06.01 17:42:28.182,1.5866,1.587,1.43,1.50
2012.06.01 17:42:28.444,1.58654,1.58696,1.50,1.50
2012.06.01 17:42:28.577,1.58652,1.58692,2.93,1.50
2012.06.01 17:42:28.764,1.58652,1.58695,2.93,1.50
2012.06.01 17:42:28.955,1.58656,1.58697,1.50,1.43
2012.06.01 17:42:29.272,1.5866,1.58703,2.25,2.33
2012.06.01 17:42:29.790,1.58663,1.58707,1.50,2.85
2012.06.01 17:42:30.855,1.58661,1.58703,1.43,1.58
2012.06.01 17:42:32.217,1.58661,1.58704,2.18,2.33
2012.06.01 17:42:32.358,1.5867,1.58704,1.43,1.95
2012.06.01 17:42:32.603,1.58671,1.5871,1.43,1.50
2012.06.01 17:42:32.733,1.58668,1.58705,1.50,2.18
2012.06.01 17:42:32.926,1.58663,1.58705,1.50,2.25
2012.06.01 17:42:33.067,1.58665,1.58708,1.50,2.18
2012.06.01 17:42:33.136,1.58665,1.58708,1.50,2.18
2012.06.01 17:42:33.385,1.58665,1.58709,2.25,1.50
2012.06.01 17:42:34.243,1.58668,1.58708,1.43,2.25
2012.06.01 17:42:34.373,1.58665,1.58706,1.50,2.18
2012.06.01 17:42:34.916,1.58665,1.58706,1.43,1.50
2012.06.01 17:42:35.385,1.58665,1.58706,1.43,1.84
2012.06.01 17:42:35.735,1.58665,1.58703,1.43,2.85
2012.06.01 17:42:35.804,1.58659,1.58703,1.50,2.85
2012.06.01 17:42:36.157,1.58662,1.58704,1.50,3.12
2012.06.01 17:42:36.287,1.5866,1.58702,1.50,2.48
2012.06.01 17:42:36.653,1.58658,1.587,1.43,2.18
2012.06.01 17:42:36.784,1.5866,1.587,1.43,2.18
2012.06.01 17:42:37.298,1.58658,1.587,1.43,2.18
2012.06.01 17:42:38.375,1.58659,1.587,1.43,2.18
2012.06.01 17:42:40.535,1.58658,1.587,1.43,2.18
2012.06.01 17:42:41.173,1.58656,1.587,2.93,2.18
2012.06.01 17:42:41.453,1.5866,1.58701,1.50,2.48
2012.06.01 17:42:42.145,1.5866,1.58702,1.50,3.90
2012.06.01 17:42:42.607,1.58665,1.58696,1.43,1.50
2012.06.01 17:42:42.673,1.58665,1.58698,1.43,1.65
2012.06.01 17:42:43.044,1.58658,1.58695,1.50,1.50
2012.06.01 17:42:43.473,1.58658,1.58692,1.50,1.50
2012.06.01 17:42:43.545,1.58651,1.58692,1.43,1.50
2012.06.01 17:42:43.614,1.58647,1.58691,2.93,1.50
2012.06.01 17:42:43.992,1.58649,1.5869,1.50,1.50
2012.06.01 17:42:44.303,1.58648,1.58688,1.43,1.50
2012.06.01 17:42:44.745,1.58648,1.58685,1.43,1.65
2012.06.01 17:42:45.058,1.58652,1.58694,1.43,4.16
2012.06.01 17:42:45.946,1.58652,1.5869,1.43,2.10
2012.06.01 17:42:46.604,1.58644,1.58687,1.43,2.10
2012.06.01 17:42:47.266,1.58644,1.58687,1.43,2.10
2012.06.01 17:42:47.777,1.58644,1.58687,1.43,1.50
2012.06.01 17:42:47.844,1.58644,1.58683,1.43,1.50
2012.06.01 17:42:48.454,1.58644,1.58686,2.93,1.50
2012.06.01 17:42:48.523,1.58647,1.58689,1.50,5.18
2012.06.01 17:42:49.458,1.5865,1.58689,1.50,2.18
2012.06.01 17:42:49.526,1.58648,1.58689,2.93,2.25
2012.06.01 17:42:49.594,1.58648,1.58687,1.50,1.43
2012.06.01 17:42:50.108,1.58641,1.58685,1.50,2.25
2012.06.01 17:42:50.414,1.58645,1.58687,1.50,2.18
2012.06.01 17:42:50.486,1.58643,1.58685,3.00,1.50
2012.06.01 17:42:50.625,1.58646,1.58685,1.43,1.50
2012.06.01 17:42:50.874,1.58642,1.58683,1.84,1.43
2012.06.01 17:42:51.764,1.58642,1.58683,2.25,1.43
2012.06.01 17:42:51.930,1.58645,1.58686,1.43,1.50
2012.06.01 17:42:52.242,1.58645,1.58686,2.18,1.50
2012.06.01 17:42:52.596,1.58647,1.58686,1.20,1.50
2012.06.01 17:42:52.905,1.58646,1.58683,1.43,1.50
2012.06.01 17:42:52.976,1.58639,1.58683,1.88,1.50
2012.06.01 17:42:53.104,1.58641,1.58683,1.50,1.50
2012.06.01 17:42:53.585,1.58646,1.58685,1.43,1.50
2012.06.01 17:42:53.909,1.58646,1.5868,1.43,1.50
2012.06.01 17:42:54.032,1.58646,1.58683,1.43,1.50
2012.06.01 17:42:54.103,1.58646,1.58685,1.43,1.50
2012.06.01 17:42:54.174,1.58642,1.58683,1.20,1.43
2012.06.01 17:42:54.246,1.58638,1.5868,3.30,1.50
2012.06.01 17:42:55.506,1.58639,1.58678,1.80,1.50
2012.06.01 17:42:56.040,1.58638,1.58679,1.80,1.50
2012.06.01 17:42:56.594,1.58638,1.58679,1.80,1.50
2012.06.01 17:42:57.266,1.58638,1.58678,1.80,1.50
2012.06.01 17:42:57.780,1.58636,1.58676,1.80,1.50
2012.06.01 17:42:58.025,1.58643,1.58683,1.43,1.50
2012.06.01 17:42:58.214,1.58643,1.58685,2.93,1.50
2012.06.01 17:42:58.416,1.58643,1.58685,3.68,1.50
2012.06.01 17:42:58.744,1.58643,1.58683,2.18,1.50
2012.06.01 17:42:59.177,1.58643,1.58683,1.43,1.50
2012.06.01 17:43:00.033,1.58643,1.58684,2.93,1.50
2012.06.01 17:43:00.283,1.58646,1.58688,1.50,3.00
2012.06.01 17:43:00.773,1.58644,1.58687,1.50,1.50
2012.06.01 17:43:01.007,1.58644,1.58688,1.80,1.50
2012.06.01 17:43:01.369,1.58652,1.58692,1.43,1.50
2012.06.01 17:43:03.544,1.58652,1.58689,1.43,1.50
2012.06.01 17:43:03.997,1.58647,1.58689,2.33,1.50
2012.06.01 17:43:04.584,1.58648,1.5869,2.25,1.50
2012.06.01 17:43:04.884,1.5866,1.58692,2.18,1.50
2012.06.01 17:43:05.198,1.58666,1.58698,1.13,1.50
2012.06.01 17:43:05.387,1.58655,1.58698,2.33,1.50
2012.06.01 17:43:05.815,1.58651,1.58695,2.70,1.50
2012.06.01 17:43:05.882,1.58651,1.58695,2.70,1.50
2012.06.01 17:43:05.953,1.58653,1.58695,1.50,1.50
2012.06.01 17:43:06.022,1.58651,1.58695,2.70,1.50
2012.06.01 17:43:06.277,1.58654,1.58696,1.50,1.50
2012.06.01 17:43:06.346,1.58651,1.58695,2.25,1.50
2012.06.01 17:43:07.027,1.58649,1.58691,2.63,1.50
2012.06.01 17:43:07.216,1.58649,1.58691,1.88,1.50
2012.06.01 17:43:08.879,1.58649,1.58691,1.95,1.50
2012.06.01 17:43:09.124,1.58657,1.58696,1.43,1.50
2012.06.01 17:43:09.353,1.58657,1.58699,1.43,2.25
2012.06.01 17:43:09.482,1.58657,1.58699,1.43,2.25
2012.06.01 17:43:09.552,1.58654,1.58694,1.50,2.25
2012.06.01 17:43:09.872,1.5865,1.58694,1.88,2.25
2012.06.01 17:43:11.005,1.5865,1.58694,1.88,2.25
2012.06.01 17:43:11.077,1.58649,1.58684,2.93,1.50
2012.06.01 17:43:11.145,1.58646,1.58686,1.50,1.50
2012.06.01 17:43:11.215,1.58646,1.58688,1.50,2.25
2012.06.01 17:43:11.344,1.58643,1.58684,1.65,1.50
2012.06.01 17:43:11.414,1.5864,1.58684,1.50,1.50
2012.06.01 17:43:11.545,1.58642,1.58684,1.50,1.50
2012.06.01 17:43:11.873,1.58644,1.58687,1.50,1.50
2012.06.01 17:43:12.204,1.58644,1.58687,2.25,1.50
2012.06.01 17:43:12.778,1.58642,1.58684,1.50,3.68
2012.06.01 17:43:13.321,1.58639,1.5868,1.50,1.50
2012.06.01 17:43:13.785,1.58639,1.5868,2.25,1.50
2012.06.01 17:43:13.956,1.58639,1.5868,1.50,1.50
2012.06.01 17:43:14.087,1.58636,1.58678,2.25,1.50
2012.06.01 17:43:14.677,1.58643,1.58683,1.50,2.25
2012.06.01 17:43:14.807,1.58637,1.58681,1.50,2.25
2012.06.01 17:43:15.085,1.58637,1.58681,1.50,2.25
2012.06.01 17:43:15.153,1.58637,1.58681,1.50,2.25
2012.06.01 17:43:15.341,1.5864,1.5868,1.43,2.25
2012.06.01 17:43:16.408,1.5864,1.5868,1.43,1.50
2012.06.01 17:43:16.543,1.58639,1.58681,1.50,1.50
2012.06.01 17:43:16.936,1.58637,1.58676,1.50,1.50
2012.06.01 17:43:17.320,1.58631,1.58672,2.25,1.50
2012.06.01 17:43:17.564,1.58633,1.58675,2.25,1.50
2012.06.01 17:43:17.784,1.58629,1.58672,3.15,1.50
2012.06.01 17:43:17.962,1.58632,1.58674,2.25,1.50
2012.06.01 17:43:18.463,1.58634,1.58678,2.25,1.50
2012.06.01 17:43:18.550,1.58632,1.58675,2.25,1.50
2012.06.01 17:43:18.866,1.58633,1.58675,2.25,1.50
2012.06.01 17:43:18.934,1.58633,1.58675,1.50,1.50
2012.06.01 17:43:19.502,1.58629,1.5867,1.43,1.50
2012.06.01 17:43:19.583,1.58632,1.58674,2.25,1.50
2012.06.01 17:43:20.525,1.58629,1.58672,2.25,1.50
2012.06.01 17:43:20.842,1.58628,1.58672,1.50,1.50
2012.06.01 17:43:21.066,1.58632,1.58674,1.50,3.00
2012.06.01 17:43:22.308,1.58629,1.58671,3.75,1.50
2012.06.01 17:43:23.287,1.58629,1.58671,1.50,1.50
2012.06.01 17:43:28.495,1.58627,1.58668,2.25,1.50
2012.06.01 17:43:29.182,1.58626,1.58668,2.25,1.50
2012.06.01 17:43:29.655,1.58629,1.58671,2.25,3.00
2012.06.01 17:43:29.784,1.58629,1.58671,1.50,1.50
2012.06.01 17:43:31.683,1.58626,1.58669,2.25,1.50
2012.06.01 17:43:32.504,1.58629,1.5867,1.50,1.50
2012.06.01 17:43:32.932,1.58626,1.58668,2.25,1.50
2012.06.01 17:43:33.283,1.5863,1.58668,2.18,1.50
2012.06.01 17:43:33.353,1.5863,1.58672,2.18,1.50
2012.06.01 17:43:33.484,1.58632,1.58674,2.25,1.50
2012.06.01 17:43:33.875,1.5863,1.58671,3.68,1.50
2012.06.01 17:43:34.214,1.58632,1.58674,2.25,1.50
2012.06.01 17:43:34.826,1.58632,1.58674,2.25,1.50
2012.06.01 17:43:34.895,1.58634,1.58678,2.25,1.50
2012.06.01 17:43:34.963,1.58634,1.58678,2.25,1.50
2012.06.01 17:43:35.153,1.58637,1.58679,2.25,1.50
2012.06.01 17:43:35.360,1.58637,1.58681,2.25,1.50
2012.06.01 17:43:35.434,1.58637,1.58679,2.25,1.50
2012.06.01 17:43:35.562,1.58635,1.58677,2.25,1.50
2012.06.01 17:43:35.917,1.58631,1.58675,2.25,1.50
2012.06.01 17:43:36.237,1.58636,1.58678,2.25,1.50
2012.06.01 17:43:36.306,1.58638,1.58681,2.25,1.50
2012.06.01 17:43:36.374,1.58638,1.58681,2.25,1.50
2012.06.01 17:43:36.930,1.58638,1.5868,2.25,1.50
2012.06.01 17:43:37.441,1.58635,1.58679,2.25,1.50
2012.06.01 17:43:38.472,1.58635,1.58679,2.25,1.50
2012.06.01 17:43:38.542,1.58639,1.5868,1.50,1.50
2012.06.01 17:43:38.615,1.58639,1.58683,1.50,3.68
2012.06.01 17:43:38.683,1.58639,1.58683,1.50,3.68
2012.06.01 17:43:38.906,1.58639,1.58683,1.50,2.93
2012.06.01 17:43:39.033,1.58637,1.5868,1.50,1.50
2012.06.01 17:43:39.554,1.58636,1.5868,2.25,1.50
2012.06.01 17:43:41.526,1.58638,1.5868,1.50,1.50
2012.06.01 17:43:41.592,1.58639,1.58683,1.50,1.50
2012.06.01 17:43:43.485,1.58639,1.58683,1.50,3.27
2012.06.01 17:43:43.553,1.58639,1.58668,1.50,1.43
2012.06.01 17:43:43.623,1.58637,1.58668,1.50,1.43
2012.06.01 17:43:43.697,1.58627,1.58668,1.88,1.43
2012.06.01 17:43:43.767,1.58621,1.58663,2.40,1.50
2012.06.01 17:43:43.895,1.58623,1.58667,2.25,1.50
2012.06.01 17:43:43.963,1.58623,1.58667,2.25,1.50
2012.06.01 17:43:44.034,1.58627,1.58669,2.25,1.50
2012.06.01 17:43:44.224,1.58628,1.58669,2.25,1.50
2012.06.01 17:43:44.352,1.58628,1.58669,2.25,1.50
2012.06.01 17:43:44.546,1.5863,1.58672,2.25,1.50
2012.06.01 17:43:44.613,1.58632,1.58676,2.25,3.30
2012.06.01 17:43:46.732,1.58631,1.58673,2.25,1.95
2012.06.01 17:43:46.862,1.58629,1.58668,2.25,1.43
2012.06.01 17:43:47.523,1.58628,1.58669,1.50,1.50
2012.06.01 17:43:47.592,1.58629,1.58672,1.50,1.43
2012.06.01 17:43:48.983,1.58631,1.58672,1.50,1.43
2012.06.01 17:43:49.569,1.58633,1.58672,1.50,1.43
2012.06.01 17:43:50.923,1.58633,1.58673,1.50,1.43
2012.06.01 17:43:51.251,1.58633,1.58671,1.50,1.43
2012.06.01 17:43:52.054,1.58633,1.58675,1.50,4.13
2012.06.01 17:43:52.122,1.5863,1.58672,1.50,1.50
2012.06.01 17:43:52.426,1.58632,1.58675,1.50,2.63
2012.06.01 17:43:55.194,1.58629,1.58673,1.50,2.25
2012.06.01 17:43:56.705,1.58629,1.58673,1.50,2.25
2012.06.01 17:43:57.462,1.58629,1.58673,1.50,1.50
2012.06.01 17:43:58.156,1.5863,1.58673,1.50,1.50
2012.06.01 17:43:58.284,1.58633,1.58675,1.50,2.63
2012.06.01 17:43:58.593,1.58636,1.58675,1.50,1.13
2012.06.01 17:43:58.663,1.58633,1.58675,1.50,1.13
2012.06.01 17:43:59.289,1.58633,1.58676,1.50,1.88
2012.06.01 17:43:59.969,1.58633,1.58675,1.50,1.13
2012.06.01 17:44:00.435,1.5863,1.58674,1.50,2.25
2012.06.01 17:44:00.507,1.58634,1.58674,1.43,2.63
2012.06.01 17:44:00.815,1.58634,1.58669,1.43,1.20
2012.06.01 17:44:00.946,1.58634,1.58672,1.43,1.50
2012.06.01 17:44:01.490,1.58633,1.58674,2.93,1.50
2012.06.01 17:44:01.567,1.58633,1.58671,1.50,1.43
2012.06.01 17:44:01.726,1.58631,1.58671,1.50,1.43
2012.06.01 17:44:02.282,1.5863,1.58671,1.50,1.43
2012.06.01 17:44:03.439,1.58629,1.58668,1.50,1.20
2012.06.01 17:44:03.745,1.58625,1.58663,1.50,1.43
2012.06.01 17:44:04.934,1.58627,1.58663,1.50,2.18
2012.06.01 17:44:05.635,1.58627,1.58669,1.50,1.50
2012.06.01 17:44:05.764,1.5863,1.58672,1.50,2.93
2012.06.01 17:44:08.056,1.58627,1.58669,1.50,1.50
2012.06.01 17:44:09.371,1.58627,1.58664,1.50,1.43
2012.06.01 17:44:09.503,1.58624,1.58664,1.50,1.43
2012.06.01 17:44:09.633,1.58627,1.58664,1.50,2.03
2012.06.01 17:44:09.702,1.58624,1.58664,1.50,3.53
2012.06.01 17:44:10.297,1.58625,1.58664,1.50,2.03
2012.06.01 17:44:12.169,1.58625,1.58664,1.50,2.78
2012.06.01 17:44:12.295,1.58627,1.58664,1.50,2.78
2012.06.01 17:44:12.993,1.58627,1.58671,1.50,3.90
2012.06.01 17:44:13.122,1.58627,1.58671,1.50,2.93
2012.06.01 17:44:14.096,1.58627,1.58669,1.50,1.50
2012.06.01 17:44:14.164,1.58627,1.58671,1.50,2.93
2012.06.01 17:44:15.581,1.58631,1.58671,1.50,2.93
2012.06.01 17:44:15.899,1.58633,1.58676,1.43,1.88
2012.06.01 17:44:15.970,1.58632,1.58663,2.25,1.43
2012.06.01 17:44:16.284,1.5864,1.58663,1.50,1.43
2012.06.01 17:44:16.353,1.58628,1.58663,1.50,1.43
2012.06.01 17:44:16.906,1.58629,1.58663,1.50,1.43
2012.06.01 17:44:16.977,1.58631,1.58663,1.50,1.43
2012.06.01 17:44:17.105,1.58631,1.58669,1.50,1.05
2012.06.01 17:44:17.174,1.58628,1.58669,1.50,1.05
2012.06.01 17:44:17.250,1.58632,1.58669,1.50,1.05
2012.06.01 17:44:17.324,1.58632,1.5867,1.50,2.25
2012.06.01 17:44:17.395,1.58635,1.5867,1.50,1.05
2012.06.01 17:44:17.714,1.58632,1.5867,1.50,1.05
2012.06.01 17:44:17.926,1.58629,1.5867,1.50,1.05
2012.06.01 17:44:18.904,1.58627,1.58669,1.50,2.25
2012.06.01 17:44:18.975,1.58627,1.58665,1.50,1.43
2012.06.01 17:44:19.108,1.58614,1.58658,1.80,1.50
2012.06.01 17:44:19.633,1.58614,1.58658,1.80,1.50
2012.06.01 17:44:19.915,1.58618,1.5866,1.50,3.00
2012.06.01 17:44:20.228,1.58609,1.5865,1.65,1.77
2012.06.01 17:44:20.295,1.58609,1.5865,1.50,1.77
2012.06.01 17:44:20.367,1.58606,1.58648,1.50,1.50
2012.06.01 17:44:20.498,1.58605,1.58644,1.43,1.50
2012.06.01 17:44:21.204,1.58606,1.58649,1.50,1.77
2012.06.01 17:44:21.334,1.58607,1.5865,1.50,2.25
2012.06.01 17:44:21.404,1.58609,1.58651,1.50,1.13
2012.06.01 17:44:22.026,1.58608,1.5865,1.50,1.43
2012.06.01 17:44:22.386,1.58611,1.5865,1.50,1.43
2012.06.01 17:44:22.753,1.58615,1.5865,1.50,1.43
2012.06.01 17:44:23.122,1.58629,1.58656,1.43,1.20
2012.06.01 17:44:23.256,1.58629,1.58658,2.93,1.05
2012.06.01 17:44:23.324,1.58632,1.58672,2.25,1.04
2012.06.01 17:44:23.453,1.58632,1.58673,2.25,1.95
2012.06.01 17:44:23.582,1.58629,1.58673,2.93,1.80
2012.06.01 17:44:24.099,1.58629,1.58668,2.93,1.09
2012.06.01 17:44:24.410,1.58629,1.58661,1.43,1.32
2012.06.01 17:44:24.535,1.58618,1.5866,1.50,3.90
2012.06.01 17:44:24.813,1.58616,1.58656,1.50,2.10
2012.06.01 17:44:24.882,1.58616,1.58649,1.50,1.73
2012.06.01 17:44:25.016,1.5861,1.58649,1.50,1.88
2012.06.01 17:44:25.563,1.58609,1.58649,1.50,1.88
2012.06.01 17:44:25.815,1.58611,1.58649,1.50,1.88
2012.06.01 17:44:26.476,1.58606,1.58649,1.50,1.88
2012.06.01 17:44:26.995,1.58607,1.58649,2.93,2.10
2012.06.01 17:44:27.069,1.58603,1.58645,1.50,3.23
2012.06.01 17:44:27.436,1.586,1.58642,2.93,1.50
2012.06.01 17:44:27.684,1.586,1.58642,2.93,2.25
2012.06.01 17:44:27.996,1.58597,1.58637,1.50,2.99
2012.06.01 17:44:28.584,1.58598,1.58637,1.50,2.99
2012.06.01 17:44:29.132,1.58597,1.58637,1.43,1.57
2012.06.01 17:44:29.680,1.58598,1.58638,1.50,1.57
2012.06.01 17:44:30.227,1.58598,1.58637,1.50,1.57
2012.06.01 17:44:33.877,1.58603,1.58637,1.50,1.57
2012.06.01 17:44:34.397,1.58603,1.58638,1.50,1.27
2012.06.01 17:44:35.053,1.58599,1.58637,1.50,1.27
2012.06.01 17:44:35.619,1.58602,1.58638,1.50,1.27
2012.06.01 17:44:35.925,1.58621,1.58662,1.43,1.05
2012.06.01 17:44:35.997,1.58621,1.58661,1.43,1.88
2012.06.01 17:44:36.215,1.58621,1.58661,1.43,2.03
2012.06.01 17:44:36.282,1.58617,1.5866,1.50,1.73
2012.06.01 17:44:36.356,1.58613,1.58656,1.77,2.10
2012.06.01 17:44:37.185,1.58613,1.58655,2.18,1.80
2012.06.01 17:44:37.747,1.58613,1.58653,1.43,1.50
2012.06.01 17:44:37.814,1.58613,1.5865,1.43,1.50
2012.06.01 17:44:38.294,1.58613,1.58653,1.43,1.65
2012.06.01 17:44:39.507,1.58613,1.58652,1.43,1.50
2012.06.01 17:44:39.575,1.58613,1.5865,1.43,1.50
2012.06.01 17:44:39.884,1.58613,1.58646,1.43,1.65
2012.06.01 17:44:39.955,1.58604,1.58642,1.88,1.80
2012.06.01 17:44:40.026,1.58599,1.58642,1.50,3.30
2012.06.01 17:44:40.154,1.58599,1.58642,2.25,3.30
2012.06.01 17:44:40.470,1.58614,1.58653,1.43,1.84
2012.06.01 17:44:40.997,1.58604,1.58645,2.18,1.13
2012.06.01 17:44:41.069,1.58613,1.58649,1.43,1.65
2012.06.01 17:44:41.140,1.58613,1.58649,1.43,1.50
2012.06.01 17:44:41.214,1.58613,1.58652,1.43,1.50
2012.06.01 17:44:41.573,1.58613,1.5865,1.43,1.50
2012.06.01 17:44:42.454,1.58613,1.5865,1.43,1.88
2012.06.01 17:44:42.705,1.58607,1.58646,1.13,1.50
2012.06.01 17:44:42.844,1.58607,1.58648,1.13,1.50
2012.06.01 17:44:43.680,1.58607,1.58649,1.13,1.88
2012.06.01 17:44:45.295,1.58606,1.58649,1.88,2.63
2012.06.01 17:44:45.898,1.58606,1.58649,2.63,1.88
2012.06.01 17:44:46.345,1.58606,1.58649,2.63,2.18
2012.06.01 17:44:46.693,1.58607,1.58643,1.13,1.50
2012.06.01 17:44:47.507,1.58607,1.58644,1.13,1.50
2012.06.01 17:44:47.823,1.58607,1.58639,1.13,1.50
2012.06.01 17:44:48.630,1.58607,1.58639,1.20,1.50
2012.06.01 17:44:48.945,1.58621,1.58639,2.18,1.50
2012.06.01 17:44:49.025,1.58621,1.58655,2.18,1.50
2012.06.01 17:44:49.214,1.58621,1.58655,2.18,1.50
2012.06.01 17:44:49.405,1.58621,1.58652,2.18,1.50
2012.06.01 17:44:49.476,1.58621,1.58654,2.18,1.50
2012.06.01 17:44:49.545,1.58621,1.58657,2.18,1.50
2012.06.01 17:44:50.312,1.58621,1.5866,2.18,1.50
2012.06.01 17:44:50.861,1.58621,1.58661,2.18,2.37
2012.06.01 17:44:51.073,1.58621,1.58657,2.18,1.50
2012.06.01 17:44:51.787,1.58621,1.5866,2.18,1.50
2012.06.01 17:44:52.682,1.58621,1.58661,2.93,1.02
2012.06.01 17:44:52.814,1.58621,1.58658,1.43,1.50
2012.06.01 17:44:53.244,1.58621,1.5866,1.43,3.00
2012.06.01 17:44:55.566,1.58621,1.58662,3.68,1.02
2012.06.01 17:44:56.205,1.58621,1.58662,2.18,1.02
2012.06.01 17:44:57.185,1.58621,1.58661,2.18,2.37
2012.06.01 17:44:57.883,1.58621,1.5866,2.18,1.50
2012.06.01 17:44:57.953,1.58621,1.58657,2.18,1.50
2012.06.01 17:44:58.493,1.58621,1.5866,2.18,1.50
2012.06.01 17:44:59.311,1.58621,1.58659,2.18,1.50
2012.06.01 17:44:59.444,1.58621,1.58657,1.43,1.50
2012.06.01 17:44:59.877,1.58621,1.58655,1.43,1.50
2012.06.01 17:45:00.123,1.58621,1.58657,2.18,1.50
2012.06.01 17:45:00.415,1.58621,1.58661,2.18,2.37
2012.06.01 17:45:01.348,1.58621,1.58658,2.18,1.50
2012.06.01 17:45:01.886,1.58621,1.58658,2.18,1.50
2012.06.01 17:45:03.144,1.58621,1.58658,2.18,1.50
2012.06.01 17:45:03.275,1.58621,1.58658,2.18,1.50
2012.06.01 17:45:03.417,1.58621,1.58658,2.52,1.50
2012.06.01 17:45:03.726,1.58637,1.58675,1.43,2.14
2012.06.01 17:45:03.794,1.58631,1.58675,1.88,3.72
2012.06.01 17:45:04.647,1.5863,1.58667,1.80,1.50
2012.06.01 17:45:05.356,1.5863,1.58663,1.80,1.50
2012.06.01 17:45:05.484,1.58625,1.58663,1.43,1.50
2012.06.01 17:45:05.856,1.5863,1.58663,1.43,1.65
2012.06.01 17:45:06.575,1.5863,1.58667,1.43,2.10
2012.06.01 17:45:07.433,1.5863,1.58663,1.43,1.50
2012.06.01 17:45:07.950,1.58629,1.58663,1.43,1.50
2012.06.01 17:45:09.713,1.58629,1.58665,1.43,1.80
2012.06.01 17:45:10.330,1.5863,1.58668,1.43,2.10
2012.06.01 17:45:10.832,1.5863,1.58668,1.43,2.10
2012.06.01 17:45:11.351,1.5863,1.58668,1.43,2.10
2012.06.01 17:45:13.544,1.5863,1.5867,1.43,1.53
2012.06.01 17:45:14.005,1.58635,1.5867,1.43,1.23
2012.06.01 17:45:14.074,1.58635,1.58672,1.43,2.22
2012.06.01 17:45:14.142,1.58635,1.58672,1.43,1.88
2012.06.01 17:45:14.938,1.58638,1.58677,2.25,2.70
2012.06.01 17:45:15.065,1.5864,1.5868,2.25,1.88
2012.06.01 17:45:15.263,1.58642,1.58681,2.18,2.44
2012.06.01 17:45:15.396,1.58642,1.58679,1.43,1.65
2012.06.01 17:45:15.527,1.58642,1.58679,1.43,1.50
2012.06.01 17:45:18.175,1.58642,1.58682,1.43,1.50
2012.06.01 17:45:18.244,1.58642,1.58682,2.18,1.50
2012.06.01 17:45:20.279,1.58642,1.58681,2.18,1.50
2012.06.01 17:45:20.429,1.58642,1.5868,1.43,1.50
2012.06.01 17:45:20.871,1.58642,1.5868,2.18,1.50
2012.06.01 17:45:21.806,1.58642,1.5868,2.18,1.50
2012.06.01 17:45:22.025,1.58642,1.5868,2.18,1.50
2012.06.01 17:45:22.348,1.58642,1.58682,2.18,1.50
2012.06.01 17:45:23.214,1.58642,1.58682,2.18,1.50
2012.06.01 17:45:24.664,1.58642,1.58682,2.18,1.50
2012.06.01 17:45:24.986,1.58642,1.5868,2.18,1.50
2012.06.01 17:45:25.054,1.58642,1.5868,1.43,1.50
2012.06.01 17:45:25.123,1.58642,1.5868,2.18,1.50
2012.06.01 17:45:25.434,1.58642,1.5868,1.43,1.50
2012.06.01 17:45:25.503,1.58642,1.5868,2.18,1.50
2012.06.01 17:45:25.633,1.58642,1.58683,2.18,1.50
2012.06.01 17:45:29.306,1.5866,1.58694,1.43,1.50
2012.06.01 17:45:29.614,1.5866,1.58691,1.43,1.50
2012.06.01 17:45:29.803,1.58651,1.58689,2.10,1.50
2012.06.01 17:45:29.932,1.58651,1.58689,1.43,1.99
2012.06.01 17:45:30.244,1.58651,1.58689,1.43,2.29
2012.06.01 17:45:30.312,1.58643,1.58688,2.33,2.07
2012.06.01 17:45:30.445,1.58643,1.58685,2.18,2.29
2012.06.01 17:45:31.955,1.58643,1.58682,1.43,1.02
2012.06.01 17:45:32.024,1.58638,1.58682,2.25,1.02
2012.06.01 17:45:34.183,1.58637,1.58681,2.18,1.02
2012.06.01 17:45:35.108,1.58637,1.58681,2.18,1.02
2012.06.01 17:45:36.234,1.58637,1.58681,2.18,1.02
2012.06.01 17:45:36.362,1.58637,1.58677,2.18,1.50
2012.06.01 17:45:38.282,1.58637,1.58681,2.18,1.02
2012.06.01 17:45:39.645,1.58637,1.58683,2.18,1.58
2012.06.01 17:45:39.712,1.58637,1.58684,2.18,2.25
2012.06.01 17:45:39.868,1.58637,1.58684,1.43,3.00
2012.06.01 17:45:40.206,1.58637,1.58682,2.18,2.33
2012.06.01 17:45:40.517,1.58648,1.58684,1.20,1.88
2012.06.01 17:45:40.645,1.58647,1.58684,1.20,1.88
2012.06.01 17:45:40.715,1.58647,1.58686,1.20,1.95
2012.06.01 17:45:40.846,1.58645,1.58688,3.68,1.19
2012.06.01 17:45:41.373,1.58645,1.58689,5.18,1.50
2012.06.01 17:45:41.612,1.58653,1.58691,2.18,1.50
2012.06.01 17:45:41.682,1.58653,1.58688,2.18,1.50
2012.06.01 17:45:42.434,1.58653,1.58688,1.43,1.50
2012.06.01 17:45:43.008,1.58653,1.58687,1.43,1.50
2012.06.01 17:45:43.293,1.58653,1.58687,2.18,1.50
2012.06.01 17:45:43.365,1.58653,1.58687,1.43,1.50
2012.06.01 17:45:43.744,1.58649,1.58688,1.43,1.50
2012.06.01 17:45:43.815,1.58649,1.58688,2.18,1.50
2012.06.01 17:45:43.885,1.58649,1.58691,2.18,1.50
2012.06.01 17:45:43.953,1.58649,1.58691,1.43,1.50
2012.06.01 17:45:44.028,1.58657,1.58691,1.43,1.50
2012.06.01 17:45:44.277,1.58651,1.58692,1.50,3.30
2012.06.01 17:45:44.418,1.58651,1.58692,2.25,1.80
2012.06.01 17:45:44.999,1.58657,1.58693,1.43,1.95
2012.06.01 17:45:45.069,1.58657,1.58696,1.43,1.80
2012.06.01 17:45:45.602,1.58657,1.58696,1.43,2.10
2012.06.01 17:45:46.211,1.58657,1.58696,1.43,1.50
2012.06.01 17:45:46.754,1.58657,1.58697,1.43,1.50
2012.06.01 17:45:46.824,1.58657,1.587,1.43,2.25
2012.06.01 17:45:47.247,1.58658,1.587,1.43,1.84
2012.06.01 17:45:47.620,1.58651,1.58692,2.18,1.50
2012.06.01 17:45:47.958,1.58651,1.58689,2.18,1.50
2012.06.01 17:45:48.726,1.58651,1.58689,1.43,1.50
2012.06.01 17:45:49.472,1.58651,1.58693,1.43,1.65
2012.06.01 17:45:50.386,1.58651,1.58693,2.18,1.65
2012.06.01 17:45:50.512,1.58651,1.58693,2.18,1.65
2012.06.01 17:45:50.582,1.58656,1.58693,1.43,1.65
2012.06.01 17:45:53.266,1.58656,1.58689,1.43,1.50
2012.06.01 17:45:53.333,1.5865,1.58689,1.13,1.50
2012.06.01 17:45:54.222,1.5865,1.58689,1.13,1.50
2012.06.01 17:45:54.626,1.5865,1.58685,1.13,1.50
2012.06.01 17:45:54.752,1.5865,1.58688,1.13,1.50
2012.06.01 17:45:55.744,1.58648,1.58681,1.80,1.50
2012.06.01 17:45:56.153,1.58644,1.58681,1.43,1.50
2012.06.01 17:45:56.293,1.58644,1.58684,1.43,1.50
2012.06.01 17:45:58.656,1.58644,1.58684,1.43,1.65
2012.06.01 17:45:58.963,1.58642,1.58684,2.25,2.10
2012.06.01 17:45:59.683,1.58641,1.58683,3.68,2.10
2012.06.01 17:46:00.022,1.58641,1.58683,3.68,1.80
2012.06.01 17:46:00.168,1.58641,1.58683,3.68,1.80
2012.06.01 17:46:00.433,1.58641,1.58681,2.63,1.50
2012.06.01 17:46:00.505,1.58651,1.58681,1.43,1.50
2012.06.01 17:46:00.575,1.58651,1.58685,1.43,1.50
2012.06.01 17:46:00.893,1.58651,1.58687,1.43,1.50
2012.06.01 17:46:02.144,1.58645,1.58687,1.88,1.50
2012.06.01 17:46:02.285,1.58651,1.58688,1.43,1.65
2012.06.01 17:46:03.333,1.58651,1.58685,1.43,1.50
2012.06.01 17:46:03.585,1.58643,1.58685,2.25,1.50
2012.06.01 17:46:03.656,1.58643,1.58685,2.25,1.50
2012.06.01 17:46:04.038,1.58642,1.5868,2.18,1.50
2012.06.01 17:46:04.166,1.58642,1.58684,2.18,1.50
2012.06.01 17:46:04.757,1.58642,1.58684,1.43,1.50
2012.06.01 17:46:04.826,1.58642,1.58678,1.43,1.50
2012.06.01 17:46:04.895,1.58638,1.5868,1.50,1.65
2012.06.01 17:46:05.805,1.58635,1.58678,2.22,1.50
2012.06.01 17:46:06.363,1.58637,1.58681,2.22,3.53
2012.06.01 17:46:10.533,1.58635,1.58678,2.22,1.50
2012.06.01 17:46:11.952,1.58634,1.58678,2.14,1.50
2012.06.01 17:46:12.273,1.58644,1.58688,2.25,3.68
2012.06.01 17:46:12.624,1.58642,1.58684,2.18,1.50
2012.06.01 17:46:19.303,1.58642,1.58684,1.43,1.50
2012.06.01 17:46:19.701,1.58643,1.58686,1.50,1.50
2012.06.01 17:46:19.902,1.58645,1.58688,1.50,1.43
2012.06.01 17:46:20.232,1.58643,1.58686,1.65,1.50
2012.06.01 17:46:21.453,1.58645,1.58689,1.50,2.25
2012.06.01 17:46:21.945,1.58644,1.58685,1.50,1.50
2012.06.01 17:46:24.003,1.58646,1.58688,1.50,2.25
2012.06.01 17:46:28.872,1.58644,1.58685,2.25,1.50
2012.06.01 17:46:30.751,1.58645,1.58687,2.25,1.50
2012.06.01 17:46:30.824,1.58645,1.58689,2.25,1.50
2012.06.01 17:46:30.953,1.58662,1.58691,2.25,2.93
2012.06.01 17:46:31.083,1.58661,1.58697,2.25,1.80
2012.06.01 17:46:31.156,1.58659,1.58692,1.09,1.50
2012.06.01 17:46:31.284,1.58646,1.5869,4.85,1.50
2012.06.01 17:46:31.354,1.58646,1.5869,2.74,1.50
2012.06.01 17:46:31.483,1.58646,1.58688,2.74,1.50
2012.06.01 17:46:31.735,1.58642,1.58684,3.45,1.50
2012.06.01 17:46:32.287,1.58642,1.58684,2.93,2.14
2012.06.01 17:46:32.416,1.58638,1.58681,1.50,2.07
2012.06.01 17:46:33.174,1.58638,1.58681,1.50,2.37
2012.06.01 17:46:33.880,1.58639,1.58681,1.50,2.37
2012.06.01 17:46:37.095,1.58642,1.58681,1.50,2.37
2012.06.01 17:46:37.654,1.58643,1.58681,1.50,2.03
2012.06.01 17:46:38.082,1.58641,1.58681,1.50,2.03
2012.06.01 17:46:39.296,1.58644,1.58681,1.50,2.03
2012.06.01 17:46:39.583,1.5864,1.58681,1.50,2.03
2012.06.01 17:46:39.956,1.58642,1.58681,1.50,2.03
2012.06.01 17:46:40.282,1.58644,1.58681,1.50,1.73
2012.06.01 17:46:42.123,1.58646,1.58681,1.50,1.73
2012.06.01 17:46:43.496,1.58644,1.58681,1.50,1.73
2012.06.01 17:46:43.565,1.58646,1.58681,1.50,1.73
2012.06.01 17:46:43.634,1.58646,1.58687,1.50,2.63
2012.06.01 17:46:43.824,1.58651,1.58687,1.43,2.25
2012.06.01 17:46:43.953,1.58651,1.58691,1.43,1.84
2012.06.01 17:46:44.024,1.58649,1.58689,1.50,1.43
2012.06.01 17:46:44.095,1.58651,1.58689,1.50,1.73
2012.06.01 17:46:44.811,1.58642,1.5868,2.67,1.43
2012.06.01 17:46:45.064,1.58644,1.58687,1.65,1.27
2012.06.01 17:46:45.195,1.58648,1.58688,1.50,2.99
2012.06.01 17:46:45.325,1.58645,1.58687,1.50,2.48
2012.06.01 17:46:45.457,1.58649,1.58688,1.50,2.99
2012.06.01 17:46:45.884,1.58649,1.58691,1.50,1.50
2012.06.01 17:46:48.623,1.58644,1.58688,1.50,2.93
2012.06.01 17:46:49.274,1.58641,1.58685,1.50,1.50
2012.06.01 17:46:51.236,1.58641,1.58685,1.50,2.25
2012.06.01 17:46:51.426,1.58641,1.58685,1.50,1.50
2012.06.01 17:46:51.795,1.58641,1.5868,1.50,1.43
2012.06.01 17:46:52.113,1.58639,1.5868,3.00,1.43
2012.06.01 17:46:52.185,1.58639,1.5868,3.75,1.43
2012.06.01 17:46:52.315,1.58647,1.58687,2.25,1.88
2012.06.01 17:46:52.386,1.58649,1.58687,1.50,1.88
2012.06.01 17:46:52.455,1.58645,1.58687,1.50,1.88
2012.06.01 17:46:52.920,1.58645,1.5868,1.50,1.43
2012.06.01 17:46:52.984,1.5864,1.5868,1.50,1.43
2012.06.01 17:46:53.527,1.58641,1.5868,1.50,1.43
2012.06.01 17:46:54.115,1.58642,1.5868,1.50,1.43
2012.06.01 17:46:54.324,1.58637,1.58679,1.50,1.50
2012.06.01 17:46:54.473,1.5864,1.5868,1.50,1.43
2012.06.01 17:46:57.090,1.5864,1.5868,2.25,1.43
2012.06.01 17:46:57.700,1.58638,1.58679,2.25,1.50
2012.06.01 17:46:58.436,1.58638,1.58679,1.50,1.50
2012.06.01 17:46:59.264,1.5864,1.5868,1.50,1.43
2012.06.01 17:46:59.585,1.5864,1.5868,1.50,1.73
2012.06.01 17:47:01.566,1.5864,1.5868,2.25,1.73
2012.06.01 17:47:02.134,1.5864,1.5868,1.50,1.73
2012.06.01 17:47:02.548,1.58642,1.5868,1.50,1.73
2012.06.01 17:47:03.055,1.58641,1.5868,1.50,1.58
2012.06.01 17:47:03.124,1.58637,1.5868,1.50,1.58
2012.06.01 17:47:03.223,1.58641,1.5868,1.50,1.58
2012.06.01 17:47:03.848,1.58639,1.5868,1.50,1.58
2012.06.01 17:47:03.922,1.58637,1.58671,1.50,1.43
2012.06.01 17:47:04.056,1.58637,1.58677,1.50,1.50
2012.06.01 17:47:04.127,1.58637,1.58681,1.50,3.75
2012.06.01 17:47:04.197,1.5864,1.58681,1.50,2.25
2012.06.01 17:47:04.267,1.5864,1.58681,1.50,2.84
2012.06.01 17:47:04.332,1.58637,1.58679,1.50,1.50
2012.06.01 17:47:04.533,1.5864,1.58681,1.50,2.84
2012.06.01 17:47:05.864,1.58633,1.58675,3.27,1.50
2012.06.01 17:47:06.306,1.58633,1.58673,1.77,1.50
2012.06.01 17:47:07.831,1.58636,1.58674,1.50,1.50
2012.06.01 17:47:07.903,1.58636,1.58678,1.50,1.50
2012.06.01 17:47:08.995,1.58637,1.58678,1.50,1.50
2012.06.01 17:47:09.243,1.5864,1.58681,1.50,1.58
2012.06.01 17:47:10.004,1.58637,1.5868,1.50,1.50
2012.06.01 17:47:10.615,1.58636,1.5868,2.25,1.50
2012.06.01 17:47:12.206,1.58635,1.5867,2.25,1.50
2012.06.01 17:47:12.678,1.58633,1.58672,2.18,1.50
2012.06.01 17:47:12.747,1.58639,1.58682,1.20,2.10
2012.06.01 17:47:12.992,1.58641,1.58682,2.18,1.50
2012.06.01 17:47:13.326,1.58641,1.58678,2.18,1.50
2012.06.01 17:47:13.455,1.58637,1.58678,2.70,1.50
2012.06.01 17:47:13.524,1.58637,1.58676,1.20,1.50
2012.06.01 17:47:14.063,1.58633,1.58674,1.88,1.50
2012.06.01 17:47:14.133,1.58632,1.58674,1.50,1.50
2012.06.01 17:47:14.263,1.58629,1.58669,1.43,1.50
2012.06.01 17:47:14.795,1.5863,1.5867,1.13,1.50
2012.06.01 17:47:15.310,1.58629,1.5867,1.28,1.50
2012.06.01 17:47:15.711,1.58628,1.5867,3.90,1.50
2012.06.01 17:47:16.476,1.58629,1.5867,1.28,1.50
2012.06.01 17:47:17.116,1.58631,1.58673,2.25,1.50
2012.06.01 17:47:17.424,1.58636,1.58674,2.18,1.50
2012.06.01 17:47:19.163,1.58636,1.58674,2.18,1.50
2012.06.01 17:47:19.235,1.58636,1.58674,2.18,1.50
2012.06.01 17:47:19.414,1.58637,1.58677,1.09,1.50
2012.06.01 17:47:19.483,1.58637,1.58677,1.09,1.50
2012.06.01 17:47:20.014,1.58637,1.58676,1.09,1.50
2012.06.01 17:47:21.666,1.58637,1.58676,1.09,1.50
2012.06.01 17:47:21.733,1.58636,1.58676,1.77,1.50
2012.06.01 17:47:21.864,1.58636,1.58671,2.18,1.50
2012.06.01 17:47:22.335,1.58636,1.58673,2.18,1.50
2012.06.01 17:47:23.592,1.58636,1.58677,2.18,1.50
2012.06.01 17:47:25.199,1.58636,1.58677,2.18,1.50
2012.06.01 17:47:27.213,1.58636,1.58673,2.18,1.50
2012.06.01 17:47:27.344,1.58633,1.58673,1.50,1.50
2012.06.01 17:47:27.634,1.58629,1.58671,4.24,1.50
2012.06.01 17:47:28.716,1.58629,1.58671,3.75,1.50
2012.06.01 17:47:28.846,1.58632,1.58674,1.50,2.93
2012.06.01 17:47:28.916,1.58632,1.58672,1.50,1.50
2012.06.01 17:47:28.984,1.58629,1.58671,2.25,1.50
2012.06.01 17:47:29.457,1.58631,1.58672,1.50,1.50
2012.06.01 17:47:29.775,1.58638,1.5868,2.25,1.84
2012.06.01 17:47:32.959,1.58637,1.58677,1.43,1.84
2012.06.01 17:47:36.169,1.58637,1.58677,2.18,1.84
2012.06.01 17:47:36.232,1.58637,1.58677,2.18,1.84
2012.06.01 17:47:43.063,1.58637,1.58677,2.18,1.84
2012.06.01 17:47:50.984,1.58637,1.58676,1.43,2.14
2012.06.01 17:47:51.052,1.58632,1.58674,2.25,1.73
2012.06.01 17:47:51.723,1.58629,1.58672,2.55,1.50
2012.06.01 17:47:52.364,1.58632,1.58673,2.25,1.50
2012.06.01 17:47:52.756,1.5863,1.58671,2.25,1.50
2012.06.01 17:47:53.580,1.58632,1.58673,2.25,1.65
2012.06.01 17:47:53.952,1.58632,1.58674,2.25,1.73
2012.06.01 17:47:54.598,1.58632,1.58674,2.25,1.73
2012.06.01 17:47:56.207,1.58632,1.58674,2.25,1.73
2012.06.01 17:47:57.185,1.58632,1.58674,2.25,1.73
2012.06.01 17:47:57.686,1.58636,1.58676,2.18,1.84
2012.06.01 17:47:58.483,1.58636,1.58677,2.18,1.84
2012.06.01 17:47:58.555,1.58636,1.58677,2.18,1.84
2012.06.01 17:47:59.024,1.58636,1.58677,2.18,1.84
2012.06.01 17:47:59.537,1.58636,1.58677,2.18,1.84
2012.06.01 17:47:59.603,1.58636,1.58672,2.18,1.50
2012.06.01 17:47:59.735,1.58636,1.58677,2.18,1.84
2012.06.01 17:47:59.803,1.58631,1.58673,4.05,1.50
2012.06.01 17:47:59.945,1.58631,1.58673,1.50,1.65
2012.06.01 17:48:02.722,1.58635,1.58675,1.50,3.23
2012.06.01 17:48:03.444,1.58637,1.58677,2.18,2.10
2012.06.01 17:48:03.636,1.58637,1.58677,2.18,1.65
2012.06.01 17:48:03.985,1.58637,1.58679,3.68,1.50
2012.06.01 17:48:07.586,1.58637,1.58679,2.93,1.50
2012.06.01 17:48:07.736,1.58637,1.58675,1.43,1.50
2012.06.01 17:48:08.418,1.58637,1.58675,2.18,1.50
2012.06.01 17:48:08.866,1.58637,1.58678,2.18,3.00
2012.06.01 17:48:11.644,1.58637,1.58678,1.43,1.50
2012.06.01 17:48:11.715,1.58637,1.58678,2.18,1.50
2012.06.01 17:48:11.906,1.58637,1.58678,1.43,1.84
2012.06.01 17:48:12.162,1.58631,1.58674,1.65,1.77
2012.06.01 17:48:12.942,1.58631,1.58674,2.25,1.58
2012.06.01 17:48:13.635,1.58634,1.58674,1.50,1.58
2012.06.01 17:48:13.947,1.58638,1.58679,1.50,2.10
2012.06.01 17:48:14.093,1.58638,1.58681,1.50,1.80
2012.06.01 17:48:14.515,1.58638,1.5868,2.25,3.00
2012.06.01 17:48:14.822,1.58636,1.58677,2.18,1.50
2012.06.01 17:48:15.138,1.58636,1.58677,2.18,1.50
2012.06.01 17:48:15.405,1.58636,1.58677,2.18,1.50
2012.06.01 17:48:15.722,1.58636,1.58677,2.18,1.50
2012.06.01 17:48:15.932,1.58637,1.58681,2.25,1.50
2012.06.01 17:48:16.308,1.58636,1.58677,2.18,1.50
2012.06.01 17:48:18.154,1.58637,1.58681,2.25,1.50
2012.06.01 17:48:19.005,1.58637,1.58681,2.25,1.50
2012.06.01 17:48:19.073,1.58637,1.58679,2.25,1.50
2012.06.01 17:48:19.619,1.58636,1.58678,2.18,1.50
2012.06.01 17:48:23.525,1.58636,1.58678,2.18,1.50
2012.06.01 17:48:23.592,1.58636,1.58678,2.18,1.50
2012.06.01 17:48:23.934,1.58638,1.58678,2.25,1.50
2012.06.01 17:48:24.062,1.58641,1.58683,2.25,2.93
2012.06.01 17:48:24.396,1.58641,1.58683,2.25,2.93
2012.06.01 17:48:24.465,1.58637,1.58677,2.18,1.50
2012.06.01 17:48:24.734,1.58637,1.58677,1.43,1.50
2012.06.01 17:48:24.806,1.58637,1.58677,1.43,2.10
2012.06.01 17:48:24.875,1.58635,1.58674,1.50,1.58
2012.06.01 17:48:24.945,1.58631,1.58674,2.25,1.58
2012.06.01 17:48:25.074,1.58629,1.58671,4.39,1.50
2012.06.01 17:48:25.259,1.58631,1.58674,2.25,2.93
2012.06.01 17:48:25.325,1.58631,1.58674,2.25,1.43
2012.06.01 17:48:25.534,1.58631,1.58674,2.25,1.58
2012.06.01 17:48:25.605,1.58635,1.58674,1.50,1.58
2012.06.01 17:48:26.242,1.58632,1.58674,1.50,1.58
2012.06.01 17:48:28.194,1.58631,1.58672,2.25,1.50
2012.06.01 17:48:28.554,1.58629,1.5867,1.43,1.95
2012.06.01 17:48:28.919,1.58624,1.58666,2.25,1.43
2012.06.01 17:48:29.507,1.58624,1.58666,2.25,1.43
2012.06.01 17:48:29.847,1.58624,1.58666,2.25,1.43
2012.06.01 17:48:29.977,1.58626,1.58666,1.05,1.43
2012.06.01 17:48:30.045,1.58627,1.58668,2.33,1.50
2012.06.01 17:48:30.414,1.58633,1.5867,2.25,1.50
2012.06.01 17:48:30.484,1.58634,1.58674,2.25,1.80
2012.06.01 17:48:30.613,1.58641,1.58678,1.50,1.05
2012.06.01 17:48:30.743,1.58641,1.58683,1.50,2.59
2012.06.01 17:48:30.872,1.58639,1.5868,3.00,1.84
2012.06.01 17:48:30.944,1.58641,1.5868,1.13,1.50
2012.06.01 17:48:31.075,1.58642,1.58683,1.50,2.39
2012.06.01 17:48:31.550,1.58641,1.5868,1.13,1.50
2012.06.01 17:48:32.643,1.58637,1.58677,2.63,1.50
2012.06.01 17:48:35.165,1.58641,1.58677,1.13,1.50
2012.06.01 17:48:35.506,1.58641,1.58675,1.13,1.43
2012.06.01 17:48:35.572,1.58641,1.58677,1.13,1.50
2012.06.01 17:48:35.756,1.58641,1.58679,1.13,1.50
2012.06.01 17:48:35.947,1.58642,1.58683,1.50,1.50
2012.06.01 17:48:36.528,1.58642,1.58684,2.25,2.93
2012.06.01 17:48:37.219,1.58644,1.58684,1.09,2.93
2012.06.01 17:48:37.777,1.58644,1.58684,1.09,2.93
2012.06.01 17:48:38.542,1.58644,1.58684,1.09,2.93
2012.06.01 17:48:44.116,1.58644,1.58684,1.50,1.77
2012.06.01 17:48:44.245,1.58644,1.58684,2.25,1.43
2012.06.01 17:48:44.314,1.58647,1.58689,1.50,1.58
2012.06.01 17:48:44.448,1.58647,1.58687,1.50,1.84
2012.06.01 17:48:44.513,1.58642,1.58686,1.95,1.84
2012.06.01 17:48:44.924,1.58642,1.58681,1.50,1.77
2012.06.01 17:48:45.175,1.58646,1.58681,2.25,1.77
2012.06.01 17:48:45.483,1.5865,1.58688,2.18,1.80
2012.06.01 17:48:45.625,1.5865,1.58688,1.43,1.80
2012.06.01 17:48:45.755,1.58646,1.58688,1.65,1.80
2012.06.01 17:48:45.825,1.58652,1.58689,1.50,1.73
2012.06.01 17:48:45.894,1.58649,1.58689,1.50,1.73
2012.06.01 17:48:46.512,1.58648,1.58689,1.50,1.43
2012.06.01 17:48:46.591,1.58648,1.58678,1.50,1.43
2012.06.01 17:48:46.666,1.58648,1.58687,1.50,1.43
2012.06.01 17:48:46.734,1.5865,1.58687,1.50,1.43
2012.06.01 17:48:47.313,1.58648,1.58687,1.50,1.43
2012.06.01 17:48:47.803,1.5865,1.58687,1.50,1.43
2012.06.01 17:48:48.094,1.58647,1.58687,1.50,1.43
2012.06.01 17:48:48.165,1.5865,1.58687,1.50,1.43
2012.06.01 17:48:48.508,1.58645,1.58687,2.25,1.50
2012.06.01 17:48:48.693,1.58657,1.58696,1.50,1.43
2012.06.01 17:48:48.763,1.58655,1.58696,1.50,2.93
2012.06.01 17:48:48.868,1.58655,1.58693,1.50,1.50
2012.06.01 17:48:49.023,1.58651,1.58693,2.25,1.50
2012.06.01 17:48:49.454,1.58649,1.58693,1.50,1.50
2012.06.01 17:48:49.525,1.58649,1.58691,1.50,1.50
2012.06.01 17:48:49.933,1.58649,1.58688,1.50,1.43
2012.06.01 17:48:50.008,1.58647,1.58688,1.50,1.43
2012.06.01 17:48:50.236,1.58647,1.58678,1.50,1.43
2012.06.01 17:48:50.305,1.58647,1.58687,1.50,1.43
2012.06.01 17:48:52.363,1.58644,1.58686,1.50,1.50
2012.06.01 17:48:52.627,1.58647,1.58687,1.50,1.43
2012.06.01 17:48:52.947,1.58647,1.58689,2.29,1.50
2012.06.01 17:48:53.522,1.58642,1.58682,1.07,1.50
2012.06.01 17:48:53.603,1.58645,1.58682,1.05,1.50
2012.06.01 17:48:53.733,1.58645,1.58682,1.05,2.25
2012.06.01 17:48:53.986,1.58633,1.58671,1.35,1.50
2012.06.01 17:48:54.054,1.58631,1.58671,1.73,1.50
2012.06.01 17:48:54.126,1.5863,1.58671,2.18,1.50
2012.06.01 17:48:54.647,1.5863,1.58671,2.18,1.50
2012.06.01 17:48:54.954,1.5863,1.58671,1.50,1.50
2012.06.01 17:48:55.388,1.5863,1.58666,1.50,1.43
2012.06.01 17:48:55.457,1.58625,1.58666,1.80,1.43
2012.06.01 17:48:55.646,1.58625,1.58669,1.50,3.68
2012.06.01 17:48:56.216,1.58622,1.58664,2.25,1.50
2012.06.01 17:48:56.542,1.58625,1.58667,1.50,1.50
2012.06.01 17:48:57.094,1.58628,1.5867,1.50,2.25
2012.06.01 17:48:57.166,1.58625,1.58667,1.50,1.50
2012.06.01 17:48:57.354,1.58625,1.58662,1.50,1.43
2012.06.01 17:48:58.208,1.58622,1.58662,3.30,1.43
2012.06.01 17:48:58.716,1.58622,1.58662,2.25,1.43
2012.06.01 17:48:59.263,1.58625,1.58667,2.25,1.84
2012.06.01 17:48:59.335,1.58625,1.58667,1.50,1.84
2012.06.01 17:48:59.463,1.58628,1.58667,1.43,1.50
2012.06.01 17:48:59.593,1.58628,1.58669,1.43,1.50
2012.06.01 17:48:59.664,1.58628,1.58667,1.43,1.50
2012.06.01 17:48:59.973,1.58636,1.58672,1.50,1.05
2012.06.01 17:49:00.046,1.58634,1.58672,1.50,1.05
2012.06.01 17:49:00.117,1.58636,1.58672,1.50,1.05
2012.06.01 17:49:00.248,1.58636,1.58678,1.50,2.07
2012.06.01 17:49:00.318,1.58636,1.58678,1.50,1.77
2012.06.01 17:49:00.675,1.58634,1.58677,1.50,1.84
2012.06.01 17:49:01.238,1.58632,1.58672,1.50,1.50
2012.06.01 17:49:01.304,1.58628,1.58672,1.50,1.50
2012.06.01 17:49:01.496,1.58628,1.58668,1.50,1.50
2012.06.01 17:49:01.748,1.58626,1.58669,2.25,1.50
2012.06.01 17:49:02.417,1.58628,1.5867,1.50,1.50
2012.06.01 17:49:02.486,1.5863,1.58674,2.25,1.50
2012.06.01 17:49:02.684,1.58633,1.58677,1.50,1.84
2012.06.01 17:49:02.814,1.58631,1.58673,3.75,1.50
2012.06.01 17:49:04.525,1.58632,1.58673,1.43,1.50
2012.06.01 17:49:04.834,1.58634,1.58673,2.25,1.50
2012.06.01 17:49:05.026,1.58629,1.58669,2.25,1.43
2012.06.01 17:49:05.155,1.58624,1.58668,3.23,1.50
2012.06.01 17:49:05.224,1.58624,1.58668,3.98,1.50
2012.06.01 17:49:05.752,1.58625,1.58666,2.40,1.50
2012.06.01 17:49:06.255,1.58629,1.58669,1.50,1.43
2012.06.01 17:49:06.635,1.58629,1.58669,2.25,1.43
2012.06.01 17:49:06.765,1.58629,1.58669,2.25,1.43
2012.06.01 17:49:06.894,1.58632,1.5867,2.18,1.50
2012.06.01 17:49:07.025,1.58632,1.58673,2.18,1.50
2012.06.01 17:49:07.225,1.58632,1.58674,2.18,1.88
2012.06.01 17:49:07.477,1.58627,1.5867,1.50,1.43
2012.06.01 17:49:07.606,1.58624,1.58668,2.10,1.50
2012.06.01 17:49:08.151,1.58624,1.58668,2.10,1.50
2012.06.01 17:49:10.244,1.58624,1.58668,2.10,1.50
2012.06.01 17:49:10.778,1.58627,1.5867,1.50,1.43
2012.06.01 17:49:11.085,1.58632,1.5867,1.50,1.43
2012.06.01 17:49:11.153,1.58632,1.58674,2.93,1.50
2012.06.01 17:49:11.796,1.58632,1.58674,2.93,2.25
2012.06.01 17:49:12.460,1.58632,1.58672,2.18,1.50
2012.06.01 17:49:14.962,1.58632,1.58675,1.43,2.63
2012.06.01 17:49:16.116,1.58634,1.58675,1.50,1.13
2012.06.01 17:49:16.423,1.58631,1.58672,1.50,2.18
2012.06.01 17:49:16.499,1.58633,1.58672,1.50,1.43
2012.06.01 17:49:16.622,1.58633,1.58677,1.50,1.88
2012.06.01 17:49:16.867,1.58633,1.58677,2.25,1.88
2012.06.01 17:49:17.174,1.58633,1.58677,1.50,1.88
2012.06.01 17:49:17.542,1.58633,1.58677,2.25,1.88
2012.06.01 17:49:19.179,1.58631,1.58675,2.93,2.22
2012.06.01 17:49:19.247,1.58627,1.5867,1.95,1.43
2012.06.01 17:49:19.574,1.58631,1.5867,2.18,1.50
2012.06.01 17:49:20.104,1.5863,1.58671,1.05,1.50
2012.06.01 17:49:20.454,1.58634,1.58676,1.50,3.64
2012.06.01 17:49:20.955,1.58634,1.58676,1.65,3.30
2012.06.01 17:49:21.030,1.58638,1.58676,1.50,1.43
2012.06.01 17:49:21.224,1.58638,1.58679,1.50,1.50
2012.06.01 17:49:22.063,1.58631,1.58672,2.25,1.50
2012.06.01 17:49:22.376,1.58628,1.5867,2.85,2.93
2012.06.01 17:49:22.688,1.58626,1.58667,2.55,1.43
2012.06.01 17:49:22.876,1.58629,1.58667,1.50,2.03
2012.06.01 17:49:22.948,1.58632,1.58669,2.18,2.55
2012.06.01 17:49:23.075,1.58632,1.58669,2.18,1.80
2012.06.01 17:49:23.145,1.58632,1.58669,2.18,1.80
2012.06.01 17:49:23.213,1.58632,1.58669,2.18,1.50
2012.06.01 17:49:23.404,1.58634,1.58669,1.50,1.50
2012.06.01 17:49:23.474,1.58637,1.58676,1.50,1.80
2012.06.01 17:49:23.546,1.58634,1.58676,1.50,3.30
2012.06.01 17:49:23.887,1.58637,1.58676,1.50,1.43
2012.06.01 17:49:23.957,1.58637,1.58678,1.50,1.50
2012.06.01 17:49:24.026,1.58633,1.58677,1.50,1.50
2012.06.01 17:49:24.097,1.58636,1.58677,1.50,1.50
2012.06.01 17:49:24.617,1.58633,1.58677,1.50,1.50
2012.06.01 17:49:24.695,1.58635,1.58677,1.50,1.50
2012.06.01 17:49:25.045,1.58634,1.58676,1.50,3.68
2012.06.01 17:49:25.234,1.5863,1.58674,1.50,2.25
2012.06.01 17:49:25.936,1.58631,1.58674,1.50,2.25
2012.06.01 17:49:26.006,1.58633,1.58676,1.50,2.18
2012.06.01 17:49:26.756,1.58633,1.58676,1.50,1.43
2012.06.01 17:49:26.945,1.58633,1.58676,2.25,1.43
2012.06.01 17:49:27.845,1.58638,1.58677,1.43,1.50
2012.06.01 17:49:28.174,1.58642,1.58677,1.09,1.50
2012.06.01 17:49:28.608,1.58646,1.58679,1.50,1.50
2012.06.01 17:49:28.744,1.58648,1.58691,1.50,2.25
2012.06.01 17:49:29.114,1.58646,1.58688,1.50,2.25
2012.06.01 17:49:32.294,1.58643,1.58685,1.50,1.50
2012.06.01 17:49:33.543,1.58646,1.58688,1.50,2.25
2012.06.01 17:49:34.065,1.58643,1.58685,1.50,1.50
2012.06.01 17:49:39.243,1.58645,1.58689,1.50,2.25
2012.06.01 17:49:41.232,1.58645,1.58689,1.50,2.25
2012.06.01 17:49:41.362,1.58642,1.58686,1.99,1.50
2012.06.01 17:49:42.168,1.58642,1.58684,1.99,1.50
2012.06.01 17:49:42.362,1.58642,1.58686,2.74,1.50
2012.06.01 17:49:42.684,1.58643,1.58681,1.35,1.50
2012.06.01 17:49:42.752,1.58643,1.58681,1.35,1.50
2012.06.01 17:49:42.882,1.58648,1.58686,1.43,1.50
2012.06.01 17:49:43.753,1.58648,1.58688,1.43,1.50
2012.06.01 17:49:44.064,1.58646,1.58686,2.18,1.50
2012.06.01 17:49:44.375,1.58643,1.58685,1.50,1.50
2012.06.01 17:49:44.905,1.58641,1.58685,2.25,1.50
2012.06.01 17:49:44.974,1.58643,1.58682,1.43,1.50
2012.06.01 17:49:45.282,1.58646,1.58682,1.35,1.50
2012.06.01 17:49:45.353,1.58646,1.58686,1.35,1.50
2012.06.01 17:49:45.815,1.58647,1.58688,3.53,1.50
2012.06.01 17:49:46.535,1.58647,1.58687,2.03,1.50
2012.06.01 17:49:54.393,1.58647,1.58687,2.78,1.50
2012.06.01 17:49:55.188,1.58646,1.58688,1.35,1.43
2012.06.01 17:49:55.315,1.58645,1.58684,1.80,1.43
2012.06.01 17:49:55.455,1.58649,1.58691,1.80,1.73
2012.06.01 17:49:55.529,1.58653,1.58694,2.93,1.73
2012.06.01 17:49:55.594,1.58653,1.58694,2.93,1.05
2012.06.01 17:49:55.665,1.58653,1.58687,1.88,1.50
2012.06.01 17:49:55.985,1.58663,1.58694,1.43,1.50
2012.06.01 17:49:56.283,1.58652,1.58694,1.65,1.50
2012.06.01 17:49:56.704,1.5865,1.58691,1.73,1.50
2012.06.01 17:49:57.755,1.58652,1.58696,1.65,1.50
2012.06.01 17:50:03.485,1.58655,1.58699,1.50,1.50
2012.06.01 17:50:03.807,1.58662,1.58699,1.43,1.50
2012.06.01 17:50:03.936,1.58662,1.58702,1.43,1.50
2012.06.01 17:50:04.134,1.58658,1.58702,1.50,2.93
2012.06.01 17:50:04.497,1.58657,1.58698,1.50,1.50
2012.06.01 17:50:04.859,1.58654,1.58698,1.50,1.50
2012.06.01 17:50:05.818,1.58654,1.58698,1.88,1.50
2012.06.01 17:50:06.122,1.58663,1.58698,1.43,1.50
2012.06.01 17:50:08.942,1.58663,1.58701,1.43,1.50
2012.06.01 17:50:15.534,1.58663,1.58705,1.43,1.84
2012.06.01 17:50:17.057,1.58663,1.58703,1.43,1.50
2012.06.01 17:50:17.730,1.58663,1.58702,1.43,1.50
2012.06.01 17:50:17.994,1.58663,1.58705,1.43,1.50
2012.06.01 17:50:21.265,1.58662,1.58705,2.18,1.50
2012.06.01 17:50:23.065,1.58664,1.58706,1.50,1.50
2012.06.01 17:50:23.134,1.58664,1.58708,1.50,1.50
2012.06.01 17:50:23.566,1.58664,1.58706,1.50,1.50
2012.06.01 17:50:23.936,1.58665,1.58708,1.50,1.50
2012.06.01 17:50:24.408,1.58671,1.58713,1.50,1.50
2012.06.01 17:50:25.526,1.58674,1.58715,1.50,1.50
2012.06.01 17:50:25.835,1.58679,1.58715,1.50,1.50
2012.06.01 17:50:25.903,1.58679,1.58723,1.50,1.50
2012.06.01 17:50:26.215,1.58679,1.58721,1.50,1.50
2012.06.01 17:50:26.614,1.58678,1.58717,1.43,1.50
2012.06.01 17:50:26.804,1.58678,1.58719,1.43,1.50
2012.06.01 17:50:30.315,1.5868,1.58719,1.43,1.50
2012.06.01 17:50:30.385,1.5868,1.58722,2.93,1.50
2012.06.01 17:50:30.634,1.58678,1.58719,1.43,1.50
2012.06.01 17:50:30.944,1.58678,1.58717,1.43,1.20
2012.06.01 17:50:31.192,1.58677,1.58716,1.50,1.43
2012.06.01 17:50:31.263,1.58679,1.58719,1.43,1.50
2012.06.01 17:50:31.464,1.58679,1.58719,1.43,1.95
2012.06.01 17:50:31.595,1.5867,1.58714,3.64,2.25
2012.06.01 17:50:31.806,1.5867,1.58714,3.30,2.25
2012.06.01 17:50:33.004,1.58674,1.58716,1.50,3.34
2012.06.01 17:50:33.074,1.58672,1.58712,1.13,1.50
2012.06.01 17:50:33.678,1.58679,1.58715,1.43,1.50
2012.06.01 17:50:45.077,1.58677,1.58718,1.50,1.50
2012.06.01 17:50:45.557,1.58675,1.58717,1.50,1.50
2012.06.01 17:50:45.622,1.58673,1.58717,1.50,1.50
2012.06.01 17:50:46.257,1.58679,1.58716,1.43,1.50
2012.06.01 17:50:47.372,1.58674,1.58716,1.50,1.50
2012.06.01 17:50:47.693,1.58672,1.58711,2.63,1.50
2012.06.01 17:50:47.765,1.58672,1.58714,4.13,1.50
2012.06.01 17:50:48.137,1.58672,1.58711,1.13,1.50
2012.06.01 17:50:48.267,1.5867,1.5871,1.43,1.50
2012.06.01 17:50:48.334,1.58668,1.58708,1.50,1.43
2012.06.01 17:50:51.045,1.58664,1.58706,1.50,1.50
2012.06.01 17:50:51.176,1.58667,1.58708,1.50,2.93
2012.06.01 17:50:51.488,1.58659,1.58693,1.50,1.47
2012.06.01 17:50:51.558,1.58643,1.58686,2.78,1.50
2012.06.01 17:50:51.685,1.58647,1.58682,1.09,1.43
2012.06.01 17:50:51.755,1.5865,1.58686,1.43,1.50
2012.06.01 17:50:51.826,1.5865,1.5869,2.18,1.65
2012.06.01 17:50:51.896,1.5865,1.58685,1.43,2.25
2012.06.01 17:50:52.086,1.58648,1.58689,1.50,2.40
2012.06.01 17:50:52.158,1.58644,1.58688,2.93,2.25
2012.06.01 17:50:52.224,1.58644,1.58688,3.68,1.50
2012.06.01 17:50:52.535,1.58644,1.58683,2.18,1.50
2012.06.01 17:50:52.606,1.58644,1.58685,2.93,3.00
2012.06.01 17:50:52.675,1.58644,1.58685,3.68,3.00
2012.06.01 17:50:53.589,1.58641,1.58683,2.25,1.50
2012.06.01 17:50:54.870,1.58641,1.58683,2.25,1.50
2012.06.01 17:50:55.581,1.58641,1.58683,2.25,1.50
2012.06.01 17:50:56.623,1.58641,1.58683,2.25,1.84
2012.06.01 17:50:57.680,1.5864,1.58676,1.43,1.84
2012.06.01 17:50:57.756,1.58639,1.58676,2.18,1.50
2012.06.01 17:50:57.886,1.58642,1.58684,1.50,1.88
2012.06.01 17:50:57.957,1.5864,1.58682,1.50,2.18
2012.06.01 17:50:58.025,1.5864,1.58682,1.50,2.55
2012.06.01 17:50:58.254,1.58638,1.58677,1.50,3.30
2012.06.01 17:50:58.397,1.58635,1.58677,1.84,3.08
2012.06.01 17:50:59.156,1.58635,1.58677,2.59,1.50
2012.06.01 17:50:59.626,1.58639,1.58681,1.50,1.80
2012.06.01 17:50:59.817,1.58639,1.58681,1.50,1.50
2012.06.01 17:50:59.885,1.58641,1.58685,2.25,1.84
2012.06.01 17:51:00.365,1.58643,1.58685,1.50,1.50
2012.06.01 17:51:00.676,1.58646,1.58688,2.25,1.50
2012.06.01 17:51:01.134,1.58646,1.58688,2.25,1.50
2012.06.01 17:51:01.365,1.58649,1.58691,3.68,1.50
2012.06.01 17:51:01.497,1.58652,1.58694,1.50,1.50
2012.06.01 17:51:01.625,1.58652,1.58694,2.25,1.50
2012.06.01 17:51:01.694,1.58652,1.58694,2.25,1.50
2012.06.01 17:51:02.173,1.58652,1.58694,2.25,1.50
2012.06.01 17:51:02.245,1.58652,1.58694,1.50,1.50
2012.06.01 17:51:02.804,1.58652,1.58688,1.50,1.43
2012.06.01 17:51:02.874,1.58647,1.58688,1.50,1.43
2012.06.01 17:51:07.233,1.58651,1.58688,1.50,1.43
2012.06.01 17:51:07.424,1.58654,1.58692,1.50,1.88
2012.06.01 17:51:07.555,1.58659,1.58692,1.43,1.50
2012.06.01 17:51:07.628,1.5866,1.58696,1.50,1.50
2012.06.01 17:51:08.189,1.5866,1.58704,1.50,2.10
2012.06.01 17:51:11.182,1.58659,1.58701,1.43,2.10
2012.06.01 17:51:13.943,1.58657,1.58697,2.25,1.58
2012.06.01 17:51:14.265,1.58659,1.58698,1.43,1.65
2012.06.01 17:51:14.574,1.58656,1.58696,1.50,1.43
2012.06.01 17:51:14.643,1.58654,1.58695,1.50,1.50
2012.06.01 17:51:14.914,1.58653,1.58695,2.25,1.50
2012.06.01 17:51:15.044,1.58658,1.58697,1.43,1.50
2012.06.01 17:51:15.312,1.5866,1.587,1.50,1.50
2012.06.01 17:51:15.870,1.5866,1.58702,1.50,2.03
2012.06.01 17:51:17.464,1.5866,1.58702,1.50,1.65
2012.06.01 17:51:18.635,1.58658,1.58699,2.93,1.50
2012.06.01 17:51:19.584,1.58659,1.58701,1.50,1.50
2012.06.01 17:51:21.758,1.58659,1.58699,1.50,1.35
2012.06.01 17:51:21.824,1.58655,1.58697,1.50,3.23
2012.06.01 17:51:22.907,1.58655,1.58697,1.50,3.57
2012.06.01 17:51:23.342,1.58655,1.58688,1.50,1.58
2012.06.01 17:51:23.493,1.58652,1.58688,1.50,3.08
2012.06.01 17:51:23.565,1.58644,1.58688,1.50,3.08
2012.06.01 17:51:24.338,1.58645,1.58688,1.43,1.80
2012.06.01 17:51:25.564,1.58645,1.58688,2.18,1.80
2012.06.01 17:51:26.585,1.58647,1.5869,1.50,1.73
2012.06.01 17:51:27.573,1.58645,1.58687,1.43,1.65
2012.06.01 17:51:28.024,1.58647,1.58689,1.50,1.80
2012.06.01 17:51:29.431,1.58645,1.58687,1.43,1.65
2012.06.01 17:51:33.414,1.58643,1.58682,1.50,1.43
2012.06.01 17:51:33.607,1.5864,1.58682,1.50,3.23
2012.06.01 17:51:38.304,1.5864,1.58682,2.25,3.53
2012.06.01 17:51:38.373,1.5864,1.58682,1.50,3.53
2012.06.01 17:51:38.898,1.5864,1.58682,2.25,3.53
2012.06.01 17:51:39.269,1.58645,1.58683,1.43,1.80
2012.06.01 17:51:39.454,1.58645,1.58686,1.43,1.95
2012.06.01 17:51:39.957,1.58645,1.58684,1.43,1.50
2012.06.01 17:51:40.260,1.58637,1.58676,2.18,1.50
2012.06.01 17:51:41.529,1.58637,1.58679,3.68,3.00
2012.06.01 17:51:41.717,1.58637,1.58672,1.43,1.80
2012.06.01 17:51:41.904,1.58629,1.58672,1.43,2.10
2012.06.01 17:51:42.244,1.58629,1.58668,1.43,1.50
2012.06.01 17:51:42.554,1.58629,1.58666,1.43,1.50
2012.06.01 17:51:43.181,1.58629,1.58667,1.43,1.50
2012.06.01 17:51:43.257,1.58629,1.58669,1.43,1.50
2012.06.01 17:51:43.505,1.58629,1.58664,1.43,1.50
2012.06.01 17:51:43.991,1.58622,1.58661,1.05,1.50
2012.06.01 17:51:45.699,1.5862,1.58661,1.13,1.50
2012.06.01 17:51:47.743,1.58621,1.58665,2.25,1.80
2012.06.01 17:51:47.925,1.5862,1.58662,1.13,1.50
2012.06.01 17:51:48.605,1.5862,1.58663,1.13,3.00
2012.06.01 17:51:48.915,1.58637,1.58663,1.43,1.50
2012.06.01 17:51:49.305,1.58637,1.58677,1.77,2.18
2012.06.01 17:51:49.573,1.58637,1.58677,1.43,2.22
2012.06.01 17:51:50.147,1.58637,1.58674,1.43,1.50
2012.06.01 17:51:50.784,1.58637,1.58673,1.43,1.80
2012.06.01 17:51:50.973,1.58628,1.58672,2.93,1.65
2012.06.01 17:51:54.163,1.58628,1.58669,1.43,1.50
2012.06.01 17:51:55.796,1.58629,1.58671,1.50,1.50
2012.06.01 17:51:55.986,1.58628,1.58669,1.43,1.50
2012.06.01 17:51:59.278,1.5863,1.58671,1.50,1.50
2012.06.01 17:51:59.822,1.5863,1.58672,1.50,1.50
2012.06.01 17:52:00.154,1.5863,1.58672,1.50,1.88
2012.06.01 17:52:00.544,1.58628,1.5867,2.93,1.88
2012.06.01 17:52:01.053,1.58629,1.58673,1.50,2.03
2012.06.01 17:52:02.476,1.58628,1.58669,2.93,1.50
2012.06.01 17:52:02.602,1.5863,1.58672,1.50,1.88
2012.06.01 17:52:03.349,1.58628,1.58669,2.93,1.50
2012.06.01 17:52:03.654,1.58624,1.58668,1.50,1.50
2012.06.01 17:52:03.785,1.58624,1.58666,1.50,1.84
2012.06.01 17:52:03.855,1.58622,1.58665,1.43,1.50
2012.06.01 17:52:05.347,1.58628,1.58665,1.43,1.50
2012.06.01 17:52:05.857,1.58628,1.58666,1.50,1.77
2012.06.01 17:52:06.107,1.58621,1.58663,2.25,1.50
2012.06.01 17:52:07.004,1.58621,1.58663,1.84,1.50
2012.06.01 17:52:07.075,1.58629,1.58663,1.43,1.50
2012.06.01 17:52:07.324,1.58623,1.58663,1.43,1.50
2012.06.01 17:52:07.695,1.58631,1.58663,2.18,1.50
2012.06.01 17:52:07.825,1.58631,1.58671,2.18,1.88
2012.06.01 17:52:08.438,1.58631,1.58674,2.18,2.18
2012.06.01 17:52:10.203,1.58631,1.58671,2.18,1.88
2012.06.01 17:52:11.012,1.58632,1.58675,2.25,1.88
2012.06.01 17:52:11.324,1.5864,1.58677,1.43,1.88
2012.06.01 17:52:12.468,1.58631,1.58666,1.43,1.50
2012.06.01 17:52:12.535,1.58625,1.58666,1.50,1.50
2012.06.01 17:52:12.879,1.58622,1.58664,1.58,1.50
2012.06.01 17:52:14.567,1.58624,1.58666,1.50,3.38
2012.06.01 17:52:18.782,1.58624,1.58661,1.50,1.43
2012.06.01 17:52:19.094,1.58624,1.58661,1.50,2.37
2012.06.01 17:52:19.515,1.58624,1.58661,1.50,3.12
2012.06.01 17:52:19.647,1.58611,1.58653,1.50,2.93
2012.06.01 17:52:21.892,1.58611,1.58653,2.25,2.93
2012.06.01 17:52:22.065,1.58614,1.58653,1.43,1.50
2012.06.01 17:52:22.136,1.58614,1.58653,2.18,1.50
2012.06.01 17:52:22.379,1.58619,1.58655,2.25,1.88
2012.06.01 17:52:24.475,1.58616,1.58658,2.25,1.88
2012.06.01 17:52:33.064,1.58616,1.58658,2.25,1.88
2012.06.01 17:52:33.404,1.58615,1.58656,1.09,1.88
2012.06.01 17:52:33.903,1.58615,1.58656,1.09,1.88
2012.06.01 17:52:33.976,1.58614,1.58656,2.07,1.88
2012.06.01 17:52:34.305,1.58614,1.58653,1.43,1.50
2012.06.01 17:52:34.372,1.58611,1.58652,1.50,1.43
2012.06.01 17:52:40.823,1.58611,1.58652,2.25,1.43
2012.06.01 17:52:42.285,1.58616,1.58652,2.25,1.43
2012.06.01 17:52:42.356,1.58616,1.58658,2.25,2.48
2012.06.01 17:52:42.425,1.58616,1.58656,2.25,1.20
2012.06.01 17:52:43.231,1.58616,1.58656,2.25,1.35
2012.06.01 17:52:51.693,1.58628,1.58658,1.20,1.88
2012.06.01 17:52:52.004,1.58631,1.58669,2.18,1.30
2012.06.01 17:52:53.206,1.58631,1.58669,1.43,1.30
2012.06.01 17:52:53.335,1.58624,1.58659,1.05,1.40
2012.06.01 17:52:53.765,1.58622,1.58659,1.80,1.40
2012.06.01 17:52:57.592,1.58622,1.58659,2.55,1.40
2012.06.01 17:52:59.849,1.58622,1.58659,1.88,1.40
2012.06.01 17:53:00.153,1.58631,1.5866,2.18,1.16
2012.06.01 17:53:04.225,1.58636,1.5867,1.20,1.50
2012.06.01 17:53:04.295,1.58638,1.58673,1.84,1.50
2012.06.01 17:53:04.363,1.5864,1.58674,1.43,1.50
2012.06.01 17:53:04.497,1.58644,1.58683,3.00,1.50
2012.06.01 17:53:04.565,1.58648,1.58686,1.43,1.50
2012.06.01 17:53:06.257,1.58648,1.58685,1.43,2.14
2012.06.01 17:53:06.323,1.58644,1.58685,1.50,3.57
2012.06.01 17:53:06.794,1.5864,1.58678,1.43,1.84
2012.06.01 17:53:08.474,1.5864,1.58678,2.18,1.84
2012.06.01 17:53:08.909,1.58647,1.58678,1.43,1.50
2012.06.01 17:53:08.982,1.58647,1.58686,2.18,1.50
2012.06.01 17:53:09.194,1.58647,1.58689,3.68,1.50
2012.06.01 17:53:09.487,1.58656,1.58689,1.43,1.50
2012.06.01 17:53:09.557,1.58656,1.58693,1.43,1.50
2012.06.01 17:53:10.530,1.58658,1.58693,1.43,2.25
2012.06.01 17:53:10.837,1.58666,1.58693,1.43,1.50
2012.06.01 17:53:11.026,1.58666,1.58699,1.43,1.50
2012.06.01 17:53:11.095,1.58666,1.58705,1.43,2.39
2012.06.01 17:53:11.424,1.58663,1.58705,1.50,2.39
2012.06.01 17:53:11.876,1.58663,1.58705,1.50,3.00
2012.06.01 17:53:12.244,1.58661,1.587,1.43,1.50
2012.06.01 17:53:12.633,1.58661,1.58698,1.43,1.50
2012.06.01 17:53:13.685,1.58661,1.58702,1.43,1.50
2012.06.01 17:53:15.664,1.58661,1.587,1.43,1.50
2012.06.01 17:53:16.047,1.58663,1.58705,1.50,1.50
2012.06.01 17:53:16.115,1.58663,1.58705,1.95,1.50
2012.06.01 17:53:16.242,1.58662,1.58706,2.93,1.50
2012.06.01 17:53:16.774,1.58662,1.58701,1.88,1.50
2012.06.01 17:53:16.905,1.58669,1.58706,1.43,1.50
2012.06.01 17:53:16.974,1.58664,1.58706,1.95,1.50
2012.06.01 17:53:17.296,1.58668,1.58709,1.50,1.50
2012.06.01 17:53:17.365,1.58668,1.58712,2.93,1.50
2012.06.01 17:53:17.953,1.58668,1.58712,1.50,2.63
2012.06.01 17:53:19.147,1.58667,1.58709,1.65,2.25
2012.06.01 17:53:19.497,1.58664,1.58705,2.14,1.50
2012.06.01 17:53:19.825,1.5867,1.58709,1.43,2.25
2012.06.01 17:53:19.894,1.58666,1.58707,2.25,1.43
2012.06.01 17:53:20.025,1.58665,1.58707,3.45,1.43
2012.06.01 17:53:20.305,1.58662,1.58706,2.93,1.50
2012.06.01 17:53:21.774,1.58662,1.58705,1.50,1.43
2012.06.01 17:53:21.975,1.58662,1.587,1.50,1.50
2012.06.01 17:53:22.049,1.5866,1.58699,1.43,2.25
2012.06.01 17:53:22.114,1.58655,1.58697,1.84,1.43
2012.06.01 17:53:22.183,1.58655,1.58697,1.50,1.43
2012.06.01 17:53:22.794,1.58659,1.587,1.50,2.18
2012.06.01 17:53:23.131,1.58665,1.58707,1.50,2.85
2012.06.01 17:53:26.196,1.58665,1.58706,2.25,2.40
2012.06.01 17:53:26.636,1.58667,1.58707,1.43,1.50
2012.06.01 17:53:26.706,1.58667,1.5871,1.43,1.50
2012.06.01 17:53:27.405,1.58667,1.5871,2.18,1.50
2012.06.01 17:53:27.482,1.5867,1.58712,2.40,1.50
2012.06.01 17:53:27.558,1.58672,1.58714,1.65,1.50
2012.06.01 17:53:27.640,1.58676,1.58714,1.43,1.50
2012.06.01 17:53:27.862,1.58676,1.58716,1.43,1.50
2012.06.01 17:53:28.426,1.58676,1.58716,2.18,1.50
2012.06.01 17:53:28.494,1.58676,1.58716,1.43,1.50
2012.06.01 17:53:28.566,1.58672,1.58712,1.95,1.43
2012.06.01 17:53:28.886,1.58674,1.58713,2.18,1.50
2012.06.01 17:53:30.013,1.58674,1.58709,2.18,1.50
2012.06.01 17:53:30.093,1.58671,1.58706,1.05,1.50
2012.06.01 17:53:30.653,1.5867,1.58706,1.05,1.50
2012.06.01 17:53:31.444,1.5867,1.58706,1.05,1.50
2012.06.01 17:53:31.748,1.58669,1.58706,1.05,1.50
2012.06.01 17:53:32.056,1.58668,1.58703,2.03,1.50
2012.06.01 17:53:32.126,1.58668,1.58703,1.43,1.50
2012.06.01 17:53:32.730,1.58684,1.58707,1.43,1.50
2012.06.01 17:53:32.806,1.58681,1.58714,1.20,1.50
2012.06.01 17:53:32.878,1.58681,1.58711,1.20,1.50
2012.06.01 17:53:33.185,1.58667,1.58705,2.18,1.50
2012.06.01 17:53:33.523,1.58667,1.58709,1.88,1.50
2012.06.01 17:53:33.597,1.58667,1.58709,1.43,1.50
2012.06.01 17:53:33.974,1.5867,1.58712,1.50,1.50
2012.06.01 17:53:34.724,1.58672,1.58715,1.50,1.43
2012.06.01 17:53:34.916,1.58676,1.58718,1.50,1.88
2012.06.01 17:53:35.046,1.58674,1.58715,1.43,1.50
2012.06.01 17:53:35.174,1.58674,1.58712,1.43,1.50
2012.06.01 17:53:35.749,1.58667,1.58711,1.50,1.84
2012.06.01 17:53:35.829,1.58663,1.58704,1.50,2.18
2012.06.01 17:53:36.135,1.58664,1.58695,1.50,1.43
2012.06.01 17:53:36.834,1.58661,1.58695,1.50,1.43
2012.06.01 17:53:37.086,1.58666,1.58703,1.50,1.73
2012.06.01 17:53:37.155,1.58666,1.58703,1.50,1.43
2012.06.01 17:53:38.476,1.58666,1.58708,3.68,3.45
2012.06.01 17:53:39.039,1.58669,1.58711,1.50,3.38
2012.06.01 17:53:39.495,1.58669,1.58711,1.50,2.93
2012.06.01 17:53:40.528,1.58671,1.5871,1.50,1.50
2012.06.01 17:53:40.597,1.58666,1.58709,2.18,1.50
2012.06.01 17:53:40.844,1.58668,1.58711,1.50,1.43
2012.06.01 17:53:41.405,1.58668,1.58712,2.93,1.65
2012.06.01 17:53:41.726,1.58676,1.58714,2.25,1.80
2012.06.01 17:53:41.973,1.58676,1.58718,2.25,1.80
2012.06.01 17:53:42.046,1.58685,1.5872,1.43,1.80
2012.06.01 17:53:42.650,1.58685,1.58724,1.43,1.84
2012.06.01 17:53:43.229,1.58685,1.58723,1.43,1.50
2012.06.01 17:53:43.886,1.58685,1.58726,2.18,1.84
2012.06.01 17:53:44.076,1.58693,1.58731,1.43,2.48
2012.06.01 17:53:44.386,1.58691,1.58731,1.50,2.07
2012.06.01 17:53:44.756,1.58694,1.58731,1.50,2.44
2012.06.01 17:53:44.885,1.58686,1.58728,1.88,1.99
2012.06.01 17:53:46.211,1.58684,1.58725,2.18,1.50
2012.06.01 17:53:48.096,1.58684,1.58723,2.18,1.50
2012.06.01 17:53:48.287,1.58681,1.58723,1.50,3.27
2012.06.01 17:53:48.966,1.58681,1.58717,1.50,1.09
2012.06.01 17:53:49.034,1.58679,1.58717,1.50,1.09
2012.06.01 17:53:49.195,1.58677,1.58717,1.50,2.59
2012.06.01 17:53:49.262,1.58675,1.58717,2.93,2.59
2012.06.01 17:53:49.493,1.58675,1.58712,1.43,1.50
2012.06.01 17:53:49.563,1.58671,1.58712,1.88,1.50
2012.06.01 17:53:49.878,1.58671,1.58712,1.88,1.95
2012.06.01 17:53:50.360,1.58668,1.58705,1.80,1.50
2012.06.01 17:53:52.471,1.58668,1.58707,1.80,1.50
2012.06.01 17:53:52.537,1.58668,1.58709,1.80,1.50
2012.06.01 17:53:53.930,1.58672,1.58709,1.13,1.50
2012.06.01 17:53:54.238,1.58685,1.58709,1.43,1.50
2012.06.01 17:53:54.311,1.58685,1.58712,1.43,1.50
2012.06.01 17:53:54.378,1.58685,1.58715,1.43,1.50
2012.06.01 17:53:54.449,1.58685,1.58722,1.43,1.80
2012.06.01 17:53:54.639,1.58685,1.58723,1.43,1.50
2012.06.01 17:53:54.766,1.58685,1.58725,1.43,3.00
2012.06.01 17:53:56.068,1.58685,1.58728,2.93,2.33
2012.06.01 17:53:57.168,1.58693,1.58729,2.18,2.33
2012.06.01 17:53:57.360,1.58693,1.58734,2.18,1.50
2012.06.01 17:53:57.429,1.58693,1.58734,1.43,3.00
2012.06.01 17:53:57.561,1.58693,1.58731,1.43,1.50
2012.06.01 17:53:58.309,1.58693,1.58732,1.43,1.50
2012.06.01 17:53:58.377,1.58693,1.58734,1.43,1.50
2012.06.01 17:53:58.579,1.58693,1.58732,1.43,1.50
2012.06.01 17:53:59.087,1.58693,1.5873,1.43,1.50
2012.06.01 17:53:59.570,1.58693,1.58732,1.43,1.50
2012.06.01 17:53:59.721,1.58693,1.58732,2.18,1.50
2012.06.01 17:53:59.851,1.58694,1.58736,3.68,1.50
2012.06.01 17:53:59.987,1.58694,1.58734,2.18,1.50
2012.06.01 17:54:00.176,1.58694,1.58734,1.43,1.50
2012.06.01 17:54:00.717,1.58694,1.58733,1.43,1.50
2012.06.01 17:54:02.117,1.58691,1.58733,1.50,1.50
2012.06.01 17:54:02.645,1.58685,1.58729,2.93,1.50
2012.06.01 17:54:03.529,1.58688,1.5873,1.50,1.50
2012.06.01 17:54:03.658,1.58685,1.58729,1.50,1.50
2012.06.01 17:54:03.728,1.58691,1.5873,3.30,1.50
2012.06.01 17:54:04.087,1.58692,1.58733,1.13,1.50
2012.06.01 17:54:04.298,1.58692,1.58731,1.13,1.50
2012.06.01 17:54:04.896,1.58692,1.58731,1.13,1.50
2012.06.01 17:54:07.029,1.58692,1.58731,1.13,1.50
2012.06.01 17:54:13.178,1.58687,1.58727,2.25,1.43
2012.06.01 17:54:13.248,1.58685,1.58727,2.25,2.93
2012.06.01 17:54:13.321,1.58685,1.58724,2.25,1.50
2012.06.01 17:54:13.507,1.58682,1.58723,1.43,1.50
2012.06.01 17:54:16.498,1.58683,1.58724,1.50,1.50
2012.06.01 17:54:16.571,1.58683,1.58727,1.50,2.93
2012.06.01 17:54:16.919,1.58682,1.58723,2.93,1.50
2012.06.01 17:54:17.108,1.58682,1.58725,2.93,1.50
2012.06.01 17:54:17.905,1.58683,1.58726,1.43,1.50
2012.06.01 17:54:18.958,1.58688,1.58726,1.50,1.50
2012.06.01 17:54:19.030,1.5869,1.5873,1.50,1.43
2012.06.01 17:54:19.159,1.58703,1.5873,1.50,1.43
2012.06.01 17:54:19.411,1.58707,1.58749,3.30,1.50
2012.06.01 17:54:19.538,1.58707,1.58746,1.80,1.50
2012.06.01 17:54:20.057,1.58707,1.58746,2.55,1.50
2012.06.01 17:54:20.190,1.58707,1.5875,2.55,1.50
2012.06.01 17:54:20.560,1.58707,1.58747,2.55,1.50
2012.06.01 17:54:20.916,1.58707,1.58743,2.55,1.50
2012.06.01 17:54:21.047,1.58707,1.58745,1.80,1.50
2012.06.01 17:54:21.421,1.58707,1.58747,1.80,1.50
2012.06.01 17:54:21.989,1.58707,1.58749,4.05,1.50
2012.06.01 17:54:22.070,1.58707,1.58747,2.55,1.50
2012.06.01 17:54:23.122,1.58709,1.58749,1.80,3.00
2012.06.01 17:54:23.251,1.58705,1.58745,2.25,1.50
2012.06.01 17:54:24.006,1.58703,1.58745,2.25,1.50
2012.06.01 17:54:24.418,1.58707,1.58748,1.13,1.50
2012.06.01 17:54:24.548,1.58709,1.58751,1.88,1.50
2012.06.01 17:54:24.797,1.58711,1.58753,1.50,2.48
2012.06.01 17:54:25.328,1.58711,1.58753,1.84,2.48
2012.06.01 17:54:25.864,1.58711,1.58753,2.25,3.23
2012.06.01 17:54:25.929,1.5871,1.5875,1.13,1.50
2012.06.01 17:54:27.007,1.58708,1.5875,1.88,1.50
2012.06.01 17:54:28.302,1.58711,1.58753,1.50,4.73
2012.06.01 17:54:29.119,1.58711,1.58753,1.50,3.98
2012.06.01 17:54:29.482,1.58708,1.5875,2.22,2.25
2012.06.01 17:54:29.726,1.5871,1.58753,2.22,2.48
2012.06.01 17:54:31.818,1.58709,1.58751,2.22,1.50
2012.06.01 17:54:32.243,1.58707,1.58751,2.22,2.25
2012.06.01 17:54:32.706,1.5871,1.58753,1.88,2.82
2012.06.01 17:54:32.840,1.58708,1.5875,1.88,1.50
2012.06.01 17:54:33.168,1.58706,1.58747,1.80,1.50
2012.06.01 17:54:33.689,1.58706,1.58746,1.80,1.50
2012.06.01 17:54:33.757,1.58706,1.5875,3.30,2.25
2012.06.01 17:54:34.451,1.5871,1.58752,1.88,1.84
2012.06.01 17:54:34.577,1.58714,1.58753,1.50,1.77
2012.06.01 17:54:34.919,1.58711,1.58753,3.00,3.27
2012.06.01 17:54:37.007,1.58707,1.58751,1.88,1.50
2012.06.01 17:54:37.178,1.58707,1.58751,1.88,2.25
2012.06.01 17:54:37.764,1.58704,1.58748,2.25,2.25
2012.06.01 17:54:38.607,1.58708,1.5875,1.88,1.50
2012.06.01 17:54:38.739,1.58712,1.58752,1.50,2.93
2012.06.01 17:54:39.376,1.58708,1.58752,1.88,2.93
2012.06.01 17:54:40.166,1.58708,1.58752,1.88,3.68
2012.06.01 17:54:40.777,1.58707,1.58748,2.55,1.50
2012.06.01 17:54:42.326,1.58706,1.58747,2.25,1.50
2012.06.01 17:54:42.718,1.58706,1.58748,2.25,3.75
2012.06.01 17:54:44.257,1.58707,1.58749,1.88,2.25
2012.06.01 17:54:44.779,1.58705,1.58746,5.52,1.50
2012.06.01 17:54:45.428,1.58705,1.58746,4.02,2.25
2012.06.01 17:54:46.079,1.58705,1.58746,4.02,1.50
2012.06.01 17:54:46.378,1.58706,1.5875,2.25,2.25
2012.06.01 17:54:46.448,1.58708,1.5875,1.88,1.50
2012.06.01 17:54:46.518,1.5871,1.58752,1.88,2.93
2012.06.01 17:54:46.738,1.58714,1.58752,1.43,1.50
2012.06.01 17:54:47.060,1.58716,1.5876,1.50,2.93
2012.06.01 17:54:47.307,1.58716,1.58759,1.50,1.20
2012.06.01 17:54:47.378,1.58716,1.5876,1.50,2.93
2012.06.01 17:54:47.448,1.58714,1.58756,2.93,1.50
2012.06.01 17:54:47.759,1.58714,1.58746,1.50,1.50
2012.06.01 17:54:48.019,1.58707,1.58746,1.05,1.50
2012.06.01 17:54:48.545,1.58702,1.58746,2.40,1.50
2012.06.01 17:54:48.738,1.58702,1.58746,2.25,1.50
2012.06.01 17:54:49.287,1.58702,1.58743,2.25,1.88
2012.06.01 17:54:49.597,1.58706,1.58747,2.25,1.50
2012.06.01 17:54:49.728,1.58706,1.58747,1.50,1.95
2012.06.01 17:54:50.194,1.58706,1.58743,1.50,1.43
2012.06.01 17:54:51.117,1.58706,1.58747,1.50,2.93
2012.06.01 17:54:51.380,1.58704,1.58747,3.00,1.43
2012.06.01 17:54:51.450,1.58704,1.58747,1.50,2.18
2012.06.01 17:54:51.640,1.58701,1.58743,2.25,1.43
2012.06.01 17:54:52.030,1.58701,1.58743,2.25,1.43
2012.06.01 17:54:52.097,1.58704,1.58743,1.50,1.43
2012.06.01 17:54:52.508,1.58704,1.58748,1.50,3.68
2012.06.01 17:54:53.908,1.58704,1.58748,1.50,3.38
2012.06.01 17:54:54.449,1.58704,1.5874,1.50,1.43
2012.06.01 17:54:54.524,1.58705,1.58746,2.25,1.43
2012.06.01 17:54:55.094,1.58703,1.58745,2.25,1.50
2012.06.01 17:54:59.378,1.58701,1.58745,2.25,2.93
2012.06.01 17:54:59.448,1.58706,1.58745,1.50,1.43
2012.06.01 17:54:59.577,1.58706,1.58747,1.50,1.50
2012.06.01 17:54:59.709,1.58705,1.58744,1.43,1.50
2012.06.01 17:55:00.179,1.58706,1.58746,1.50,1.43
2012.06.01 17:55:00.255,1.58707,1.58749,1.50,1.50
2012.06.01 17:55:00.815,1.58706,1.5875,1.50,1.50
2012.06.01 17:55:05.807,1.58705,1.58744,2.93,1.20
2012.06.01 17:55:05.878,1.58703,1.5874,1.50,1.43
2012.06.01 17:55:06.008,1.587,1.5874,1.88,1.43
2012.06.01 17:55:06.078,1.587,1.58743,1.88,1.43
2012.06.01 17:55:06.587,1.58707,1.5875,1.50,1.50
2012.06.01 17:55:07.154,1.58707,1.58751,1.50,2.93
2012.06.01 17:55:10.228,1.58707,1.58748,1.50,1.43
2012.06.01 17:55:10.383,1.58705,1.58748,1.50,2.93
2012.06.01 17:55:11.067,1.58708,1.58748,1.50,1.43
2012.06.01 17:55:11.778,1.58708,1.5875,1.50,1.50
2012.06.01 17:55:12.077,1.58708,1.58747,1.50,1.43
2012.06.01 17:55:12.448,1.58705,1.58747,1.50,2.93
2012.06.01 17:55:12.659,1.58708,1.58747,1.50,1.43
2012.06.01 17:55:14.047,1.58705,1.58747,1.50,2.93
2012.06.01 17:55:16.348,1.58707,1.58747,1.50,1.43
2012.06.01 17:55:16.657,1.58702,1.58742,2.55,1.95
2012.06.01 17:55:16.967,1.58698,1.58739,2.25,1.43
2012.06.01 17:55:18.112,1.58701,1.58742,1.88,1.43
2012.06.01 17:55:18.539,1.58704,1.58742,1.50,1.43
2012.06.01 17:55:18.867,1.58704,1.58741,1.50,1.09
2012.06.01 17:55:19.186,1.58704,1.58738,1.50,1.05
2012.06.01 17:55:19.258,1.58701,1.58734,1.50,1.43
2012.06.01 17:55:19.640,1.58694,1.58734,1.50,1.43
2012.06.01 17:55:19.709,1.58692,1.58734,3.00,2.93
2012.06.01 17:55:20.147,1.58695,1.58734,1.50,1.43
2012.06.01 17:55:21.074,1.58693,1.58734,1.50,1.43
2012.06.01 17:55:21.137,1.58691,1.58734,1.50,1.43
2012.06.01 17:55:23.441,1.58691,1.58726,1.50,1.43
2012.06.01 17:55:24.466,1.58689,1.58726,1.50,1.43
2012.06.01 17:55:24.541,1.58689,1.58723,1.50,1.43
2012.06.01 17:55:24.610,1.58682,1.58723,2.25,1.43
2012.06.01 17:55:24.804,1.58679,1.58721,2.25,1.50
2012.06.01 17:55:24.930,1.58679,1.58721,1.50,1.50
2012.06.01 17:55:25.311,1.58683,1.58721,1.43,1.50
2012.06.01 17:55:25.819,1.58683,1.58724,1.43,3.00
2012.06.01 17:55:25.889,1.58683,1.58722,1.43,1.50
2012.06.01 17:55:27.039,1.58682,1.58722,1.43,1.50
2012.06.01 17:55:27.607,1.58682,1.58725,1.43,1.50
2012.06.01 17:55:28.207,1.58682,1.58725,1.43,2.25
2012.06.01 17:55:28.643,1.58682,1.58718,1.43,1.50
2012.06.01 17:55:28.716,1.58674,1.58715,1.73,1.50
2012.06.01 17:55:28.787,1.58674,1.58715,1.43,1.50
2012.06.01 17:55:28.870,1.58673,1.58713,1.50,1.43
2012.06.01 17:55:29.228,1.58675,1.58713,1.50,1.43
2012.06.01 17:55:29.482,1.58673,1.58714,1.50,1.43
2012.06.01 17:55:29.608,1.58673,1.58712,1.50,1.43
2012.06.01 17:55:29.991,1.58668,1.58712,1.50,2.93
2012.06.01 17:55:30.945,1.58668,1.58711,1.50,1.43
2012.06.01 17:55:31.439,1.58672,1.58711,1.50,1.43
2012.06.01 17:55:31.866,1.58672,1.58705,1.50,1.43
2012.06.01 17:55:32.059,1.58672,1.58711,1.50,1.43
2012.06.01 17:55:32.126,1.58672,1.58713,2.93,1.50
2012.06.01 17:55:32.256,1.58673,1.5871,1.50,1.43
2012.06.01 17:55:32.878,1.5867,1.58708,1.50,1.50
2012.06.01 17:55:32.948,1.58665,1.58707,1.43,1.50
2012.06.01 17:55:33.018,1.58666,1.5871,1.50,2.93
2012.06.01 17:55:35.448,1.58666,1.58708,1.50,1.50
2012.06.01 17:55:35.758,1.58661,1.58702,2.63,1.43
2012.06.01 17:55:36.298,1.58661,1.587,1.13,1.50
2012.06.01 17:55:37.068,1.58661,1.58702,1.13,1.43
2012.06.01 17:55:37.831,1.5866,1.58702,1.88,1.43
2012.06.01 17:55:37.899,1.5866,1.58702,2.63,1.43
2012.06.01 17:55:38.279,1.58664,1.58703,1.50,1.43
2012.06.01 17:55:40.989,1.58664,1.58706,1.50,1.88
2012.06.01 17:55:41.117,1.58664,1.58706,1.50,1.50
2012.06.01 17:55:41.187,1.58664,1.58706,1.50,2.10
2012.06.01 17:55:41.568,1.58664,1.58706,1.50,1.80
2012.06.01 17:55:41.880,1.58662,1.58704,1.50,1.80
2012.06.01 17:55:42.030,1.5866,1.58702,1.50,1.80
2012.06.01 17:55:42.407,1.58664,1.58704,1.50,1.50
2012.06.01 17:55:42.479,1.58664,1.58706,1.50,1.50
2012.06.01 17:55:42.689,1.58669,1.58707,2.25,1.73
2012.06.01 17:55:42.818,1.58672,1.58714,2.18,2.18
2012.06.01 17:55:43.070,1.58667,1.58709,1.50,1.50
2012.06.01 17:55:43.137,1.58672,1.58709,1.43,1.50
2012.06.01 17:55:43.268,1.58672,1.58712,1.43,1.50
2012.06.01 17:55:43.668,1.58673,1.58715,1.50,1.50
2012.06.01 17:55:43.737,1.58673,1.58717,2.25,1.88
2012.06.01 17:55:44.049,1.58676,1.58712,1.13,1.50
2012.06.01 17:55:44.706,1.58676,1.58712,1.13,1.50
2012.06.01 17:55:46.020,1.58676,1.58714,1.13,3.00
2012.06.01 17:55:48.249,1.58676,1.58716,1.13,1.50
2012.06.01 17:55:48.318,1.58682,1.58714,1.43,1.50
2012.06.01 17:55:48.448,1.58682,1.58718,1.43,1.50
2012.06.01 17:55:50.029,1.58682,1.58721,1.43,1.84
2012.06.01 17:55:50.590,1.58685,1.58725,1.20,1.88
2012.06.01 17:55:51.147,1.5869,1.58725,2.18,1.50
2012.06.01 17:55:51.430,1.5869,1.58727,2.18,1.50
2012.06.01 17:55:51.497,1.5869,1.58727,2.18,1.50
2012.06.01 17:55:51.567,1.5869,1.5873,2.18,1.50
2012.06.01 17:55:51.698,1.5869,1.5873,2.33,1.50
2012.06.01 17:55:51.769,1.58691,1.5873,1.28,1.50
2012.06.01 17:55:52.079,1.58691,1.58733,2.63,1.50
2012.06.01 17:55:52.269,1.58691,1.58735,2.63,2.14
2012.06.01 17:55:53.418,1.58691,1.58728,1.13,1.50
2012.06.01 17:55:53.748,1.58687,1.58725,1.50,1.50
2012.06.01 17:55:53.936,1.58682,1.58725,2.40,1.50
2012.06.01 17:55:54.558,1.58685,1.58726,2.25,1.50
2012.06.01 17:55:55.103,1.58685,1.58727,2.25,1.50
2012.06.01 17:55:55.830,1.58683,1.58725,2.25,1.50
2012.06.01 17:55:56.333,1.58682,1.58725,2.40,1.84
2012.06.01 17:55:56.462,1.58682,1.58725,1.80,1.84
2012.06.01 17:55:56.533,1.58685,1.58727,1.50,1.84
2012.06.01 17:55:56.840,1.58688,1.58731,1.50,2.14
2012.06.01 17:55:57.091,1.58686,1.58728,1.50,1.65
2012.06.01 17:56:00.697,1.58684,1.58726,1.50,1.50
2012.06.01 17:56:01.011,1.58686,1.5873,1.50,1.80
2012.06.01 17:56:01.451,1.58689,1.58731,1.50,3.23
2012.06.01 17:56:01.707,1.58697,1.5874,2.18,2.18
2012.06.01 17:56:01.958,1.58697,1.5874,2.18,2.18
2012.06.01 17:56:02.270,1.58698,1.5874,1.88,1.50
2012.06.01 17:56:02.517,1.58698,1.5874,1.88,1.80
2012.06.01 17:56:02.789,1.5869,1.58732,1.50,1.50
2012.06.01 17:56:04.741,1.58691,1.58732,1.50,1.50
2012.06.01 17:56:05.196,1.58693,1.58735,1.50,3.23
2012.06.01 17:56:07.286,1.5869,1.58732,1.50,1.50
2012.06.01 17:56:07.656,1.58688,1.5873,1.43,1.50
2012.06.01 17:56:07.973,1.58688,1.58726,1.43,1.50
2012.06.01 17:56:08.039,1.5869,1.58734,1.50,2.55
2012.06.01 17:56:08.232,1.58688,1.58729,1.43,2.25
2012.06.01 17:56:08.546,1.58685,1.58727,1.50,1.73
2012.06.01 17:56:10.679,1.58685,1.58724,1.50,1.20
2012.06.01 17:56:11.758,1.58682,1.58724,1.88,1.20
2012.06.01 17:56:12.920,1.58686,1.58724,1.50,1.20
2012.06.01 17:56:14.327,1.58686,1.58724,1.50,1.20
2012.06.01 17:56:14.885,1.58686,1.58724,1.50,1.20
2012.06.01 17:56:14.958,1.58684,1.58724,1.50,1.20
2012.06.01 17:56:15.110,1.58687,1.58724,1.50,1.20
2012.06.01 17:56:15.552,1.58689,1.58724,1.50,1.20
2012.06.01 17:56:15.901,1.58691,1.58727,1.50,2.03
2012.06.01 17:56:16.208,1.58695,1.58732,1.50,1.19
2012.06.01 17:56:16.337,1.58698,1.58732,1.50,1.19
2012.06.01 17:56:16.469,1.58698,1.58735,1.50,1.43
2012.06.01 17:56:16.538,1.58703,1.58735,1.50,1.43
2012.06.01 17:56:16.614,1.58699,1.58735,1.50,1.43
2012.06.01 17:56:16.678,1.58703,1.58739,1.50,1.62
2012.06.01 17:56:16.969,1.58699,1.58741,1.50,1.35
2012.06.01 17:56:17.499,1.58702,1.58741,1.50,1.35
2012.06.01 17:56:17.857,1.58705,1.58745,1.43,1.50
2012.06.01 17:56:17.927,1.58705,1.58746,1.43,2.54
2012.06.01 17:56:18.466,1.58706,1.58747,1.50,1.38
2012.06.01 17:56:19.263,1.58705,1.58744,1.43,1.50
2012.06.01 17:56:19.332,1.58699,1.5874,1.88,2.59
2012.06.01 17:56:22.758,1.58699,1.58739,1.88,1.13
2012.06.01 17:56:22.948,1.58702,1.58742,1.50,1.02
2012.06.01 17:56:23.258,1.58704,1.58738,1.50,1.05
2012.06.01 17:56:27.230,1.58704,1.58734,1.50,1.73
2012.06.01 17:56:27.358,1.58698,1.58734,1.50,2.03
2012.06.01 17:56:27.549,1.58696,1.58734,1.50,2.03
2012.06.01 17:56:27.879,1.58694,1.58734,1.50,2.03
2012.06.01 17:56:28.098,1.58697,1.58734,1.50,2.03
2012.06.01 17:56:28.806,1.58699,1.58734,1.50,2.03
2012.06.01 17:56:28.879,1.58695,1.58734,1.50,2.03
2012.06.01 17:56:37.100,1.58695,1.58734,1.50,2.03
2012.06.01 17:56:37.844,1.58695,1.58734,1.50,2.03
2012.06.01 17:56:39.023,1.58696,1.58734,1.50,2.03
2012.06.01 17:56:39.087,1.58698,1.58734,1.50,2.03
2012.06.01 17:56:39.626,1.58695,1.58734,1.50,2.03
2012.06.01 17:56:42.385,1.58695,1.58734,1.50,2.03
2012.06.01 17:56:43.449,1.58697,1.58734,1.50,2.03
2012.06.01 17:56:43.792,1.58695,1.58734,1.50,2.03
2012.06.01 17:56:44.370,1.58695,1.58734,1.50,2.03
2012.06.01 17:56:44.437,1.58698,1.58734,1.50,2.03
2012.06.01 17:56:45.352,1.58698,1.58734,1.50,2.03
2012.06.01 17:56:48.429,1.58698,1.5873,1.50,1.05
2012.06.01 17:56:48.560,1.58697,1.58728,1.50,1.20
2012.06.01 17:56:48.630,1.58689,1.58727,1.77,1.50
2012.06.01 17:56:48.760,1.58686,1.58727,1.43,1.80
2012.06.01 17:56:49.384,1.58686,1.58727,1.43,2.10
2012.06.01 17:56:49.450,1.58688,1.58728,1.50,1.35
2012.06.01 17:56:49.947,1.58687,1.58728,1.43,1.50
2012.06.01 17:56:50.137,1.58687,1.58731,2.93,1.50
2012.06.01 17:56:51.769,1.58691,1.58734,1.50,2.48
2012.06.01 17:56:52.030,1.58689,1.58731,1.50,1.50
2012.06.01 17:56:52.582,1.58687,1.58729,1.43,1.50
2012.06.01 17:56:53.437,1.58687,1.58726,1.43,1.50
2012.06.01 17:56:53.629,1.58681,1.58722,1.80,1.50
2012.06.01 17:56:53.879,1.58683,1.58725,1.50,2.93
2012.06.01 17:56:55.321,1.58681,1.58722,2.25,1.50
2012.06.01 17:56:56.448,1.5868,1.58722,2.93,1.50
2012.06.01 17:56:57.127,1.5868,1.58723,1.43,1.50
2012.06.01 17:56:59.857,1.58683,1.58725,1.50,2.93
2012.06.01 17:57:00.796,1.5868,1.58723,1.43,1.50
2012.06.01 17:57:01.149,1.5868,1.58723,1.43,1.95
2012.06.01 17:57:01.396,1.58677,1.58718,2.25,1.43
2012.06.01 17:57:03.345,1.58684,1.58718,1.50,1.43
2012.06.01 17:57:03.478,1.58684,1.58721,1.50,1.43
2012.06.01 17:57:03.550,1.58686,1.58721,1.50,1.43
2012.06.01 17:57:03.620,1.58686,1.58729,2.25,1.43
2012.06.01 17:57:04.524,1.58686,1.5873,1.50,2.63
2012.06.01 17:57:04.592,1.58677,1.58719,1.50,1.50
2012.06.01 17:57:05.019,1.58676,1.58716,1.43,1.50
2012.06.01 17:57:05.332,1.58672,1.58714,1.50,1.50
2012.06.01 17:57:05.458,1.58669,1.58711,2.33,1.50
2012.06.01 17:57:05.588,1.5867,1.58714,2.25,1.50
2012.06.01 17:57:05.718,1.58669,1.5871,2.33,1.50
2012.06.01 17:57:06.219,1.58671,1.58715,2.25,1.50
2012.06.01 17:57:07.759,1.58669,1.58712,2.33,1.50
2012.06.01 17:57:08.089,1.58664,1.58708,1.50,1.50
2012.06.01 17:57:08.406,1.58664,1.58703,1.50,1.43
2012.06.01 17:57:10.238,1.58667,1.58703,1.50,1.43
2012.06.01 17:57:11.169,1.58667,1.58706,2.25,1.43
2012.06.01 17:57:11.917,1.58664,1.58706,1.50,1.43
2012.06.01 17:57:12.189,1.58668,1.58706,1.50,1.43
2012.06.01 17:57:12.551,1.58671,1.5871,2.18,1.50
2012.06.01 17:57:12.857,1.58676,1.5871,1.43,1.50
2012.06.01 17:57:12.927,1.58669,1.5871,1.88,1.50
2012.06.01 17:57:13.033,1.58669,1.5871,1.50,1.50
2012.06.01 17:57:13.156,1.58669,1.5871,1.50,2.25
2012.06.01 17:57:13.291,1.58669,1.5871,1.50,1.50
2012.06.01 17:57:13.818,1.58669,1.5871,1.50,2.25
2012.06.01 17:57:14.345,1.58668,1.58709,1.50,2.25
2012.06.01 17:57:14.738,1.58668,1.58709,1.50,1.95
2012.06.01 17:57:14.868,1.58668,1.58709,1.50,2.25
2012.06.01 17:57:15.120,1.58668,1.58703,1.50,1.43
2012.06.01 17:57:15.271,1.58668,1.58709,1.50,1.95
2012.06.01 17:57:15.520,1.58668,1.58703,1.50,1.43
2012.06.01 17:57:15.769,1.58668,1.58709,1.50,1.50
2012.06.01 17:57:16.827,1.58664,1.58708,2.25,1.50
2012.06.01 17:57:17.457,1.58664,1.58708,1.50,1.50
2012.06.01 17:57:17.588,1.58664,1.58703,1.50,1.43
2012.06.01 17:57:17.776,1.58661,1.58703,1.50,2.93
2012.06.01 17:57:19.563,1.58661,1.58702,1.50,1.43
2012.06.01 17:57:23.746,1.58659,1.58701,1.50,1.50
2012.06.01 17:57:23.816,1.58657,1.58701,1.50,1.50
2012.06.01 17:57:23.998,1.58661,1.58702,1.50,4.43
2012.06.01 17:57:25.418,1.58663,1.58702,1.50,1.43
2012.06.01 17:57:27.832,1.58661,1.58702,1.50,2.93
2012.06.01 17:57:29.370,1.58662,1.58702,1.50,1.43
2012.06.01 17:57:29.439,1.58659,1.58697,1.50,1.50
2012.06.01 17:57:29.629,1.58655,1.58699,2.63,1.50
2012.06.01 17:57:29.761,1.58658,1.58701,1.50,1.50
2012.06.01 17:57:30.029,1.58661,1.58703,1.50,1.50
2012.06.01 17:57:31.477,1.58661,1.58701,1.50,1.50
2012.06.01 17:57:31.791,1.58654,1.58695,1.13,1.50
2012.06.01 17:57:32.541,1.58656,1.58697,2.25,1.73
2012.06.01 17:57:34.378,1.58654,1.58694,1.13,1.50
2012.06.01 17:57:35.108,1.58654,1.58691,1.13,1.50
2012.06.01 17:57:37.682,1.58652,1.58691,2.55,1.50
2012.06.01 17:57:39.160,1.58652,1.58685,2.55,1.50
2012.06.01 17:57:39.289,1.58643,1.58682,1.65,1.73
2012.06.01 17:57:39.419,1.58647,1.58682,1.50,1.73
2012.06.01 17:57:39.611,1.58642,1.58682,1.65,2.18
2012.06.01 17:57:39.748,1.58642,1.58682,1.50,1.88
2012.06.01 17:57:39.970,1.58641,1.58681,1.50,1.88
2012.06.01 17:57:40.486,1.5864,1.58672,1.50,1.43
2012.06.01 17:57:40.563,1.5864,1.58682,2.25,2.93
2012.06.01 17:57:40.671,1.5864,1.58682,2.25,2.93
2012.06.01 17:57:41.197,1.5864,1.58681,2.25,1.43
2012.06.01 17:57:45.020,1.58642,1.58677,1.50,1.43
2012.06.01 17:57:45.742,1.58638,1.58677,1.50,1.43
2012.06.01 17:57:45.989,1.58641,1.58677,2.25,1.43
2012.06.01 17:57:47.711,1.58639,1.58677,1.50,1.43
2012.06.01 17:57:47.867,1.58637,1.58677,2.48,1.43
2012.06.01 17:57:48.757,1.58639,1.58677,1.50,1.43
2012.06.01 17:57:49.575,1.58637,1.58677,2.48,1.43
2012.06.01 17:57:49.816,1.58639,1.58677,1.50,1.43
2012.06.01 17:57:51.031,1.58643,1.58677,2.25,1.43
2012.06.01 17:57:51.157,1.58643,1.58685,2.25,2.93
2012.06.01 17:57:55.459,1.58652,1.58685,1.50,1.43
2012.06.01 17:57:55.594,1.58652,1.58694,1.50,3.27
2012.06.01 17:57:56.386,1.58647,1.58691,3.83,1.50
2012.06.01 17:57:56.900,1.58647,1.58691,3.83,1.50
2012.06.01 17:57:57.715,1.58647,1.58691,3.83,1.50
2012.06.01 17:58:03.408,1.5865,1.58691,1.20,1.50
2012.06.01 17:58:03.538,1.58655,1.58691,2.18,1.50
2012.06.01 17:58:03.609,1.58658,1.58692,1.95,1.50
2012.06.01 17:58:03.680,1.58658,1.58699,2.40,1.95
2012.06.01 17:58:03.751,1.58655,1.58696,2.33,1.50
2012.06.01 17:58:04.099,1.58651,1.58694,2.40,1.43
2012.06.01 17:58:04.656,1.58651,1.58694,2.40,1.43
2012.06.01 17:58:11.102,1.58651,1.58694,2.40,1.43
2012.06.01 17:58:13.599,1.58651,1.58693,2.40,1.43
2012.06.01 17:58:14.120,1.58651,1.58693,2.40,1.43
2012.06.01 17:58:14.669,1.58651,1.58693,2.40,1.43
2012.06.01 17:58:15.137,1.58648,1.58688,2.29,1.43
2012.06.01 17:58:15.497,1.58651,1.58688,1.50,1.43
2012.06.01 17:58:16.066,1.5865,1.58688,1.50,1.43
2012.06.01 17:58:16.936,1.58651,1.58688,1.50,1.43
2012.06.01 17:58:17.469,1.58655,1.58688,1.50,1.43
2012.06.01 17:58:17.541,1.58655,1.58697,1.50,1.95
2012.06.01 17:58:17.609,1.58655,1.58697,1.50,1.50
2012.06.01 17:58:17.679,1.58656,1.58697,1.09,1.50
2012.06.01 17:58:17.990,1.58656,1.58692,1.09,1.50
2012.06.01 17:58:18.126,1.58668,1.58705,1.50,1.43
2012.06.01 17:58:18.201,1.58668,1.58712,2.25,1.88
2012.06.01 17:58:18.766,1.58677,1.58715,1.50,3.30
2012.06.01 17:58:19.300,1.58678,1.58722,1.50,2.93
2012.06.01 17:58:19.427,1.58678,1.58722,1.73,3.68
2012.06.01 17:58:19.738,1.58674,1.58715,2.40,1.88
2012.06.01 17:58:20.386,1.58678,1.58715,1.50,1.88
2012.06.01 17:58:20.960,1.58676,1.58715,1.20,1.88
2012.06.01 17:58:21.539,1.58675,1.58715,1.50,1.88
2012.06.01 17:58:21.837,1.58671,1.58715,2.85,3.38
2012.06.01 17:58:21.907,1.58671,1.58715,2.85,3.72
2012.06.01 17:58:22.705,1.58671,1.58715,2.85,3.72
2012.06.01 17:58:23.033,1.58676,1.58715,1.50,2.22
2012.06.01 17:58:23.918,1.58676,1.58705,1.50,1.43
2012.06.01 17:58:23.993,1.58671,1.58705,1.73,1.43
2012.06.01 17:58:24.117,1.58669,1.58705,1.50,1.43
2012.06.01 17:58:24.619,1.58669,1.58701,1.50,1.43
2012.06.01 17:58:24.751,1.58669,1.58711,1.73,1.50
2012.06.01 17:58:24.821,1.58666,1.58708,2.18,1.95
2012.06.01 17:58:24.889,1.58666,1.58708,2.18,1.50
2012.06.01 17:58:24.959,1.58669,1.58711,1.73,3.38
2012.06.01 17:58:26.701,1.58672,1.58711,1.50,1.80
2012.06.01 17:58:32.868,1.5867,1.58711,1.50,1.80
2012.06.01 17:58:33.618,1.58666,1.5871,2.52,1.50
2012.06.01 17:58:33.687,1.58666,1.5871,2.29,2.25
2012.06.01 17:58:33.818,1.58667,1.58704,1.50,1.20
2012.06.01 17:58:34.068,1.58667,1.58709,1.50,1.50
2012.06.01 17:58:34.296,1.58669,1.58711,1.50,1.80
2012.06.01 17:58:36.979,1.58671,1.58711,1.50,1.80
2012.06.01 17:58:37.506,1.58672,1.58711,1.50,1.80
2012.06.01 17:58:41.448,1.58675,1.58711,1.50,1.80
2012.06.01 17:58:41.578,1.58671,1.58711,3.00,1.80
2012.06.01 17:58:41.788,1.58674,1.58711,1.50,1.80
2012.06.01 17:58:41.985,1.58671,1.58711,1.50,1.80
2012.06.01 17:58:42.548,1.58676,1.58711,1.50,1.80
2012.06.01 17:58:43.851,1.58671,1.58711,1.50,1.80
2012.06.01 17:58:46.258,1.58672,1.58711,1.50,1.80
2012.06.01 17:58:46.327,1.58674,1.58711,1.50,1.80
2012.06.01 17:58:49.083,1.58672,1.58711,1.50,1.80
2012.06.01 17:58:49.950,1.58671,1.58711,1.50,1.80
2012.06.01 17:58:53.197,1.58671,1.58711,1.73,1.43
2012.06.01 17:58:53.326,1.58674,1.58715,1.95,1.43
2012.06.01 17:58:53.647,1.58678,1.58715,1.50,1.43
2012.06.01 17:58:54.307,1.58676,1.58715,1.50,1.43
2012.06.01 17:58:58.467,1.58674,1.58715,1.73,2.93
2012.06.01 17:58:58.599,1.58669,1.58711,3.60,1.50
2012.06.01 17:58:59.151,1.58669,1.58711,3.60,1.50
2012.06.01 17:58:59.218,1.58673,1.58715,1.95,2.93
2012.06.01 17:59:01.179,1.58671,1.58712,2.18,1.50
2012.06.01 17:59:01.489,1.58674,1.58714,1.50,1.43
2012.06.01 17:59:02.228,1.58677,1.58714,1.50,1.43
2012.06.01 17:59:02.939,1.58675,1.58716,1.50,2.93
2012.06.01 17:59:03.513,1.58674,1.58716,1.50,2.93
2012.06.01 17:59:04.051,1.58676,1.58716,1.50,1.43
2012.06.01 17:59:07.049,1.58673,1.58714,2.18,1.43
2012.06.01 17:59:07.509,1.58676,1.58714,1.50,1.43
2012.06.01 17:59:08.928,1.58675,1.58714,1.50,1.43
2012.06.01 17:59:09.258,1.58674,1.58714,1.73,1.88
2012.06.01 17:59:09.567,1.58674,1.58714,1.73,1.43
2012.06.01 17:59:09.757,1.58674,1.5871,1.73,1.43
2012.06.01 17:59:10.902,1.58672,1.58714,2.18,1.43
2012.06.01 17:59:13.277,1.58669,1.58713,2.78,1.50
2012.06.01 17:59:13.361,1.58669,1.58706,2.78,1.43
2012.06.01 17:59:13.607,1.58669,1.58713,2.55,1.50
2012.06.01 17:59:13.860,1.5867,1.58706,1.05,1.43
2012.06.01 17:59:14.048,1.58669,1.58713,2.78,1.50
2012.06.01 17:59:14.250,1.58673,1.58707,2.18,1.43
2012.06.01 17:59:14.627,1.58669,1.5871,2.78,1.43
2012.06.01 17:59:14.817,1.58669,1.58704,2.78,1.43
2012.06.01 17:59:15.009,1.58669,1.58711,2.78,1.43
2012.06.01 17:59:15.277,1.58669,1.58704,2.78,1.43
2012.06.01 17:59:15.865,1.58673,1.58704,1.95,1.43
2012.06.01 17:59:16.367,1.58669,1.58704,1.28,1.43
2012.06.01 17:59:16.523,1.58666,1.58704,2.83,1.43
2012.06.01 17:59:18.781,1.5867,1.58704,1.50,1.43
2012.06.01 17:59:19.169,1.58664,1.58704,1.37,3.68
2012.06.01 17:59:19.537,1.58659,1.58697,2.40,1.43
2012.06.01 17:59:19.789,1.58658,1.58697,1.73,1.43
2012.06.01 17:59:21.011,1.58659,1.58697,1.50,1.43
2012.06.01 17:59:26.320,1.58656,1.58695,1.20,1.50
2012.06.01 17:59:26.631,1.58653,1.5869,1.28,1.50
2012.06.01 17:59:26.937,1.5865,1.58687,1.20,1.50
2012.06.01 17:59:27.206,1.58645,1.58687,1.50,1.50
2012.06.01 17:59:27.352,1.58647,1.58687,1.50,1.50
2012.06.01 17:59:27.660,1.58649,1.58689,1.50,1.77
2012.06.01 17:59:27.966,1.58651,1.58689,1.50,1.77
2012.06.01 17:59:30.440,1.5865,1.58689,1.50,1.43
2012.06.01 17:59:31.051,1.58651,1.58689,2.25,1.43
2012.06.01 17:59:32.049,1.58648,1.58689,1.50,1.43
2012.06.01 17:59:33.580,1.58648,1.58689,2.25,1.43
2012.06.01 17:59:34.411,1.58648,1.58689,1.50,1.43
2012.06.01 17:59:42.379,1.58648,1.58689,2.25,1.43
2012.06.01 17:59:42.738,1.58645,1.58689,2.25,2.93
2012.06.01 17:59:43.197,1.58642,1.58686,3.27,1.50
2012.06.01 17:59:43.390,1.58642,1.58686,2.93,1.95
2012.06.01 17:59:43.709,1.58641,1.5868,2.25,1.43
2012.06.01 17:59:44.019,1.58646,1.58682,1.50,1.88
2012.06.01 17:59:44.764,1.58649,1.58682,1.50,1.88
2012.06.01 17:59:44.829,1.58646,1.58682,1.50,1.88
2012.06.01 17:59:46.259,1.58643,1.58673,3.00,1.43
2012.06.01 17:59:47.252,1.58643,1.58677,1.50,1.77
2012.06.01 17:59:47.502,1.58642,1.58671,1.50,1.43
2012.06.01 17:59:47.751,1.58636,1.58671,1.50,1.43
2012.06.01 17:59:47.821,1.58638,1.58679,1.50,2.74
2012.06.01 17:59:48.070,1.58642,1.58679,1.50,2.74
2012.06.01 17:59:48.325,1.58639,1.58674,3.00,1.35
2012.06.01 17:59:48.390,1.58635,1.58674,1.50,1.35
2012.06.01 17:59:48.519,1.58635,1.5867,1.50,1.43
2012.06.01 17:59:49.489,1.58635,1.58662,1.50,1.43
2012.06.01 17:59:49.628,1.58629,1.58662,1.50,1.43
2012.06.01 17:59:50.664,1.58629,1.58662,2.25,1.43
2012.06.01 17:59:50.852,1.58626,1.5867,2.25,3.27
2012.06.01 17:59:50.977,1.58626,1.5867,1.50,3.27
2012.06.01 17:59:51.048,1.58626,1.58662,1.50,1.43
2012.06.01 17:59:53.178,1.58629,1.58662,1.50,1.43
2012.06.01 17:59:53.367,1.58632,1.58669,1.50,1.09
2012.06.01 17:59:53.679,1.58628,1.5867,2.25,2.22
2012.06.01 17:59:53.813,1.58624,1.58661,1.43,1.80
2012.06.01 17:59:53.937,1.58617,1.58659,2.25,1.58
2012.06.01 17:59:54.500,1.58627,1.58664,1.50,1.73
2012.06.01 17:59:55.316,1.58627,1.58664,1.50,2.03
2012.06.01 17:59:55.947,1.58627,1.58664,1.50,2.03
2012.06.01 17:59:56.077,1.58625,1.58661,1.50,1.80
2012.06.01 17:59:56.150,1.58619,1.58657,1.50,1.43
2012.06.01 17:59:56.220,1.58619,1.58657,1.50,1.88
2012.06.01 17:59:56.716,1.58619,1.58657,1.50,1.80
2012.06.01 17:59:57.284,1.58619,1.58657,1.50,1.80
2012.06.01 17:59:59.439,1.58616,1.58652,1.50,1.50
2012.06.01 17:59:59.509,1.5861,1.58652,3.68,1.50
2012.06.01 17:59:59.701,1.58616,1.58657,2.25,1.88
2012.06.01 17:59:59.949,1.58614,1.58648,1.50,1.43
