2010.12.13 19:00:00.422,1.59165,1.5922,1.50,1.40
2010.12.13 19:00:01.016,1.59165,1.5922,1.70,1.50
2010.12.13 19:00:01.385,1.59175,1.59226,1.50,1.90
2010.12.13 19:00:02.357,1.59175,1.59226,1.50,1.90
2010.12.13 19:00:02.576,1.59175,1.59226,1.50,1.80
2010.12.13 19:00:02.687,1.59175,1.59226,1.50,1.90
2010.12.13 19:00:03.128,1.59175,1.59226,1.50,1.80
2010.12.13 19:00:03.390,1.59175,1.59226,1.50,2.00
2010.12.13 19:00:03.718,1.59175,1.59226,1.50,4.50
2010.12.13 19:00:04.428,1.59168,1.59221,1.60,1.70
2010.12.13 19:00:04.539,1.59167,1.59221,1.70,1.60
2010.12.13 19:00:04.877,1.59167,1.59219,1.50,4.10
2010.12.13 19:00:05.316,1.59167,1.59213,1.50,1.10
2010.12.13 19:00:05.428,1.59158,1.5921,1.50,1.70
2010.12.13 19:00:05.537,1.59158,1.5921,1.50,2.50
2010.12.13 19:00:05.867,1.59149,1.59209,1.80,3.80
2010.12.13 19:00:06.065,1.59149,1.59209,1.70,3.80
2010.12.13 19:00:06.508,1.59143,1.59208,1.20,2.50
2010.12.13 19:00:06.727,1.5914,1.592,1.70,1.40
2010.12.13 19:00:06.947,1.5914,1.592,1.70,1.20
2010.12.13 19:00:07.277,1.59149,1.59204,1.50,1.50
2010.12.13 19:00:07.770,1.59149,1.59209,1.70,7.60
2010.12.13 19:00:08.256,1.59158,1.59209,1.50,4.20
2010.12.13 19:00:08.370,1.59158,1.59209,1.50,4.00
2010.12.13 19:00:10.876,1.59158,1.59209,1.50,4.20
2010.12.13 19:00:13.710,1.59158,1.59209,1.50,4.00
2010.12.13 19:00:14.699,1.59161,1.59212,1.70,1.50
2010.12.13 19:00:14.809,1.59166,1.59212,1.50,1.50
2010.12.13 19:00:15.181,1.59166,1.59217,1.50,1.80
2010.12.13 19:00:15.446,1.59166,1.59219,1.50,4.80
2010.12.13 19:00:15.557,1.59166,1.59218,1.50,1.20
2010.12.13 19:00:15.888,1.59166,1.59219,1.50,4.70
2010.12.13 19:00:16.309,1.59166,1.59217,1.50,1.20
2010.12.13 19:00:16.749,1.59167,1.59211,1.50,1.40
2010.12.13 19:00:17.046,1.59157,1.59211,1.70,1.40
2010.12.13 19:00:17.451,1.59157,1.59214,1.70,4.80
2010.12.13 19:00:19.187,1.59157,1.59214,1.70,4.80
2010.12.13 19:00:19.297,1.59157,1.59214,1.50,4.70
2010.12.13 19:00:19.408,1.59149,1.5921,1.80,1.50
2010.12.13 19:00:20.058,1.59148,1.59201,1.50,1.50
2010.12.13 19:00:20.279,1.59134,1.59195,1.10,1.60
2010.12.13 19:00:20.561,1.59136,1.59204,1.50,5.30
2010.12.13 19:00:20.899,1.59142,1.592,1.10,1.30
2010.12.13 19:00:21.119,1.59149,1.59209,2.60,2.80
2010.12.13 19:00:21.230,1.59149,1.59202,1.50,1.50
2010.12.13 19:00:21.562,1.59149,1.59202,1.50,3.10
2010.12.13 19:00:21.678,1.5914,1.59202,1.70,3.10
2010.12.13 19:00:22.145,1.5914,1.59202,1.70,1.60
2010.12.13 19:00:22.261,1.59131,1.59194,1.50,1.30
2010.12.13 19:00:22.385,1.59131,1.59194,1.60,1.20
2010.12.13 19:00:22.609,1.59141,1.59206,1.50,3.70
2010.12.13 19:00:22.830,1.5914,1.59199,1.50,1.70
2010.12.13 19:00:23.464,1.5914,1.59199,1.50,1.60
2010.12.13 19:00:23.579,1.5914,1.59199,1.50,1.70
2010.12.13 19:00:23.908,1.5914,1.59199,1.50,4.00
2010.12.13 19:00:24.756,1.5914,1.59199,1.60,1.80
2010.12.13 19:00:25.785,1.5914,1.59199,1.50,4.00
2010.12.13 19:00:25.913,1.5914,1.59199,1.50,4.00
2010.12.13 19:00:26.328,1.59131,1.59185,3.90,1.50
2010.12.13 19:00:26.437,1.59131,1.59185,1.60,1.50
2010.12.13 19:00:28.267,1.59131,1.59185,1.60,1.60
2010.12.13 19:00:29.125,1.59131,1.59185,1.80,1.50
2010.12.13 19:00:30.748,1.59129,1.59185,1.50,4.30
2010.12.13 19:00:31.594,1.59123,1.59186,1.80,4.30
2010.12.13 19:00:32.438,1.59123,1.59186,1.50,4.50
2010.12.13 19:00:33.730,1.59123,1.59186,1.80,4.30
2010.12.13 19:00:35.846,1.59123,1.59186,1.60,4.50
2010.12.13 19:00:35.957,1.59123,1.59186,1.50,4.80
2010.12.13 19:00:36.068,1.59132,1.59185,1.50,1.20
2010.12.13 19:00:36.288,1.59131,1.59185,1.60,1.50
2010.12.13 19:00:36.627,1.59131,1.59185,1.60,1.70
2010.12.13 19:00:37.177,1.59131,1.5918,1.60,1.50
2010.12.13 19:00:37.628,1.59131,1.5918,1.60,1.50
2010.12.13 19:00:38.181,1.59131,1.59183,1.60,1.80
2010.12.13 19:00:38.839,1.59131,1.59183,1.80,1.90
2010.12.13 19:00:39.474,1.59131,1.59181,1.80,2.50
2010.12.13 19:00:39.602,1.59122,1.59176,1.60,1.80
2010.12.13 19:00:39.778,1.59122,1.59176,1.60,1.90
2010.12.13 19:00:40.790,1.59122,1.59176,1.50,4.10
2010.12.13 19:00:50.339,1.59122,1.59172,1.50,2.80
2010.12.13 19:00:50.450,1.59118,1.59172,1.60,6.40
2010.12.13 19:00:50.560,1.59107,1.59166,1.50,3.90
2010.12.13 19:00:50.859,1.59103,1.59157,2.00,1.70
2010.12.13 19:00:50.971,1.59103,1.59155,1.50,1.80
2010.12.13 19:00:52.413,1.59103,1.59155,1.60,1.90
2010.12.13 19:00:52.639,1.59103,1.59155,1.50,4.10
2010.12.13 19:00:52.858,1.5911,1.59155,1.50,1.50
2010.12.13 19:00:52.967,1.5911,1.5916,1.50,1.80
2010.12.13 19:00:53.076,1.5911,1.5916,1.50,1.70
2010.12.13 19:00:53.187,1.5911,1.5916,1.50,1.80
2010.12.13 19:00:54.740,1.5911,1.59162,1.50,4.10
2010.12.13 19:00:55.407,1.5911,1.59162,1.50,1.80
2010.12.13 19:00:56.267,1.5911,1.59158,1.50,1.20
2010.12.13 19:00:56.378,1.59103,1.59156,1.50,1.90
2010.12.13 19:00:56.597,1.59103,1.59156,1.50,4.50
2010.12.13 19:00:56.707,1.59103,1.59156,1.50,1.90
2010.12.13 19:00:57.038,1.59103,1.59156,1.50,1.80
2010.12.13 19:00:57.585,1.59103,1.59157,1.70,1.70
2010.12.13 19:00:58.066,1.59103,1.59162,1.80,1.10
2010.12.13 19:00:58.176,1.59103,1.59162,1.70,2.30
2010.12.13 19:00:58.716,1.59103,1.59162,2.00,1.40
2010.12.13 19:00:59.127,1.59103,1.59163,4.00,1.10
2010.12.13 19:00:59.237,1.59111,1.59166,1.50,1.60
2010.12.13 19:00:59.457,1.59111,1.59166,1.50,4.00
2010.12.13 19:00:59.788,1.5911,1.59165,1.20,4.30
2010.12.13 19:00:59.997,1.59103,1.59165,1.60,4.30
2010.12.13 19:01:00.538,1.59111,1.59166,1.50,1.70
2010.12.13 19:01:00.871,1.59111,1.59166,1.60,1.60
2010.12.13 19:01:01.791,1.59111,1.59166,1.50,1.60
2010.12.13 19:01:01.897,1.59111,1.59166,1.80,1.50
2010.12.13 19:01:02.648,1.59111,1.59166,4.10,1.50
2010.12.13 19:01:03.113,1.59112,1.5917,2.00,1.90
2010.12.13 19:01:04.636,1.59111,1.59165,4.10,1.50
2010.12.13 19:01:04.747,1.59111,1.59165,1.80,1.50
2010.12.13 19:01:05.397,1.59111,1.59165,1.50,1.60
2010.12.13 19:01:05.507,1.59111,1.59165,1.60,1.50
2010.12.13 19:01:05.877,1.59112,1.5917,1.70,4.10
2010.12.13 19:01:06.273,1.59111,1.59169,7.60,1.80
2010.12.13 19:01:07.936,1.59113,1.59169,4.00,1.70
2010.12.13 19:01:08.047,1.59113,1.59169,1.80,1.80
2010.12.13 19:01:08.815,1.59113,1.59169,4.00,1.70
2010.12.13 19:01:09.247,1.59113,1.59169,1.70,1.80
2010.12.13 19:01:09.769,1.59113,1.59169,4.40,1.50
2010.12.13 19:01:09.878,1.5912,1.59182,1.60,3.40
2010.12.13 19:01:09.986,1.5912,1.59182,1.80,3.50
2010.12.13 19:01:10.096,1.5912,1.59182,1.60,3.60
2010.12.13 19:01:10.617,1.5912,1.59182,1.50,8.00
2010.12.13 19:01:11.054,1.5912,1.59182,1.80,3.60
2010.12.13 19:01:11.747,1.5912,1.59174,1.50,1.10
2010.12.13 19:01:11.961,1.5912,1.59174,1.50,1.30
2010.12.13 19:01:12.075,1.59119,1.59159,1.50,1.20
2010.12.13 19:01:12.407,1.59109,1.59159,1.50,1.50
2010.12.13 19:01:12.517,1.59109,1.59148,1.50,1.50
2010.12.13 19:01:12.634,1.59099,1.59148,1.50,1.50
2010.12.13 19:01:13.126,1.59092,1.59148,2.00,2.50
2010.12.13 19:01:13.677,1.59098,1.59148,1.80,1.50
2010.12.13 19:01:14.427,1.59098,1.59148,1.50,1.50
2010.12.13 19:01:14.537,1.59092,1.59148,1.70,2.50
2010.12.13 19:01:14.970,1.59098,1.59149,1.60,1.50
2010.12.13 19:01:15.517,1.59098,1.59149,1.50,1.70
2010.12.13 19:01:15.628,1.59098,1.59149,1.50,1.50
2010.12.13 19:01:16.037,1.59098,1.59143,1.50,1.40
2010.12.13 19:01:16.150,1.59089,1.59138,1.60,1.50
2010.12.13 19:01:16.477,1.59089,1.59139,1.80,1.20
2010.12.13 19:01:16.890,1.59089,1.59139,3.90,1.20
2010.12.13 19:01:17.012,1.59089,1.59139,1.60,1.20
2010.12.13 19:01:17.989,1.59089,1.5914,1.60,1.70
2010.12.13 19:01:19.667,1.59089,1.59132,1.60,1.20
2010.12.13 19:01:19.779,1.59089,1.59126,1.50,1.20
2010.12.13 19:01:20.311,1.59079,1.5913,1.60,2.90
2010.12.13 19:01:20.928,1.59079,1.5913,1.80,2.90
2010.12.13 19:01:21.587,1.59079,1.59131,3.90,1.70
2010.12.13 19:01:22.637,1.59079,1.59131,1.60,1.80
2010.12.13 19:01:22.747,1.59079,1.59131,4.10,1.70
2010.12.13 19:01:23.454,1.59079,1.59131,4.10,1.70
2010.12.13 19:01:23.735,1.59079,1.59131,3.90,1.70
2010.12.13 19:01:23.903,1.59079,1.59131,4.10,1.70
2010.12.13 19:01:24.218,1.59079,1.59131,3.90,1.70
2010.12.13 19:01:24.447,1.59079,1.59131,1.60,1.70
2010.12.13 19:01:25.866,1.59079,1.59131,3.90,1.70
2010.12.13 19:01:26.784,1.59079,1.59131,3.90,1.70
2010.12.13 19:01:28.398,1.59079,1.59131,1.60,1.80
2010.12.13 19:01:28.739,1.59079,1.59131,4.10,1.70
2010.12.13 19:01:29.170,1.59079,1.59131,1.60,4.30
2010.12.13 19:01:29.441,1.59079,1.59131,1.60,1.80
2010.12.13 19:01:31.960,1.59079,1.59126,1.60,1.20
2010.12.13 19:01:32.274,1.59079,1.59126,1.60,1.40
2010.12.13 19:01:32.395,1.59073,1.59123,3.10,1.40
2010.12.13 19:01:32.618,1.59068,1.59121,1.60,1.70
2010.12.13 19:01:33.338,1.59068,1.59121,3.90,1.70
2010.12.13 19:01:33.447,1.59068,1.59121,1.70,1.70
2010.12.13 19:01:34.154,1.59068,1.59124,7.70,2.80
2010.12.13 19:01:34.271,1.59073,1.59126,1.90,1.70
2010.12.13 19:01:35.258,1.59069,1.5913,2.90,2.30
2010.12.13 19:01:35.367,1.59078,1.59132,1.50,4.40
2010.12.13 19:01:35.690,1.59069,1.59131,1.60,3.40
2010.12.13 19:01:36.370,1.59069,1.59131,1.50,1.50
2010.12.13 19:01:36.697,1.59069,1.59131,1.60,1.50
2010.12.13 19:01:37.957,1.59079,1.59129,1.50,1.70
2010.12.13 19:01:38.351,1.59079,1.59129,1.50,1.60
2010.12.13 19:01:38.468,1.59068,1.59112,1.20,1.70
2010.12.13 19:01:39.179,1.59055,1.59113,4.10,1.40
2010.12.13 19:01:39.289,1.59063,1.59115,1.60,1.50
2010.12.13 19:01:39.509,1.59063,1.59115,1.80,1.70
2010.12.13 19:01:40.018,1.59063,1.59116,1.80,1.70
2010.12.13 19:01:40.127,1.59063,1.59116,1.60,1.70
2010.12.13 19:01:40.587,1.59058,1.59112,3.90,1.70
2010.12.13 19:01:40.698,1.59058,1.59112,1.60,1.70
2010.12.13 19:01:40.807,1.59061,1.59121,1.60,1.40
2010.12.13 19:01:41.477,1.5906,1.59121,3.90,1.40
2010.12.13 19:01:41.712,1.5906,1.59121,1.60,1.40
2010.12.13 19:01:42.078,1.5906,1.59121,1.60,1.20
2010.12.13 19:01:42.297,1.5906,1.59124,3.90,1.40
2010.12.13 19:01:42.626,1.5906,1.59121,4.50,1.20
2010.12.13 19:01:42.847,1.5906,1.59118,3.90,1.50
2010.12.13 19:01:43.067,1.59067,1.59124,1.70,1.50
2010.12.13 19:01:43.372,1.59073,1.59128,1.50,1.20
2010.12.13 19:01:43.490,1.59059,1.59121,4.10,1.40
2010.12.13 19:01:43.816,1.59059,1.59122,4.10,1.40
2010.12.13 19:01:44.197,1.5906,1.59126,3.50,1.50
2010.12.13 19:01:44.690,1.59069,1.59123,1.60,1.20
2010.12.13 19:01:45.551,1.59069,1.59123,1.50,1.20
2010.12.13 19:01:46.018,1.59069,1.59123,1.60,1.20
2010.12.13 19:01:46.377,1.59078,1.59129,1.50,1.60
2010.12.13 19:01:46.488,1.59078,1.59128,1.50,1.10
2010.12.13 19:01:46.598,1.59068,1.59124,1.60,1.40
2010.12.13 19:01:46.927,1.59068,1.59127,1.80,1.40
2010.12.13 19:01:47.963,1.59068,1.59127,1.90,1.70
2010.12.13 19:01:48.287,1.59068,1.59126,1.50,1.40
2010.12.13 19:01:48.400,1.59068,1.59126,1.60,1.40
2010.12.13 19:01:48.783,1.59068,1.59126,1.50,1.40
2010.12.13 19:01:48.898,1.59068,1.59126,1.60,1.40
2010.12.13 19:01:49.287,1.59079,1.59126,1.50,1.20
2010.12.13 19:01:49.678,1.59079,1.59128,1.50,1.60
2010.12.13 19:01:50.058,1.59079,1.59128,1.60,1.50
2010.12.13 19:01:50.742,1.59079,1.59128,1.50,1.60
2010.12.13 19:01:51.114,1.59079,1.59128,1.60,1.50
2010.12.13 19:01:51.772,1.59079,1.59128,1.80,1.50
2010.12.13 19:01:52.249,1.59079,1.59128,1.60,1.70
2010.12.13 19:01:52.467,1.59079,1.59132,1.60,1.70
2010.12.13 19:01:53.180,1.59079,1.59132,1.50,1.80
2010.12.13 19:01:53.767,1.59079,1.59132,1.60,1.70
2010.12.13 19:01:54.307,1.59079,1.59133,1.50,3.50
2010.12.13 19:01:54.458,1.5907,1.59129,4.10,1.10
2010.12.13 19:01:55.273,1.5907,1.59127,1.60,1.10
2010.12.13 19:01:56.614,1.59068,1.59122,1.70,2.90
2010.12.13 19:01:57.007,1.59068,1.59122,4.10,2.90
2010.12.13 19:01:57.227,1.59068,1.59122,4.50,2.90
2010.12.13 19:01:57.872,1.59068,1.59122,3.90,1.70
2010.12.13 19:01:58.044,1.59068,1.59119,3.90,1.20
2010.12.13 19:01:58.377,1.59068,1.59116,1.90,1.20
2010.12.13 19:01:58.487,1.59068,1.59119,1.90,1.40
2010.12.13 19:01:58.707,1.59063,1.59116,1.70,1.70
2010.12.13 19:01:59.070,1.59063,1.59112,1.50,2.50
2010.12.13 19:02:00.934,1.59049,1.59102,3.90,1.40
2010.12.13 19:02:01.760,1.59048,1.59101,1.90,1.70
2010.12.13 19:02:02.739,1.59048,1.59101,4.00,1.70
2010.12.13 19:02:03.070,1.59048,1.59101,1.60,1.70
2010.12.13 19:02:03.996,1.59048,1.59101,3.90,1.70
2010.12.13 19:02:04.500,1.59048,1.59101,4.20,1.70
2010.12.13 19:02:04.948,1.59048,1.59101,4.00,1.70
2010.12.13 19:02:06.058,1.59048,1.59101,4.20,1.70
2010.12.13 19:02:07.050,1.59053,1.59104,1.40,1.50
2010.12.13 19:02:07.157,1.59058,1.59112,1.90,1.70
2010.12.13 19:02:07.368,1.59058,1.59112,1.90,2.50
2010.12.13 19:02:08.137,1.59049,1.59101,4.10,1.70
2010.12.13 19:02:08.582,1.59049,1.59101,4.10,1.70
2010.12.13 19:02:09.134,1.59049,1.59101,4.10,1.70
2010.12.13 19:02:09.637,1.59055,1.59096,1.80,1.20
2010.12.13 19:02:09.894,1.59055,1.59095,1.80,1.70
2010.12.13 19:02:10.012,1.59043,1.59093,4.60,1.20
2010.12.13 19:02:10.239,1.59054,1.59093,1.50,1.20
2010.12.13 19:02:10.349,1.59043,1.59093,1.60,1.40
2010.12.13 19:02:10.975,1.59044,1.59092,1.60,2.90
2010.12.13 19:02:11.312,1.59043,1.59092,2.50,1.50
2010.12.13 19:02:11.529,1.59049,1.59094,1.50,1.20
2010.12.13 19:02:11.885,1.59039,1.59101,3.90,1.40
2010.12.13 19:02:12.217,1.59039,1.59096,1.60,1.20
2010.12.13 19:02:12.438,1.59039,1.59096,4.10,1.20
2010.12.13 19:02:12.987,1.59039,1.59097,1.60,1.40
2010.12.13 19:02:13.627,1.59039,1.59098,4.10,1.50
2010.12.13 19:02:13.934,1.59039,1.59098,1.80,1.70
2010.12.13 19:02:14.499,1.59038,1.59092,4.50,2.90
2010.12.13 19:02:14.716,1.59038,1.59092,1.60,2.90
2010.12.13 19:02:15.229,1.59038,1.59092,1.70,2.90
2010.12.13 19:02:16.248,1.59038,1.59088,1.70,1.50
2010.12.13 19:02:16.475,1.5904,1.59094,5.90,1.50
2010.12.13 19:02:16.754,1.5904,1.59095,2.50,1.20
2010.12.13 19:02:16.875,1.59039,1.59095,1.50,1.50
2010.12.13 19:02:17.099,1.59034,1.59091,1.60,2.50
2010.12.13 19:02:17.427,1.59034,1.59089,1.60,1.70
2010.12.13 19:02:17.538,1.59038,1.59094,1.60,1.10
2010.12.13 19:02:17.757,1.59038,1.59097,1.90,2.30
2010.12.13 19:02:18.537,1.59038,1.5909,1.60,1.40
2010.12.13 19:02:18.758,1.59033,1.5909,1.70,2.90
2010.12.13 19:02:19.391,1.5903,1.59088,1.80,1.90
2010.12.13 19:02:20.148,1.5903,1.59088,1.50,4.10
2010.12.13 19:02:21.263,1.5903,1.59088,1.60,4.10
2010.12.13 19:02:22.428,1.59028,1.59079,1.70,1.50
2010.12.13 19:02:22.538,1.59028,1.59088,1.70,4.10
2010.12.13 19:02:22.868,1.5903,1.59088,3.90,1.80
2010.12.13 19:02:23.979,1.59032,1.59088,1.30,1.90
2010.12.13 19:02:24.089,1.5903,1.59088,3.90,1.80
2010.12.13 19:02:24.639,1.59034,1.5909,3.00,1.80
2010.12.13 19:02:24.865,1.59034,1.5909,3.00,4.10
2010.12.13 19:02:25.137,1.59034,1.5909,3.00,1.80
2010.12.13 19:02:25.359,1.59038,1.5909,1.50,1.60
2010.12.13 19:02:25.469,1.59038,1.59099,1.60,4.70
2010.12.13 19:02:25.964,1.59034,1.5909,1.80,1.90
2010.12.13 19:02:26.298,1.59029,1.59088,1.80,1.90
2010.12.13 19:02:26.424,1.59029,1.59088,4.60,1.50
2010.12.13 19:02:26.539,1.59031,1.59091,1.70,1.60
2010.12.13 19:02:26.781,1.59034,1.59086,1.60,1.70
2010.12.13 19:02:27.119,1.59034,1.59086,1.50,1.80
2010.12.13 19:02:27.227,1.59034,1.59086,1.50,1.70
2010.12.13 19:02:27.337,1.59034,1.59082,1.50,1.50
2010.12.13 19:02:28.349,1.59034,1.59082,1.60,1.50
2010.12.13 19:02:28.567,1.59034,1.59082,1.60,1.50
2010.12.13 19:02:28.847,1.59034,1.59082,1.80,1.50
2010.12.13 19:02:29.251,1.59034,1.59086,1.60,1.70
2010.12.13 19:02:29.357,1.59034,1.59086,1.60,1.70
2010.12.13 19:02:29.688,1.59033,1.59086,4.00,1.70
2010.12.13 19:02:29.797,1.59033,1.59086,1.60,1.70
2010.12.13 19:02:30.538,1.59033,1.59086,1.80,1.70
2010.12.13 19:02:30.924,1.59033,1.59086,1.90,1.70
2010.12.13 19:02:31.798,1.59033,1.59086,2.50,1.50
2010.12.13 19:02:32.019,1.59039,1.59088,1.60,1.20
2010.12.13 19:02:32.356,1.59039,1.59085,1.60,1.50
2010.12.13 19:02:32.499,1.59032,1.59085,1.60,1.70
2010.12.13 19:02:33.056,1.59032,1.59083,1.60,1.40
2010.12.13 19:02:33.694,1.59032,1.59083,1.60,1.40
2010.12.13 19:02:33.922,1.59038,1.59084,1.70,1.20
2010.12.13 19:02:34.037,1.59032,1.59084,1.50,1.40
2010.12.13 19:02:34.148,1.59032,1.59083,1.80,1.40
2010.12.13 19:02:35.000,1.59032,1.59085,2.60,1.50
2010.12.13 19:02:35.220,1.59039,1.59089,1.50,2.30
2010.12.13 19:02:35.333,1.59035,1.59088,1.50,1.40
2010.12.13 19:02:36.577,1.59035,1.59086,1.50,4.10
2010.12.13 19:02:36.688,1.59035,1.59086,1.50,1.60
2010.12.13 19:02:36.797,1.59038,1.5909,1.50,1.50
2010.12.13 19:02:36.907,1.59038,1.59092,1.50,1.50
2010.12.13 19:02:37.160,1.59038,1.59092,1.70,1.30
2010.12.13 19:02:37.487,1.59039,1.59095,1.50,3.10
2010.12.13 19:02:37.599,1.59043,1.59096,1.50,1.90
2010.12.13 19:02:37.707,1.59043,1.59095,1.50,4.00
2010.12.13 19:02:37.918,1.59043,1.59095,1.50,1.80
2010.12.13 19:02:38.389,1.59044,1.59097,1.50,1.50
2010.12.13 19:02:38.506,1.59044,1.591,2.40,1.30
2010.12.13 19:02:38.728,1.59045,1.5911,2.50,1.30
2010.12.13 19:02:38.839,1.59053,1.5911,1.50,1.30
2010.12.13 19:02:39.195,1.59048,1.59102,1.70,1.50
2010.12.13 19:02:39.325,1.59048,1.59097,1.50,1.20
2010.12.13 19:02:39.656,1.59048,1.59097,1.50,1.40
2010.12.13 19:02:39.767,1.59046,1.59097,1.50,1.40
2010.12.13 19:02:39.876,1.59042,1.59096,1.50,1.70
2010.12.13 19:02:40.760,1.59042,1.59093,1.50,1.20
2010.12.13 19:02:41.089,1.59038,1.59088,1.60,1.40
2010.12.13 19:02:42.118,1.59038,1.59088,1.80,1.40
2010.12.13 19:02:43.070,1.59038,1.59083,1.80,1.20
2010.12.13 19:02:43.397,1.59037,1.59078,1.60,1.40
2010.12.13 19:02:43.860,1.59028,1.59078,1.60,1.40
2010.12.13 19:02:44.371,1.59028,1.59078,1.60,1.40
2010.12.13 19:02:45.020,1.59033,1.59083,1.70,1.20
2010.12.13 19:02:45.127,1.59033,1.59089,1.50,2.90
2010.12.13 19:02:45.237,1.59033,1.59089,1.50,2.90
2010.12.13 19:02:46.047,1.59033,1.59086,1.50,1.20
2010.12.13 19:02:46.157,1.5903,1.59086,1.50,1.20
2010.12.13 19:02:46.575,1.5903,1.59086,1.50,1.20
2010.12.13 19:02:47.238,1.5903,1.59088,1.60,1.70
2010.12.13 19:02:47.567,1.59029,1.59088,4.10,1.70
2010.12.13 19:02:48.721,1.59029,1.59087,4.10,1.40
2010.12.13 19:02:49.128,1.59029,1.59082,4.10,1.20
2010.12.13 19:02:49.238,1.59029,1.59082,1.80,1.20
2010.12.13 19:02:49.567,1.59029,1.59082,3.90,1.20
2010.12.13 19:02:50.988,1.59029,1.59085,4.10,1.40
2010.12.13 19:02:51.260,1.59029,1.59085,3.90,1.40
2010.12.13 19:02:52.593,1.59029,1.59085,1.80,1.70
2010.12.13 19:02:54.046,1.59032,1.59085,1.60,1.40
2010.12.13 19:02:56.210,1.59032,1.59077,1.60,1.20
2010.12.13 19:02:56.818,1.59024,1.59077,1.60,1.20
2010.12.13 19:02:57.258,1.59021,1.59072,3.90,1.20
2010.12.13 19:02:57.630,1.59021,1.59068,3.90,1.20
2010.12.13 19:02:58.070,1.59016,1.59068,3.90,1.20
2010.12.13 19:02:58.396,1.59021,1.59074,1.80,1.30
2010.12.13 19:02:59.724,1.59021,1.59074,1.60,1.30
2010.12.13 19:02:59.837,1.59021,1.59074,3.90,1.20
2010.12.13 19:03:01.938,1.59019,1.59073,1.50,1.30
2010.12.13 19:03:02.858,1.59019,1.59077,1.80,1.50
2010.12.13 19:03:03.231,1.59019,1.59069,1.50,1.80
2010.12.13 19:03:03.360,1.59019,1.59071,3.90,1.40
2010.12.13 19:03:03.880,1.59019,1.59072,1.60,2.90
2010.12.13 19:03:04.217,1.59019,1.59072,4.00,2.70
2010.12.13 19:03:04.340,1.59024,1.59072,1.60,1.20
2010.12.13 19:03:04.675,1.59024,1.59074,3.90,2.70
2010.12.13 19:03:04.791,1.59024,1.59067,1.50,1.70
2010.12.13 19:03:04.899,1.59008,1.59065,1.50,1.40
2010.12.13 19:03:05.223,1.59008,1.59065,1.50,2.10
2010.12.13 19:03:05.600,1.59,1.59061,4.10,1.40
2010.12.13 19:03:05.821,1.59,1.59062,3.90,1.40
2010.12.13 19:03:05.926,1.59,1.59062,4.50,1.40
2010.12.13 19:03:06.416,1.58995,1.59055,4.70,1.50
2010.12.13 19:03:06.534,1.58992,1.59057,1.40,1.70
2010.12.13 19:03:06.758,1.58993,1.59055,1.50,1.40
2010.12.13 19:03:07.282,1.58999,1.59056,1.50,1.20
2010.12.13 19:03:07.514,1.59,1.59058,1.50,1.30
2010.12.13 19:03:07.627,1.59,1.59058,1.60,1.20
2010.12.13 19:03:08.161,1.59003,1.59061,1.50,2.90
2010.12.13 19:03:08.689,1.59012,1.59058,1.50,1.60
2010.12.13 19:03:08.910,1.59003,1.5905,1.50,1.20
2010.12.13 19:03:09.023,1.59005,1.5905,1.50,1.20
2010.12.13 19:03:09.139,1.58999,1.59053,1.50,1.20
2010.12.13 19:03:09.591,1.58999,1.59047,1.50,1.20
2010.12.13 19:03:09.699,1.58992,1.59046,1.50,1.50
2010.12.13 19:03:09.918,1.58992,1.59046,1.60,1.50
2010.12.13 19:03:10.799,1.58992,1.59032,1.60,1.20
2010.12.13 19:03:10.908,1.58992,1.59032,1.50,1.20
2010.12.13 19:03:11.018,1.58992,1.59032,1.50,1.40
2010.12.13 19:03:11.347,1.58977,1.59026,4.10,1.50
2010.12.13 19:03:11.761,1.58984,1.59031,1.60,1.20
2010.12.13 19:03:12.207,1.58984,1.59031,3.90,1.20
2010.12.13 19:03:12.975,1.58993,1.59035,1.50,1.20
2010.12.13 19:03:13.089,1.58994,1.59046,1.50,1.70
2010.12.13 19:03:14.211,1.58994,1.59052,1.60,1.40
2010.12.13 19:03:14.433,1.58994,1.59052,1.50,3.20
2010.12.13 19:03:14.660,1.58999,1.59052,1.60,1.50
2010.12.13 19:03:14.957,1.58999,1.59052,1.60,1.30
2010.12.13 19:03:15.287,1.58999,1.59062,1.50,1.40
2010.12.13 19:03:15.732,1.58999,1.59062,1.60,1.40
2010.12.13 19:03:16.143,1.58999,1.59062,1.50,3.20
2010.12.13 19:03:16.749,1.58999,1.59062,1.60,3.40
2010.12.13 19:03:17.159,1.58999,1.59059,1.60,5.90
2010.12.13 19:03:17.487,1.58999,1.59057,1.60,2.90
2010.12.13 19:03:18.086,1.58999,1.59062,1.60,2.60
2010.12.13 19:03:18.200,1.58999,1.59058,1.80,1.70
2010.12.13 19:03:18.307,1.58999,1.59058,1.60,1.40
2010.12.13 19:03:18.527,1.58995,1.59061,3.70,1.50
2010.12.13 19:03:18.869,1.58999,1.59061,1.60,1.40
2010.12.13 19:03:19.276,1.58999,1.59061,4.10,1.50
2010.12.13 19:03:21.578,1.59009,1.59063,1.50,1.40
2010.12.13 19:03:21.853,1.59009,1.59063,1.60,1.20
2010.12.13 19:03:22.445,1.59009,1.59068,1.50,1.20
2010.12.13 19:03:22.790,1.59009,1.59068,1.60,1.50
2010.12.13 19:03:23.501,1.59009,1.59068,1.60,1.20
2010.12.13 19:03:24.564,1.59009,1.59068,1.60,1.30
2010.12.13 19:03:24.983,1.59009,1.59068,1.80,1.30
2010.12.13 19:03:25.967,1.59009,1.59068,1.60,1.40
2010.12.13 19:03:26.188,1.5901,1.59068,3.90,1.40
2010.12.13 19:03:26.407,1.59009,1.59068,1.60,1.40
2010.12.13 19:03:27.168,1.59011,1.59071,3.90,1.20
2010.12.13 19:03:28.071,1.59014,1.59075,3.90,1.20
2010.12.13 19:03:28.288,1.59014,1.59073,1.50,1.30
2010.12.13 19:03:28.662,1.59004,1.59045,3.90,1.20
2010.12.13 19:03:28.770,1.59004,1.59045,1.80,1.20
2010.12.13 19:03:28.881,1.58995,1.59052,4.50,1.50
2010.12.13 19:03:28.988,1.58996,1.59052,4.50,1.20
2010.12.13 19:03:29.350,1.59003,1.59053,1.90,1.20
2010.12.13 19:03:30.208,1.59003,1.59053,4.10,1.20
2010.12.13 19:03:30.938,1.59003,1.59053,4.50,1.20
2010.12.13 19:03:31.104,1.58999,1.5906,4.10,1.70
2010.12.13 19:03:31.218,1.59,1.59058,1.60,1.40
2010.12.13 19:03:31.776,1.58996,1.59061,4.10,2.10
2010.12.13 19:03:31.896,1.58991,1.59057,6.90,1.40
2010.12.13 19:03:32.118,1.58991,1.59057,6.90,1.40
2010.12.13 19:03:33.111,1.58991,1.59052,4.30,1.40
2010.12.13 19:03:33.437,1.58991,1.59052,4.10,1.40
2010.12.13 19:03:33.546,1.58991,1.59045,4.10,1.40
2010.12.13 19:03:33.876,1.58988,1.59042,4.20,1.50
2010.12.13 19:03:34.775,1.58988,1.59042,4.10,1.70
2010.12.13 19:03:35.733,1.58988,1.59042,4.80,1.70
2010.12.13 19:03:37.400,1.58988,1.59042,4.80,1.70
2010.12.13 19:03:38.021,1.58999,1.59049,1.60,1.40
2010.12.13 19:03:38.130,1.58999,1.59055,4.30,1.20
2010.12.13 19:03:38.993,1.58999,1.59057,4.30,1.40
2010.12.13 19:03:40.840,1.58999,1.59057,2.00,1.50
2010.12.13 19:03:41.166,1.58999,1.59057,4.50,1.40
2010.12.13 19:03:41.388,1.59001,1.59061,4.20,1.40
2010.12.13 19:03:42.255,1.59001,1.59064,4.10,1.40
2010.12.13 19:03:43.475,1.59001,1.59064,4.60,1.40
2010.12.13 19:03:44.474,1.59001,1.59064,4.30,1.50
2010.12.13 19:03:44.590,1.59002,1.59064,1.40,1.40
2010.12.13 19:03:45.400,1.59001,1.59064,4.10,1.40
2010.12.13 19:03:46.684,1.59003,1.59064,1.40,1.40
2010.12.13 19:03:46.797,1.5901,1.59064,1.80,1.20
2010.12.13 19:03:46.907,1.59011,1.59067,1.80,1.20
2010.12.13 19:03:47.456,1.59011,1.59068,1.60,1.20
2010.12.13 19:03:47.567,1.59019,1.59078,1.60,1.50
2010.12.13 19:03:48.429,1.59019,1.59078,1.60,1.30
2010.12.13 19:03:48.810,1.59019,1.59078,1.60,1.20
2010.12.13 19:03:49.339,1.59019,1.59067,1.60,1.20
2010.12.13 19:03:49.667,1.59014,1.59065,1.60,1.20
2010.12.13 19:03:49.972,1.59014,1.59065,1.60,1.40
2010.12.13 19:03:50.512,1.59008,1.59059,4.10,1.40
2010.12.13 19:03:50.900,1.59008,1.59059,1.90,1.40
2010.12.13 19:03:51.698,1.59008,1.59061,1.90,2.50
2010.12.13 19:03:52.555,1.58999,1.59051,4.10,1.70
2010.12.13 19:03:52.667,1.58999,1.59051,4.50,1.70
2010.12.13 19:03:52.903,1.58999,1.59051,4.10,1.70
2010.12.13 19:03:53.540,1.58993,1.59045,4.20,1.70
2010.12.13 19:03:53.909,1.58999,1.59047,3.90,1.40
2010.12.13 19:03:54.018,1.58999,1.59052,1.60,3.80
2010.12.13 19:03:54.130,1.58988,1.5905,4.20,2.40
2010.12.13 19:03:54.779,1.58988,1.5905,4.10,2.40
2010.12.13 19:03:54.887,1.58988,1.59049,3.90,1.10
2010.12.13 19:03:55.890,1.58988,1.5905,4.10,2.40
2010.12.13 19:03:56.365,1.58997,1.59052,1.60,2.20
2010.12.13 19:03:57.089,1.58997,1.59058,1.60,3.20
2010.12.13 19:03:57.450,1.58997,1.59052,1.60,1.10
2010.12.13 19:03:58.671,1.5899,1.59044,1.60,1.40
2010.12.13 19:03:59.281,1.5899,1.59044,3.90,2.10
2010.12.13 19:03:59.606,1.58987,1.59036,3.90,1.70
2010.12.13 19:04:00.333,1.58987,1.59036,1.50,1.70
2010.12.13 19:04:00.558,1.58987,1.59039,1.50,1.80
2010.12.13 19:04:00.857,1.58987,1.59039,1.60,1.70
2010.12.13 19:04:00.971,1.58993,1.59045,1.60,1.70
2010.12.13 19:04:01.277,1.58993,1.59045,1.50,1.80
2010.12.13 19:04:01.498,1.58993,1.59045,1.70,1.80
2010.12.13 19:04:01.827,1.58993,1.59045,1.60,1.80
2010.12.13 19:04:01.938,1.58993,1.59045,1.80,1.50
2010.12.13 19:04:02.266,1.58999,1.59054,1.50,1.40
2010.12.13 19:04:03.483,1.58999,1.59054,1.50,2.10
2010.12.13 19:04:03.707,1.58993,1.59044,1.60,1.40
2010.12.13 19:04:04.791,1.58993,1.59044,1.60,1.40
2010.12.13 19:04:05.236,1.58996,1.59049,1.60,1.20
2010.12.13 19:04:05.461,1.58996,1.59058,1.60,1.90
2010.12.13 19:04:05.567,1.58996,1.59058,1.60,1.60
2010.12.13 19:04:06.356,1.59003,1.59058,1.50,1.70
2010.12.13 19:04:06.784,1.59003,1.59058,1.60,1.70
2010.12.13 19:04:08.797,1.59003,1.59058,4.10,1.70
2010.12.13 19:04:08.908,1.59003,1.59054,1.60,1.20
2010.12.13 19:04:09.018,1.59003,1.59054,1.50,1.40
2010.12.13 19:04:09.128,1.58998,1.59052,1.80,2.80
2010.12.13 19:04:09.237,1.58998,1.59052,1.50,2.90
2010.12.13 19:04:11.339,1.58998,1.59052,1.60,3.00
2010.12.13 19:04:11.951,1.58998,1.59045,1.50,1.80
2010.12.13 19:04:12.997,1.58998,1.59045,1.50,1.50
2010.12.13 19:04:13.107,1.59003,1.59053,1.50,1.50
2010.12.13 19:04:13.218,1.59003,1.59054,1.50,1.20
2010.12.13 19:04:13.809,1.59003,1.59062,1.50,1.50
2010.12.13 19:04:13.921,1.59003,1.59062,1.50,3.20
2010.12.13 19:04:14.168,1.59003,1.59062,1.50,1.40
2010.12.13 19:04:15.459,1.59003,1.59062,1.50,1.40
2010.12.13 19:04:15.893,1.59003,1.59062,1.50,3.20
2010.12.13 19:04:16.259,1.59012,1.59065,1.50,1.70
2010.12.13 19:04:16.591,1.59006,1.59065,1.60,3.20
2010.12.13 19:04:17.767,1.59003,1.59066,1.70,4.10
2010.12.13 19:04:18.770,1.59012,1.59066,1.50,1.70
2010.12.13 19:04:19.721,1.59012,1.59066,1.50,1.80
2010.12.13 19:04:20.820,1.59012,1.59066,1.60,1.80
2010.12.13 19:04:22.956,1.59012,1.59066,1.90,1.70
2010.12.13 19:04:24.012,1.59012,1.59066,1.60,1.80
2010.12.13 19:04:24.440,1.59015,1.59066,2.50,1.60
2010.12.13 19:04:24.549,1.59015,1.59066,5.90,1.50
2010.12.13 19:04:24.659,1.59015,1.59072,5.90,1.40
2010.12.13 19:04:25.208,1.59023,1.5908,1.70,1.50
2010.12.13 19:04:26.361,1.59023,1.5908,1.70,3.60
2010.12.13 19:04:27.772,1.59023,1.5908,1.70,1.50
2010.12.13 19:04:28.390,1.59023,1.5908,1.70,3.60
2010.12.13 19:04:30.138,1.59023,1.5908,1.70,1.50
2010.12.13 19:04:30.353,1.59023,1.5908,1.70,1.70
2010.12.13 19:04:32.027,1.59023,1.59075,1.50,1.80
2010.12.13 19:04:32.608,1.59013,1.59072,1.60,1.40
2010.12.13 19:04:33.267,1.59013,1.59073,5.90,1.20
2010.12.13 19:04:33.487,1.59019,1.5908,1.70,1.40
2010.12.13 19:04:33.708,1.59019,1.5908,1.70,1.40
2010.12.13 19:04:34.473,1.59019,1.5908,1.50,1.20
2010.12.13 19:04:34.862,1.59019,1.59082,1.80,1.70
2010.12.13 19:04:35.540,1.59019,1.5908,1.60,1.30
2010.12.13 19:04:37.738,1.59019,1.59077,1.80,1.20
2010.12.13 19:04:41.671,1.59019,1.59077,1.50,1.20
2010.12.13 19:04:41.777,1.59019,1.59075,1.50,1.70
2010.12.13 19:04:42.429,1.59014,1.59075,1.60,2.90
2010.12.13 19:04:42.873,1.59014,1.59075,1.50,2.90
2010.12.13 19:04:43.448,1.59014,1.59075,1.80,3.00
2010.12.13 19:04:46.586,1.59023,1.59082,1.60,3.40
2010.12.13 19:04:47.396,1.59023,1.59082,2.00,1.50
2010.12.13 19:04:48.137,1.59023,1.59082,1.70,1.50
2010.12.13 19:04:48.847,1.59023,1.59082,1.80,1.30
2010.12.13 19:04:49.617,1.59023,1.59082,1.80,1.60
2010.12.13 19:04:50.080,1.59023,1.59082,1.80,1.30
2010.12.13 19:04:50.193,1.59023,1.59082,1.70,1.40
2010.12.13 19:04:50.664,1.59024,1.59085,4.00,3.00
2010.12.13 19:04:51.170,1.59024,1.59086,1.70,7.40
2010.12.13 19:04:51.769,1.59024,1.59084,1.80,1.50
2010.12.13 19:04:51.880,1.59033,1.59085,1.50,3.60
2010.12.13 19:04:52.764,1.59033,1.59086,1.50,4.10
2010.12.13 19:04:53.098,1.59033,1.59086,1.50,4.50
2010.12.13 19:04:53.425,1.59023,1.59084,4.00,1.30
2010.12.13 19:04:53.649,1.59023,1.59084,1.70,1.30
2010.12.13 19:04:53.757,1.59023,1.59084,1.60,3.80
2010.12.13 19:04:54.088,1.59021,1.59078,1.10,1.80
2010.12.13 19:04:54.757,1.59024,1.59085,1.80,3.00
2010.12.13 19:04:55.396,1.59024,1.59085,4.00,2.80
2010.12.13 19:04:56.265,1.59028,1.59086,1.20,3.20
2010.12.13 19:04:56.489,1.59029,1.59073,1.50,1.40
2010.12.13 19:04:56.820,1.59019,1.59062,1.80,1.50
2010.12.13 19:04:56.927,1.59019,1.59085,1.80,1.20
2010.12.13 19:04:57.037,1.59019,1.59081,1.80,1.20
2010.12.13 19:04:57.550,1.5902,1.59086,1.50,2.70
2010.12.13 19:04:57.876,1.59021,1.59089,3.30,2.90
2010.12.13 19:04:59.138,1.59021,1.59089,1.30,2.90
2010.12.13 19:04:59.442,1.59021,1.59089,3.10,7.00
2010.12.13 19:04:59.557,1.59021,1.59089,3.30,3.10
2010.12.13 19:05:00.427,1.59023,1.59089,3.30,2.90
2010.12.13 19:05:00.757,1.59024,1.59092,1.30,1.40
2010.12.13 19:05:02.508,1.59021,1.59088,3.10,1.70
2010.12.13 19:05:03.347,1.59021,1.59088,1.50,4.50
2010.12.13 19:05:04.927,1.59016,1.59075,4.00,1.50
2010.12.13 19:05:05.670,1.59016,1.59075,4.20,1.50
2010.12.13 19:05:06.180,1.59019,1.59076,2.30,3.00
2010.12.13 19:05:06.397,1.59023,1.59081,1.70,1.20
2010.12.13 19:05:06.727,1.59023,1.59085,1.70,1.20
2010.12.13 19:05:07.470,1.59023,1.59085,1.80,3.30
2010.12.13 19:05:08.137,1.59023,1.59085,1.70,3.10
2010.12.13 19:05:09.620,1.59023,1.59085,1.80,3.70
2010.12.13 19:05:10.839,1.59023,1.59085,1.80,3.30
2010.12.13 19:05:11.319,1.59023,1.59085,1.80,1.30
2010.12.13 19:05:11.710,1.59023,1.59069,1.50,1.10
2010.12.13 19:05:11.819,1.59019,1.59059,1.20,1.50
2010.12.13 19:05:11.932,1.59001,1.59059,4.40,1.50
2010.12.13 19:05:12.039,1.59003,1.59059,1.90,1.50
2010.12.13 19:05:12.260,1.59,1.59054,1.30,3.20
2010.12.13 19:05:12.521,1.58997,1.59054,1.20,3.20
2010.12.13 19:05:12.673,1.59001,1.59054,1.50,1.50
2010.12.13 19:05:12.788,1.59001,1.59067,1.50,6.90
2010.12.13 19:05:13.013,1.59006,1.59067,2.10,2.90
2010.12.13 19:05:13.492,1.59007,1.5907,1.50,2.80
2010.12.13 19:05:14.808,1.59001,1.59067,1.50,2.90
2010.12.13 19:05:15.362,1.59001,1.59067,1.50,7.30
2010.12.13 19:05:19.698,1.58997,1.59059,2.00,1.20
2010.12.13 19:05:20.249,1.58997,1.59062,2.90,1.20
2010.12.13 19:05:25.133,1.58997,1.59065,2.90,3.60
2010.12.13 19:05:26.009,1.58999,1.59063,1.40,1.60
2010.12.13 19:05:26.507,1.58999,1.59062,1.40,1.30
2010.12.13 19:05:26.731,1.58997,1.5906,2.00,1.20
2010.12.13 19:05:26.838,1.58997,1.5906,1.70,1.50
2010.12.13 19:05:27.172,1.58997,1.5906,1.80,1.30
2010.12.13 19:05:27.288,1.58997,1.5906,1.70,1.30
2010.12.13 19:05:27.399,1.58997,1.5906,1.50,1.30
2010.12.13 19:05:28.102,1.58997,1.59061,1.60,1.20
2010.12.13 19:05:28.208,1.58998,1.59062,1.30,1.20
2010.12.13 19:05:28.319,1.59006,1.59062,1.60,1.20
2010.12.13 19:05:28.739,1.59012,1.59067,1.50,1.70
2010.12.13 19:05:29.051,1.59012,1.59066,1.50,1.50
2010.12.13 19:05:29.957,1.59012,1.59066,1.60,1.50
2010.12.13 19:05:30.298,1.59012,1.59066,1.50,1.50
2010.12.13 19:05:31.543,1.59012,1.59066,1.80,1.50
2010.12.13 19:05:32.229,1.59012,1.59066,1.50,1.50
2010.12.13 19:05:32.339,1.59012,1.59064,1.50,1.40
2010.12.13 19:05:32.705,1.59006,1.59057,1.60,1.50
2010.12.13 19:05:33.129,1.59006,1.59053,1.80,1.50
2010.12.13 19:05:33.649,1.59006,1.59053,1.50,1.50
2010.12.13 19:05:33.814,1.59006,1.59058,1.50,1.60
2010.12.13 19:05:34.972,1.59006,1.59058,1.60,1.60
2010.12.13 19:05:35.780,1.59006,1.59058,1.60,1.70
2010.12.13 19:05:36.719,1.59006,1.59058,1.60,1.60
2010.12.13 19:05:37.189,1.59011,1.5906,1.60,1.70
2010.12.13 19:05:37.313,1.59016,1.59067,1.70,1.70
2010.12.13 19:05:37.652,1.59021,1.59075,2.40,1.20
2010.12.13 19:05:38.063,1.59015,1.59064,1.70,1.50
2010.12.13 19:05:38.400,1.59005,1.59061,7.70,1.50
2010.12.13 19:05:38.792,1.59011,1.59061,1.60,1.70
2010.12.13 19:05:39.372,1.59011,1.5906,1.50,1.70
2010.12.13 19:05:39.795,1.59011,1.5906,1.60,1.70
2010.12.13 19:05:40.018,1.59002,1.59061,4.10,1.50
2010.12.13 19:05:40.753,1.59013,1.59061,1.50,1.50
2010.12.13 19:05:41.539,1.59013,1.59061,1.60,1.50
2010.12.13 19:05:41.999,1.59013,1.59061,1.70,1.50
2010.12.13 19:05:42.680,1.59013,1.59061,1.50,1.50
2010.12.13 19:05:42.788,1.59013,1.59061,1.50,1.50
2010.12.13 19:05:43.463,1.59013,1.59061,1.60,1.60
2010.12.13 19:05:43.975,1.59013,1.59061,1.60,1.50
2010.12.13 19:05:45.479,1.59013,1.59061,1.90,1.50
2010.12.13 19:05:48.379,1.59013,1.59061,1.60,1.50
2010.12.13 19:05:48.871,1.59013,1.59061,1.60,1.50
2010.12.13 19:05:50.843,1.59017,1.59068,1.10,1.20
2010.12.13 19:05:50.960,1.59015,1.59077,2.40,3.20
2010.12.13 19:05:51.290,1.59019,1.59079,1.70,5.30
2010.12.13 19:05:51.527,1.59019,1.59079,1.70,5.30
2010.12.13 19:05:51.640,1.59019,1.59079,1.50,1.70
2010.12.13 19:05:52.488,1.59019,1.59079,1.50,3.80
2010.12.13 19:05:52.850,1.59019,1.59079,1.50,3.80
2010.12.13 19:05:53.071,1.59019,1.59079,1.50,3.60
2010.12.13 19:05:53.486,1.59019,1.59079,1.80,1.70
2010.12.13 19:05:53.881,1.59021,1.59078,1.80,1.50
2010.12.13 19:05:54.129,1.59029,1.59081,1.50,2.80
2010.12.13 19:05:54.555,1.59036,1.59081,1.50,1.70
2010.12.13 19:05:54.742,1.59024,1.59082,3.20,1.70
2010.12.13 19:05:54.848,1.59024,1.59082,3.20,1.60
2010.12.13 19:05:54.960,1.59024,1.59082,3.20,1.70
2010.12.13 19:05:55.459,1.59031,1.59081,1.50,1.90
2010.12.13 19:05:55.569,1.59031,1.59081,1.50,1.70
2010.12.13 19:05:55.789,1.59031,1.59081,1.50,1.60
2010.12.13 19:05:55.900,1.59031,1.59081,1.50,1.70
2010.12.13 19:05:56.283,1.59023,1.59079,2.40,1.30
2010.12.13 19:05:56.984,1.59023,1.59079,2.50,1.20
2010.12.13 19:05:57.101,1.59015,1.59072,1.70,1.60
2010.12.13 19:05:57.698,1.59017,1.59072,1.10,1.60
2010.12.13 19:05:58.250,1.59024,1.59076,1.50,1.50
2010.12.13 19:05:58.572,1.59024,1.59075,1.50,1.70
2010.12.13 19:05:59.113,1.59024,1.59075,1.50,1.80
2010.12.13 19:05:59.444,1.59024,1.59075,1.50,1.90
2010.12.13 19:06:02.459,1.59024,1.59075,1.50,4.30
2010.12.13 19:06:05.642,1.59024,1.59075,1.50,1.80
2010.12.13 19:06:06.204,1.59027,1.59078,1.10,1.60
2010.12.13 19:06:06.431,1.59026,1.59076,1.50,1.20
2010.12.13 19:06:06.651,1.59026,1.59076,1.50,1.20
2010.12.13 19:06:07.438,1.59026,1.59079,1.50,1.70
2010.12.13 19:06:07.558,1.59026,1.59079,1.50,1.70
2010.12.13 19:06:07.779,1.59027,1.59079,1.70,1.60
2010.12.13 19:06:08.132,1.59028,1.59088,1.70,4.80
2010.12.13 19:06:08.460,1.59038,1.5909,1.50,3.90
2010.12.13 19:06:09.279,1.59038,1.59089,1.70,3.90
2010.12.13 19:06:09.862,1.59043,1.59094,1.50,2.50
2010.12.13 19:06:09.968,1.59038,1.5909,1.50,4.00
2010.12.13 19:06:10.461,1.59034,1.59087,1.70,1.80
2010.12.13 19:06:11.453,1.59034,1.59087,1.70,2.00
2010.12.13 19:06:12.941,1.59034,1.59087,1.80,2.00
2010.12.13 19:06:18.959,1.59034,1.5909,1.70,1.70
2010.12.13 19:06:19.070,1.59035,1.59092,2.40,1.30
2010.12.13 19:06:19.178,1.59035,1.59094,2.50,1.40
2010.12.13 19:06:19.289,1.59045,1.59096,1.70,1.20
2010.12.13 19:06:19.619,1.59046,1.59098,2.40,1.70
2010.12.13 19:06:20.048,1.59046,1.59104,2.40,1.50
2010.12.13 19:06:20.420,1.59046,1.59104,1.50,1.70
2010.12.13 19:06:20.529,1.59046,1.59097,1.50,1.60
2010.12.13 19:06:21.329,1.59044,1.59097,1.70,1.60
2010.12.13 19:06:21.707,1.59044,1.591,2.40,1.60
2010.12.13 19:06:21.821,1.59046,1.59105,2.50,1.30
2010.12.13 19:06:23.897,1.59046,1.59105,2.50,3.10
2010.12.13 19:06:24.377,1.59046,1.59105,2.40,3.70
2010.12.13 19:06:25.086,1.59046,1.59105,2.40,3.30
2010.12.13 19:06:25.729,1.59046,1.59105,2.40,3.70
2010.12.13 19:06:26.691,1.59046,1.59105,2.40,3.70
2010.12.13 19:06:28.448,1.59046,1.59105,2.50,3.10
2010.12.13 19:06:30.882,1.59046,1.59104,2.40,3.70
2010.12.13 19:06:31.699,1.59046,1.59104,2.40,3.30
2010.12.13 19:06:32.701,1.59046,1.59104,2.60,3.30
2010.12.13 19:06:38.135,1.59038,1.59101,3.50,1.80
2010.12.13 19:06:38.251,1.59039,1.59095,1.60,1.90
2010.12.13 19:06:38.469,1.5903,1.59092,3.20,1.70
2010.12.13 19:06:39.569,1.59029,1.59091,1.80,2.80
2010.12.13 19:06:39.891,1.59029,1.59091,1.80,2.70
2010.12.13 19:06:40.281,1.59033,1.59091,1.70,1.70
2010.12.13 19:06:40.501,1.59033,1.59091,1.80,1.60
2010.12.13 19:06:40.719,1.59036,1.59104,2.80,7.20
2010.12.13 19:06:41.298,1.59036,1.59104,2.80,7.40
2010.12.13 19:06:41.425,1.59036,1.59104,2.80,7.20
2010.12.13 19:06:42.382,1.59036,1.59104,2.80,7.40
2010.12.13 19:06:42.710,1.5906,1.59118,3.20,4.50
2010.12.13 19:06:42.820,1.59054,1.59115,1.20,4.30
2010.12.13 19:06:42.930,1.59049,1.59114,1.40,3.10
2010.12.13 19:06:43.039,1.59044,1.59112,2.10,3.30
2010.12.13 19:06:43.259,1.59045,1.59109,1.70,1.50
2010.12.13 19:06:43.571,1.59045,1.59112,1.70,3.10
2010.12.13 19:06:43.792,1.59044,1.59106,1.70,3.90
2010.12.13 19:06:44.334,1.59044,1.59106,1.50,4.00
2010.12.13 19:06:44.559,1.59036,1.59101,1.30,1.50
2010.12.13 19:06:44.822,1.59035,1.59101,2.60,1.50
2010.12.13 19:06:45.538,1.59035,1.59101,2.70,3.10
2010.12.13 19:06:46.181,1.5903,1.59086,1.20,1.60
2010.12.13 19:06:46.290,1.59024,1.59076,1.50,1.50
2010.12.13 19:06:46.618,1.59022,1.59081,1.70,1.30
2010.12.13 19:06:47.939,1.59022,1.59082,1.90,1.80
2010.12.13 19:06:48.049,1.59021,1.59081,2.30,1.60
2010.12.13 19:06:48.510,1.59028,1.59082,1.50,1.20
2010.12.13 19:06:49.093,1.59028,1.59086,1.50,2.80
2010.12.13 19:06:49.693,1.59028,1.59086,1.70,4.30
2010.12.13 19:06:52.771,1.59027,1.59082,1.80,1.80
2010.12.13 19:06:53.324,1.59023,1.59081,1.90,1.60
2010.12.13 19:06:54.785,1.59023,1.59081,1.80,1.70
2010.12.13 19:06:55.724,1.59023,1.59081,1.70,4.00
2010.12.13 19:06:56.059,1.59023,1.59081,1.90,1.70
2010.12.13 19:06:56.279,1.59023,1.59081,1.70,4.00
2010.12.13 19:06:57.421,1.59023,1.59081,2.00,1.80
2010.12.13 19:07:02.069,1.59019,1.59072,1.70,1.50
2010.12.13 19:07:03.241,1.59019,1.59072,1.50,1.60
2010.12.13 19:07:04.166,1.59019,1.59072,1.60,1.50
2010.12.13 19:07:06.493,1.59031,1.59072,1.50,1.50
2010.12.13 19:07:06.862,1.59023,1.59081,1.80,1.90
2010.12.13 19:07:12.404,1.59023,1.59081,1.70,1.60
2010.12.13 19:07:14.489,1.59023,1.59081,1.60,1.70
2010.12.13 19:07:15.940,1.59019,1.5907,2.00,1.50
2010.12.13 19:07:16.052,1.59019,1.59079,1.70,1.30
2010.12.13 19:07:16.271,1.59019,1.59079,1.70,3.10
2010.12.13 19:07:17.820,1.59023,1.59081,1.80,1.60
2010.12.13 19:07:18.197,1.59023,1.59081,1.80,1.70
2010.12.13 19:07:19.303,1.59023,1.59081,1.60,1.70
2010.12.13 19:07:19.718,1.59023,1.59081,1.60,1.70
2010.12.13 19:07:20.347,1.59025,1.59081,1.10,1.70
2010.12.13 19:07:20.463,1.59027,1.59085,8.30,1.50
2010.12.13 19:07:20.768,1.59027,1.59085,3.30,1.60
2010.12.13 19:07:21.679,1.59027,1.59082,4.50,1.50
2010.12.13 19:07:22.761,1.59028,1.59082,1.40,1.50
2010.12.13 19:07:25.676,1.59027,1.59082,4.10,1.50
2010.12.13 19:07:26.339,1.59027,1.59082,1.80,1.50
2010.12.13 19:07:26.448,1.59022,1.59082,2.00,1.70
2010.12.13 19:07:27.851,1.59022,1.59082,1.90,1.70
2010.12.13 19:07:27.967,1.59022,1.59082,1.90,1.70
2010.12.13 19:07:28.420,1.5902,1.59081,2.00,1.70
2010.12.13 19:07:29.029,1.5902,1.59079,1.80,1.30
2010.12.13 19:07:30.260,1.5902,1.59079,1.70,3.10
2010.12.13 19:07:30.706,1.5902,1.59079,1.80,1.50
2010.12.13 19:07:31.260,1.5902,1.59079,1.80,1.30
2010.12.13 19:07:34.870,1.5902,1.59079,1.70,3.10
2010.12.13 19:07:35.420,1.5902,1.59079,1.80,1.30
2010.12.13 19:07:41.269,1.5902,1.59076,1.50,1.30
2010.12.13 19:07:42.842,1.59018,1.59071,4.10,1.50
2010.12.13 19:07:46.915,1.59018,1.59071,4.50,1.50
2010.12.13 19:07:47.372,1.59027,1.59077,4.50,1.50
2010.12.13 19:07:47.664,1.59027,1.59073,4.50,1.50
2010.12.13 19:07:56.198,1.59027,1.59073,2.00,1.50
2010.12.13 19:07:56.309,1.5903,1.59081,1.10,1.50
2010.12.13 19:07:56.530,1.59036,1.59089,1.40,1.70
2010.12.13 19:07:56.958,1.59039,1.59089,1.50,1.70
2010.12.13 19:07:57.179,1.59041,1.59101,1.70,3.20
2010.12.13 19:07:57.289,1.59043,1.59101,1.10,3.00
2010.12.13 19:07:57.749,1.59051,1.591,1.70,1.60
2010.12.13 19:07:58.497,1.59051,1.591,1.70,1.60
2010.12.13 19:07:58.816,1.59051,1.591,1.70,1.70
2010.12.13 19:07:59.912,1.59051,1.59104,1.80,4.20
2010.12.13 19:08:00.460,1.59048,1.59102,1.70,1.50
2010.12.13 19:08:00.822,1.59059,1.59102,1.70,1.20
2010.12.13 19:08:00.979,1.59057,1.59102,1.70,1.20
2010.12.13 19:08:01.525,1.59048,1.5911,3.50,3.20
2010.12.13 19:08:01.749,1.59048,1.59109,4.10,1.40
2010.12.13 19:08:01.968,1.59048,1.59109,1.80,1.40
2010.12.13 19:08:02.331,1.59057,1.5911,1.10,1.50
2010.12.13 19:08:02.440,1.59062,1.59122,1.70,4.10
2010.12.13 19:08:02.558,1.59064,1.59122,1.50,1.80
2010.12.13 19:08:02.670,1.59064,1.59125,1.70,1.70
2010.12.13 19:08:03.062,1.59062,1.59124,1.50,3.90
2010.12.13 19:08:03.173,1.59056,1.59122,1.40,2.70
2010.12.13 19:08:03.292,1.59063,1.59123,1.50,1.70
2010.12.13 19:08:03.399,1.59063,1.59123,1.50,1.60
2010.12.13 19:08:03.964,1.59063,1.59123,1.70,1.60
2010.12.13 19:08:04.299,1.59062,1.59113,1.20,1.70
2010.12.13 19:08:04.771,1.59054,1.59104,2.30,1.50
2010.12.13 19:08:04.914,1.59058,1.59111,1.80,1.50
2010.12.13 19:08:05.429,1.59058,1.59118,1.80,1.30
2010.12.13 19:08:06.454,1.59057,1.59116,1.70,1.30
2010.12.13 19:08:07.480,1.59057,1.59116,1.80,3.30
2010.12.13 19:08:07.700,1.59057,1.59116,1.80,1.30
2010.12.13 19:08:07.936,1.59057,1.59119,4.10,1.30
2010.12.13 19:08:08.376,1.59057,1.59115,4.00,1.30
2010.12.13 19:08:08.599,1.59057,1.59115,1.80,1.50
2010.12.13 19:08:09.159,1.59057,1.59115,1.70,3.10
2010.12.13 19:08:09.495,1.59042,1.59091,4.10,1.50
2010.12.13 19:08:09.856,1.59041,1.59092,2.00,1.20
2010.12.13 19:08:09.970,1.59048,1.59092,1.60,1.20
2010.12.13 19:08:10.424,1.59048,1.59108,1.70,1.20
2010.12.13 19:08:10.873,1.59047,1.5911,1.70,1.30
2010.12.13 19:08:10.989,1.59047,1.5911,1.60,1.40
2010.12.13 19:08:11.372,1.59046,1.59106,1.50,1.60
2010.12.13 19:08:11.590,1.59048,1.59107,1.50,1.20
2010.12.13 19:08:11.699,1.59048,1.59109,1.70,2.40
2010.12.13 19:08:12.259,1.59048,1.59108,1.70,1.30
2010.12.13 19:08:12.479,1.59048,1.59112,1.70,1.20
2010.12.13 19:08:13.050,1.59048,1.59112,1.70,1.20
2010.12.13 19:08:13.461,1.59048,1.59112,1.70,3.10
2010.12.13 19:08:13.792,1.59048,1.59112,1.70,1.50
2010.12.13 19:08:14.750,1.59048,1.59112,1.70,3.30
2010.12.13 19:08:15.696,1.59044,1.59094,1.50,1.80
2010.12.13 19:08:16.204,1.59058,1.59098,1.50,1.20
2010.12.13 19:08:16.322,1.59053,1.59098,1.70,1.20
2010.12.13 19:08:16.628,1.59053,1.59117,1.80,1.80
2010.12.13 19:08:17.051,1.59053,1.5911,1.70,1.20
2010.12.13 19:08:17.658,1.59053,1.5911,1.70,1.20
2010.12.13 19:08:18.351,1.59053,1.5911,1.60,1.50
2010.12.13 19:08:18.695,1.59053,1.5911,1.50,1.30
2010.12.13 19:08:18.809,1.59053,1.5911,1.60,1.50
2010.12.13 19:08:19.629,1.59053,1.5911,1.60,1.50
2010.12.13 19:08:20.229,1.59047,1.59109,1.70,1.70
2010.12.13 19:08:20.449,1.59047,1.59109,1.80,1.60
2010.12.13 19:08:20.812,1.59047,1.59109,1.70,1.70
2010.12.13 19:08:21.259,1.59047,1.59105,1.80,1.20
2010.12.13 19:08:21.570,1.59046,1.59101,1.80,1.20
2010.12.13 19:08:22.142,1.59046,1.591,1.80,1.50
2010.12.13 19:08:22.782,1.59046,1.591,1.80,1.60
2010.12.13 19:08:24.460,1.59046,1.591,1.70,1.80
2010.12.13 19:08:24.680,1.59037,1.59097,1.70,1.80
2010.12.13 19:08:24.955,1.59037,1.59097,1.70,2.00
2010.12.13 19:08:25.307,1.59038,1.59104,2.40,2.50
2010.12.13 19:08:25.531,1.59038,1.59093,1.50,1.70
2010.12.13 19:08:25.843,1.59037,1.59093,1.20,1.70
2010.12.13 19:08:25.962,1.59035,1.59093,1.50,1.80
2010.12.13 19:08:26.739,1.59035,1.59093,1.60,1.60
2010.12.13 19:08:26.848,1.59035,1.59093,1.60,1.70
2010.12.13 19:08:27.302,1.59035,1.59093,1.50,2.00
2010.12.13 19:08:27.416,1.59035,1.59093,1.60,1.20
2010.12.13 19:08:27.530,1.59031,1.59088,3.20,1.50
2010.12.13 19:08:27.640,1.59031,1.59088,1.20,2.00
2010.12.13 19:08:27.749,1.59031,1.59089,1.20,1.70
2010.12.13 19:08:28.083,1.5903,1.59087,1.40,1.50
2010.12.13 19:08:28.190,1.5903,1.59087,1.20,1.70
2010.12.13 19:08:28.352,1.5903,1.59075,1.20,1.50
2010.12.13 19:08:28.569,1.59025,1.59075,1.20,1.50
2010.12.13 19:08:29.191,1.59021,1.59074,4.00,1.50
2010.12.13 19:08:29.326,1.59025,1.59083,1.80,1.80
2010.12.13 19:08:31.047,1.59025,1.59083,1.90,2.00
2010.12.13 19:08:31.666,1.59025,1.59083,1.70,4.50
2010.12.13 19:08:32.739,1.59025,1.59083,1.80,1.90
2010.12.13 19:08:32.959,1.59025,1.59083,1.80,2.00
2010.12.13 19:08:33.838,1.59025,1.59083,1.70,4.80
2010.12.13 19:08:34.956,1.59025,1.59083,1.70,4.80
2010.12.13 19:08:35.710,1.59025,1.59083,1.70,4.80
2010.12.13 19:08:37.760,1.59025,1.59083,1.70,5.10
2010.12.13 19:08:38.541,1.59025,1.59083,1.70,5.00
2010.12.13 19:08:38.871,1.59025,1.59082,1.70,3.30
2010.12.13 19:08:39.499,1.59025,1.59077,1.50,1.40
2010.12.13 19:08:39.720,1.59025,1.59076,1.50,1.60
2010.12.13 19:08:40.358,1.59024,1.5908,1.70,3.10
2010.12.13 19:08:41.900,1.59024,1.59084,1.70,4.80
2010.12.13 19:08:43.020,1.59024,1.59077,1.50,4.30
2010.12.13 19:08:45.229,1.59024,1.59077,1.50,4.80
2010.12.13 19:08:46.280,1.59015,1.59071,1.90,1.80
2010.12.13 19:08:46.722,1.59016,1.59071,1.10,1.80
2010.12.13 19:08:46.863,1.59022,1.59075,1.70,1.50
2010.12.13 19:08:48.221,1.59021,1.59074,1.70,4.00
2010.12.13 19:08:48.530,1.59021,1.59074,1.70,1.70
2010.12.13 19:08:48.655,1.59021,1.59083,1.70,7.50
2010.12.13 19:08:48.892,1.59021,1.59079,1.80,1.50
2010.12.13 19:08:48.998,1.59021,1.59079,1.80,1.70
2010.12.13 19:08:49.418,1.59022,1.59074,2.40,1.60
2010.12.13 19:08:49.530,1.59025,1.5908,1.70,1.30
2010.12.13 19:08:49.640,1.59032,1.59083,1.50,1.70
2010.12.13 19:08:50.015,1.59024,1.59083,3.20,3.40
2010.12.13 19:08:50.132,1.59027,1.59093,2.40,4.00
2010.12.13 19:08:50.239,1.59027,1.59093,2.40,4.20
2010.12.13 19:08:50.352,1.59027,1.59093,1.70,1.30
2010.12.13 19:08:50.939,1.59027,1.59092,1.70,1.20
2010.12.13 19:08:51.159,1.59027,1.59087,1.70,1.20
2010.12.13 19:08:51.767,1.59027,1.59087,1.70,1.20
2010.12.13 19:08:53.459,1.59027,1.59087,1.70,1.30
2010.12.13 19:08:53.790,1.59021,1.59076,1.20,1.60
2010.12.13 19:08:54.109,1.59014,1.59072,3.00,1.50
2010.12.13 19:08:55.779,1.59014,1.59072,3.00,1.60
2010.12.13 19:08:56.478,1.59014,1.59072,3.00,1.80
2010.12.13 19:08:56.719,1.59014,1.59072,3.00,1.60
2010.12.13 19:08:57.634,1.59014,1.59072,3.00,1.70
2010.12.13 19:08:57.751,1.59014,1.59072,3.90,1.70
2010.12.13 19:08:57.859,1.59022,1.59072,1.80,1.50
2010.12.13 19:08:58.386,1.59022,1.59081,1.70,1.30
2010.12.13 19:08:59.771,1.59022,1.59081,1.80,1.30
2010.12.13 19:09:00.938,1.59022,1.59081,1.70,3.10
2010.12.13 19:09:04.710,1.59022,1.59084,4.00,7.60
2010.12.13 19:09:05.041,1.5903,1.59083,1.70,4.00
2010.12.13 19:09:05.481,1.5903,1.59083,1.70,4.20
2010.12.13 19:09:05.802,1.5903,1.59083,1.70,4.20
2010.12.13 19:09:06.529,1.5903,1.59083,1.70,1.80
2010.12.13 19:09:07.052,1.5903,1.59083,1.70,4.20
2010.12.13 19:09:07.162,1.5903,1.59083,1.70,4.50
2010.12.13 19:09:07.306,1.5903,1.59083,1.70,4.20
2010.12.13 19:09:08.032,1.5903,1.59083,1.70,4.20
2010.12.13 19:09:08.252,1.5903,1.59083,1.70,4.50
2010.12.13 19:09:08.765,1.5903,1.59083,1.70,4.60
2010.12.13 19:09:09.222,1.5903,1.59083,1.70,1.80
2010.12.13 19:09:09.332,1.5903,1.59083,1.70,1.70
2010.12.13 19:09:09.442,1.5903,1.59083,1.70,1.80
2010.12.13 19:09:09.551,1.5903,1.59083,1.70,1.70
2010.12.13 19:09:10.143,1.59031,1.59089,1.70,1.40
2010.12.13 19:09:10.252,1.59031,1.59091,1.70,3.90
2010.12.13 19:09:11.082,1.59031,1.59083,1.70,1.70
2010.12.13 19:09:11.519,1.59031,1.59083,1.50,1.70
2010.12.13 19:09:11.632,1.59028,1.59085,1.70,2.30
2010.12.13 19:09:11.741,1.59028,1.59083,1.70,1.20
2010.12.13 19:09:12.634,1.59028,1.59084,1.80,1.20
2010.12.13 19:09:12.742,1.59028,1.59088,1.80,1.20
2010.12.13 19:09:12.945,1.59028,1.59088,1.70,1.50
2010.12.13 19:09:13.741,1.59028,1.59088,1.80,1.30
2010.12.13 19:09:13.961,1.59028,1.59088,1.70,1.30
2010.12.13 19:09:16.096,1.59028,1.59088,1.70,1.20
2010.12.13 19:09:16.214,1.59036,1.59091,1.50,1.30
2010.12.13 19:09:16.761,1.59036,1.59093,1.50,1.50
2010.12.13 19:09:17.184,1.59027,1.5909,1.80,1.30
2010.12.13 19:09:17.709,1.59027,1.59089,1.80,1.20
2010.12.13 19:09:18.186,1.59027,1.59089,4.10,1.30
2010.12.13 19:09:19.170,1.59027,1.59089,4.00,1.20
2010.12.13 19:09:20.555,1.59038,1.59097,2.10,3.10
2010.12.13 19:09:21.068,1.59038,1.59098,1.50,1.40
2010.12.13 19:09:21.200,1.59029,1.59095,1.40,1.20
2010.12.13 19:09:22.936,1.59028,1.59094,1.70,1.30
2010.12.13 19:09:23.777,1.59028,1.59094,1.70,3.10
2010.12.13 19:09:24.974,1.59028,1.59094,1.70,1.50
2010.12.13 19:09:26.503,1.59028,1.59094,1.70,3.10
2010.12.13 19:09:27.847,1.59028,1.59094,1.80,3.70
2010.12.13 19:09:28.773,1.59028,1.59094,1.80,3.30
2010.12.13 19:09:45.052,1.59028,1.59094,2.00,3.70
2010.12.13 19:09:46.752,1.59028,1.59094,2.00,3.30
2010.12.13 19:09:47.694,1.59031,1.59097,2.70,4.20
2010.12.13 19:09:48.131,1.59031,1.59098,1.50,3.80
2010.12.13 19:09:48.242,1.59032,1.59098,2.30,3.10
2010.12.13 19:09:49.052,1.59041,1.59102,1.50,3.30
2010.12.13 19:09:49.854,1.59041,1.59102,1.50,3.10
2010.12.13 19:09:50.790,1.59041,1.59102,1.60,1.60
2010.12.13 19:09:51.665,1.59041,1.59102,1.50,3.30
2010.12.13 19:09:51.942,1.59041,1.59102,1.60,1.50
2010.12.13 19:09:54.084,1.59041,1.59095,1.50,1.20
2010.12.13 19:09:54.191,1.59035,1.59093,1.50,4.00
2010.12.13 19:09:55.362,1.59033,1.59091,1.60,1.50
2010.12.13 19:09:55.992,1.59033,1.59091,1.50,3.10
2010.12.13 19:09:56.480,1.59033,1.59091,1.60,1.50
2010.12.13 19:09:59.932,1.59033,1.5908,1.60,1.20
2010.12.13 19:10:00.453,1.59033,1.5908,3.10,1.20
2010.12.13 19:10:00.671,1.59033,1.59093,3.10,1.70
2010.12.13 19:10:00.938,1.59033,1.59093,3.10,2.00
2010.12.13 19:10:01.471,1.59033,1.5909,3.30,1.30
2010.12.13 19:10:01.585,1.59033,1.5909,1.50,3.10
2010.12.13 19:10:02.991,1.59033,1.5909,1.60,1.50
2010.12.13 19:10:08.375,1.59033,1.5909,1.50,3.10
2010.12.13 19:10:08.592,1.59027,1.59081,1.80,1.60
2010.12.13 19:10:09.141,1.59023,1.59083,1.80,1.80
2010.12.13 19:10:10.812,1.59032,1.59084,1.80,1.70
2010.12.13 19:10:11.756,1.59032,1.5909,4.00,1.30
2010.12.13 19:10:12.364,1.59032,1.5909,1.70,1.30
2010.12.13 19:10:12.594,1.59032,1.59082,1.50,1.50
2010.12.13 19:10:12.702,1.59024,1.59082,3.30,2.70
2010.12.13 19:10:13.798,1.59024,1.59082,3.10,2.90
2010.12.13 19:10:14.132,1.59025,1.59082,4.00,1.50
2010.12.13 19:10:14.759,1.59025,1.59082,4.00,1.70
2010.12.13 19:10:15.523,1.59024,1.59064,1.70,1.50
2010.12.13 19:10:15.633,1.59015,1.59064,7.10,1.50
2010.12.13 19:10:15.742,1.59015,1.59068,4.20,1.70
2010.12.13 19:10:15.853,1.59014,1.59065,1.80,1.50
2010.12.13 19:10:17.849,1.59014,1.59065,4.60,1.50
2010.12.13 19:10:18.963,1.59014,1.59065,4.60,1.50
2010.12.13 19:10:20.084,1.59014,1.59065,4.00,1.50
2010.12.13 19:10:21.035,1.59009,1.59059,4.30,1.50
2010.12.13 19:10:21.462,1.59009,1.59063,4.50,1.50
2010.12.13 19:10:21.574,1.59014,1.59065,2.00,1.50
2010.12.13 19:10:21.793,1.59014,1.59065,1.70,1.60
2010.12.13 19:10:22.174,1.59014,1.59065,1.80,1.50
2010.12.13 19:10:22.503,1.59014,1.59061,1.60,1.70
2010.12.13 19:10:22.830,1.59006,1.59057,4.50,1.50
2010.12.13 19:10:23.322,1.59006,1.59057,1.80,1.70
2010.12.13 19:10:23.771,1.59006,1.59057,2.00,1.70
2010.12.13 19:10:24.847,1.59006,1.59057,4.30,1.50
2010.12.13 19:10:25.125,1.59006,1.59057,2.00,1.50
2010.12.13 19:10:30.767,1.59006,1.59057,1.80,1.70
2010.12.13 19:10:31.104,1.59006,1.59057,2.00,1.50
2010.12.13 19:10:31.213,1.59009,1.59057,1.50,1.50
2010.12.13 19:10:31.647,1.59009,1.59057,1.60,1.50
2010.12.13 19:10:31.981,1.59009,1.59057,1.60,1.70
2010.12.13 19:10:32.092,1.58999,1.59057,1.90,1.70
2010.12.13 19:10:32.689,1.58998,1.59057,4.40,1.50
2010.12.13 19:10:33.444,1.59008,1.59058,4.00,1.50
2010.12.13 19:10:34.352,1.59008,1.59058,1.80,1.50
2010.12.13 19:10:35.564,1.59008,1.59058,4.50,1.50
2010.12.13 19:10:38.872,1.59008,1.59058,4.10,1.50
2010.12.13 19:10:39.056,1.59008,1.59058,3.90,1.50
2010.12.13 19:10:40.501,1.59017,1.59058,1.10,1.50
2010.12.13 19:10:40.612,1.5902,1.59073,1.80,1.70
2010.12.13 19:10:40.831,1.5902,1.59073,2.00,1.50
2010.12.13 19:10:41.845,1.5902,1.59073,4.10,1.70
2010.12.13 19:10:43.051,1.59026,1.59073,1.80,1.50
2010.12.13 19:10:43.161,1.59026,1.59079,1.80,1.70
2010.12.13 19:10:44.553,1.59026,1.59077,1.80,1.80
2010.12.13 19:10:45.071,1.59026,1.59077,1.70,1.70
2010.12.13 19:10:45.703,1.59026,1.59077,1.70,1.70
2010.12.13 19:10:46.876,1.59026,1.59077,1.70,1.60
2010.12.13 19:10:47.103,1.59019,1.59076,1.70,4.10
2010.12.13 19:10:47.678,1.59016,1.59076,2.40,1.80
2010.12.13 19:10:47.794,1.59026,1.59077,1.50,2.70
2010.12.13 19:10:48.241,1.59026,1.59077,1.50,1.80
2010.12.13 19:10:49.316,1.59026,1.59077,1.50,1.60
2010.12.13 19:10:50.573,1.59015,1.59077,2.40,4.50
2010.12.13 19:10:51.073,1.59025,1.59078,1.50,4.20
2010.12.13 19:10:51.446,1.59017,1.59077,4.00,1.70
2010.12.13 19:10:51.562,1.59017,1.59071,1.70,1.50
2010.12.13 19:10:52.164,1.59008,1.59071,1.70,1.50
2010.12.13 19:10:52.856,1.59008,1.59071,2.00,1.50
2010.12.13 19:10:53.875,1.59008,1.59071,4.10,1.50
2010.12.13 19:10:54.716,1.59008,1.59071,2.00,1.50
2010.12.13 19:10:56.151,1.59008,1.59071,4.50,1.50
2010.12.13 19:10:57.683,1.59008,1.59071,2.00,1.50
2010.12.13 19:10:59.115,1.59008,1.59071,4.50,1.30
2010.12.13 19:11:01.532,1.59008,1.59071,1.80,1.50
2010.12.13 19:11:06.581,1.59008,1.59069,4.50,1.20
2010.12.13 19:11:06.798,1.59008,1.59069,4.10,1.30
2010.12.13 19:11:09.254,1.59008,1.5907,4.00,1.30
2010.12.13 19:11:09.473,1.59009,1.59075,7.60,1.20
2010.12.13 19:11:09.582,1.59009,1.59073,4.20,1.20
2010.12.13 19:11:09.692,1.59014,1.59069,1.60,1.50
2010.12.13 19:11:10.551,1.59011,1.59069,1.80,1.70
2010.12.13 19:11:11.002,1.59009,1.59062,1.70,1.60
2010.12.13 19:11:11.112,1.58998,1.59055,1.80,1.50
2010.12.13 19:11:11.332,1.59007,1.59067,1.90,1.70
2010.12.13 19:11:11.714,1.59009,1.59067,1.90,1.70
2010.12.13 19:11:12.016,1.59009,1.59067,1.90,1.80
2010.12.13 19:11:13.744,1.59009,1.59067,1.90,1.60
2010.12.13 19:11:14.856,1.59009,1.59067,1.90,1.70
2010.12.13 19:11:16.114,1.59013,1.59067,1.50,1.70
2010.12.13 19:11:16.332,1.59009,1.59067,2.00,1.70
2010.12.13 19:11:16.553,1.59009,1.59074,4.10,1.30
2010.12.13 19:11:16.965,1.59028,1.59076,1.50,1.30
2010.12.13 19:11:17.073,1.59028,1.5908,1.50,1.60
2010.12.13 19:11:17.430,1.59028,1.5908,1.50,3.90
2010.12.13 19:11:17.653,1.59028,1.5908,1.50,1.60
2010.12.13 19:11:19.831,1.59028,1.5908,1.60,1.60
2010.12.13 19:11:24.439,1.59028,1.5908,1.50,1.80
2010.12.13 19:11:32.136,1.59026,1.5908,1.80,1.80
2010.12.13 19:11:36.456,1.59028,1.5908,1.50,1.80
2010.12.13 19:11:38.540,1.59029,1.5908,1.10,1.50
2010.12.13 19:11:38.652,1.59034,1.59088,1.70,1.50
2010.12.13 19:11:39.181,1.59035,1.59089,1.50,2.00
2010.12.13 19:11:40.712,1.59034,1.59087,1.50,2.50
2010.12.13 19:11:41.123,1.59029,1.59081,1.50,2.00
2010.12.13 19:11:41.341,1.59029,1.59081,1.50,1.80
2010.12.13 19:11:41.671,1.59029,1.59081,1.50,2.00
2010.12.13 19:11:50.654,1.59029,1.59081,1.50,4.30
2010.12.13 19:11:56.309,1.59032,1.59081,1.50,4.30
2010.12.13 19:11:57.060,1.59033,1.59081,1.70,1.60
2010.12.13 19:11:57.261,1.59024,1.59084,1.70,1.90
2010.12.13 19:11:57.482,1.59022,1.59075,1.50,1.50
2010.12.13 19:11:58.042,1.59022,1.59075,1.50,1.60
2010.12.13 19:11:58.544,1.59022,1.59075,1.60,1.50
2010.12.13 19:11:59.837,1.59022,1.59075,1.60,1.70
2010.12.13 19:12:00.212,1.59022,1.59075,1.80,1.50
2010.12.13 19:12:01.070,1.59022,1.59075,1.80,1.70
2010.12.13 19:12:01.421,1.59022,1.59075,3.90,1.50
2010.12.13 19:12:02.723,1.59022,1.59075,1.60,1.50
2010.12.13 19:12:03.237,1.59022,1.59075,1.80,1.70
2010.12.13 19:12:05.996,1.59022,1.59075,1.60,1.70
2010.12.13 19:12:06.221,1.59022,1.59076,1.80,1.60
2010.12.13 19:12:06.378,1.59022,1.59076,1.60,1.60
2010.12.13 19:12:06.875,1.59022,1.59076,1.50,1.60
2010.12.13 19:12:07.957,1.59022,1.59076,1.60,1.80
2010.12.13 19:12:08.072,1.59022,1.59076,1.50,1.50
2010.12.13 19:12:09.785,1.59022,1.59076,1.50,1.60
2010.12.13 19:12:11.444,1.59022,1.59074,1.50,4.00
2010.12.13 19:12:11.554,1.59022,1.59074,1.50,1.70
2010.12.13 19:12:13.857,1.59022,1.59074,1.60,1.80
2010.12.13 19:12:14.646,1.59022,1.59074,1.50,4.00
2010.12.13 19:12:14.761,1.59022,1.59074,1.80,1.70
2010.12.13 19:12:14.871,1.59022,1.59074,1.50,1.70
2010.12.13 19:12:15.821,1.59022,1.59074,1.60,1.60
2010.12.13 19:12:23.504,1.59025,1.59074,1.10,1.60
2010.12.13 19:12:23.874,1.59027,1.59073,1.80,1.50
2010.12.13 19:12:24.092,1.59031,1.59084,1.70,1.60
2010.12.13 19:12:24.202,1.59031,1.59084,1.70,1.70
2010.12.13 19:12:24.580,1.59031,1.59082,1.50,1.40
2010.12.13 19:12:24.693,1.59023,1.59081,1.70,1.20
2010.12.13 19:12:26.573,1.59023,1.59081,1.50,2.60
2010.12.13 19:12:27.338,1.59013,1.59079,3.20,1.40
2010.12.13 19:12:27.833,1.59013,1.59079,1.50,3.20
2010.12.13 19:12:28.769,1.59013,1.59079,3.40,3.50
2010.12.13 19:12:29.101,1.59012,1.59078,7.40,1.50
2010.12.13 19:12:29.781,1.59012,1.59078,7.00,1.60
2010.12.13 19:12:30.084,1.59012,1.59078,7.30,1.70
2010.12.13 19:12:30.601,1.59012,1.59072,1.90,1.50
2010.12.13 19:12:30.711,1.59012,1.59072,1.60,1.70
2010.12.13 19:12:31.042,1.59012,1.59072,1.70,1.50
2010.12.13 19:12:31.179,1.59012,1.59072,1.60,1.70
2010.12.13 19:12:31.841,1.59012,1.59072,1.60,1.60
2010.12.13 19:12:32.745,1.59012,1.59072,1.50,1.60
2010.12.13 19:12:36.242,1.59016,1.59072,1.50,1.60
2010.12.13 19:12:36.622,1.59021,1.59076,1.50,1.60
2010.12.13 19:12:37.759,1.59021,1.59077,3.10,3.30
2010.12.13 19:12:38.151,1.59021,1.59077,3.00,7.80
2010.12.13 19:12:38.618,1.59021,1.59077,3.00,3.10
2010.12.13 19:12:38.739,1.59022,1.59077,1.10,3.10
2010.12.13 19:12:39.090,1.5903,1.59088,2.50,1.80
2010.12.13 19:12:39.884,1.59038,1.59097,1.50,7.90
2010.12.13 19:12:40.002,1.59029,1.59095,1.50,3.50
2010.12.13 19:12:40.116,1.59029,1.59094,1.70,1.50
2010.12.13 19:12:40.578,1.59037,1.59089,1.50,1.50
2010.12.13 19:12:41.192,1.59037,1.59089,1.70,1.70
2010.12.13 19:12:42.735,1.59037,1.59089,1.80,1.80
2010.12.13 19:12:44.252,1.59037,1.59089,1.70,4.00
2010.12.13 19:12:44.393,1.59037,1.59089,1.70,1.70
2010.12.13 19:12:45.799,1.59037,1.59089,1.70,4.00
2010.12.13 19:12:46.180,1.59037,1.59089,1.70,1.70
2010.12.13 19:12:46.350,1.59037,1.59089,1.70,4.00
2010.12.13 19:12:46.598,1.59037,1.59089,1.70,1.70
2010.12.13 19:12:50.743,1.59038,1.59093,1.80,1.50
2010.12.13 19:12:51.263,1.59037,1.59093,3.20,1.70
2010.12.13 19:12:56.483,1.59037,1.59089,1.70,4.20
2010.12.13 19:12:56.803,1.59037,1.59089,4.00,1.60
2010.12.13 19:12:56.913,1.59037,1.59089,1.70,1.70
2010.12.13 19:12:57.752,1.59037,1.59089,1.70,1.60
2010.12.13 19:12:58.175,1.59037,1.59089,1.70,1.70
2010.12.13 19:12:58.771,1.5904,1.59093,1.70,4.10
2010.12.13 19:13:05.191,1.59039,1.59093,1.70,4.00
2010.12.13 19:13:06.572,1.59039,1.59093,1.70,1.70
2010.12.13 19:13:12.314,1.59039,1.59089,2.40,1.70
2010.12.13 19:13:12.645,1.59039,1.59098,2.60,1.50
2010.12.13 19:13:12.752,1.59042,1.591,1.10,1.80
2010.12.13 19:13:12.863,1.59048,1.59102,1.80,3.10
2010.12.13 19:13:13.275,1.59049,1.59106,3.20,1.20
2010.12.13 19:13:14.215,1.59049,1.59109,3.20,6.90
2010.12.13 19:13:16.121,1.59049,1.59109,3.30,3.00
2010.12.13 19:13:17.277,1.59049,1.59109,3.20,7.10
2010.12.13 19:13:18.292,1.59049,1.59109,3.00,7.50
2010.12.13 19:13:18.665,1.59049,1.59109,3.20,3.00
2010.12.13 19:13:18.995,1.59049,1.59106,3.20,1.30
2010.12.13 19:13:19.542,1.59048,1.59102,1.70,1.50
2010.12.13 19:13:20.755,1.59049,1.59102,1.80,1.60
2010.12.13 19:13:21.471,1.59048,1.59102,2.40,3.00
2010.12.13 19:13:22.000,1.5905,1.59108,1.10,3.10
2010.12.13 19:13:22.566,1.59053,1.59101,1.10,1.60
2010.12.13 19:13:22.712,1.5905,1.59105,3.20,1.20
2010.12.13 19:13:23.042,1.5905,1.59108,3.20,2.70
2010.12.13 19:13:23.435,1.5905,1.59106,3.20,1.20
2010.12.13 19:13:23.805,1.5905,1.59106,3.20,1.20
2010.12.13 19:13:24.161,1.5905,1.59106,3.20,1.30
2010.12.13 19:13:24.898,1.59049,1.591,1.70,1.70
2010.12.13 19:13:25.231,1.59049,1.591,2.40,1.60
2010.12.13 19:13:25.803,1.5905,1.59106,1.70,1.60
2010.12.13 19:13:26.547,1.5905,1.59106,1.70,1.60
2010.12.13 19:13:27.381,1.5905,1.59103,1.70,1.50
2010.12.13 19:13:28.185,1.5905,1.59103,4.00,1.50
2010.12.13 19:13:28.685,1.5905,1.59103,4.20,1.50
2010.12.13 19:13:28.801,1.5905,1.59106,4.20,1.50
2010.12.13 19:13:30.782,1.5905,1.59106,4.10,1.50
2010.12.13 19:13:30.892,1.5905,1.59106,4.00,1.60
2010.12.13 19:13:31.551,1.5905,1.59106,1.70,1.50
2010.12.13 19:13:32.614,1.5905,1.59106,4.10,1.50
2010.12.13 19:13:32.845,1.5905,1.59106,1.70,1.60
2010.12.13 19:13:33.061,1.5905,1.59106,4.00,1.50
2010.12.13 19:13:33.601,1.5905,1.59106,4.00,1.60
2010.12.13 19:13:34.221,1.5905,1.59103,4.50,1.50
2010.12.13 19:13:34.331,1.5905,1.59103,4.10,1.70
2010.12.13 19:13:35.761,1.5905,1.59103,4.10,1.50
2010.12.13 19:13:37.981,1.59058,1.59118,1.50,4.20
2010.12.13 19:13:38.091,1.59058,1.59118,1.80,1.50
2010.12.13 19:13:38.403,1.59052,1.59106,3.80,1.50
2010.12.13 19:13:39.559,1.59051,1.59106,4.20,1.50
2010.12.13 19:13:40.446,1.59051,1.59106,4.20,1.50
2010.12.13 19:13:41.262,1.59051,1.59106,4.00,1.60
2010.12.13 19:13:43.730,1.59051,1.59106,4.10,1.50
2010.12.13 19:13:49.340,1.59051,1.59106,1.80,1.70
2010.12.13 19:13:53.552,1.59051,1.59106,4.00,1.60
2010.12.13 19:13:55.748,1.59051,1.59106,1.70,1.70
2010.12.13 19:13:56.841,1.59051,1.59106,4.00,1.60
2010.12.13 19:13:59.133,1.59051,1.59106,1.70,1.70
2010.12.13 19:13:59.500,1.59051,1.59106,1.70,1.60
2010.12.13 19:14:00.744,1.59051,1.59094,1.50,1.50
2010.12.13 19:14:00.854,1.5904,1.59094,1.80,1.50
2010.12.13 19:14:00.961,1.5904,1.59098,3.30,1.70
2010.12.13 19:14:01.799,1.59041,1.59098,1.80,1.60
2010.12.13 19:14:03.220,1.59041,1.59098,4.00,1.70
2010.12.13 19:14:03.331,1.59041,1.59098,1.70,1.60
2010.12.13 19:14:04.011,1.59032,1.59093,4.10,1.60
2010.12.13 19:14:04.896,1.59041,1.59098,1.60,1.70
2010.12.13 19:14:07.790,1.59041,1.59098,1.80,1.80
2010.12.13 19:14:11.062,1.59041,1.59098,4.30,1.60
2010.12.13 19:14:19.846,1.59041,1.59094,4.30,1.50
2010.12.13 19:14:20.177,1.59041,1.59098,4.20,1.60
2010.12.13 19:14:20.295,1.59043,1.59097,1.70,1.60
2010.12.13 19:14:20.689,1.59051,1.59105,1.50,1.20
2010.12.13 19:14:21.447,1.59052,1.59106,1.50,2.40
2010.12.13 19:14:21.562,1.59043,1.59095,2.00,1.50
2010.12.13 19:14:22.050,1.59046,1.59104,1.80,1.80
2010.12.13 19:14:22.161,1.59046,1.59104,1.90,4.30
2010.12.13 19:14:22.863,1.59046,1.59104,1.90,1.80
2010.12.13 19:14:23.898,1.59046,1.59104,4.50,1.80
2010.12.13 19:14:24.696,1.59046,1.59104,2.00,1.90
2010.12.13 19:14:25.414,1.59046,1.59104,4.80,1.70
2010.12.13 19:14:26.021,1.59054,1.59105,1.70,1.50
2010.12.13 19:14:26.876,1.59054,1.59106,1.70,1.50
2010.12.13 19:14:27.521,1.59052,1.59106,1.60,1.50
2010.12.13 19:14:27.984,1.59049,1.59104,3.00,1.50
2010.12.13 19:14:28.377,1.59049,1.59103,1.20,1.80
2010.12.13 19:14:28.490,1.59049,1.59103,1.30,2.00
2010.12.13 19:14:28.603,1.59047,1.59103,1.90,1.80
2010.12.13 19:14:28.825,1.59047,1.59099,1.90,1.50
2010.12.13 19:14:29.039,1.59047,1.59099,1.90,1.60
2010.12.13 19:14:29.690,1.59047,1.59099,1.90,1.50
2010.12.13 19:14:30.138,1.59047,1.59103,2.00,1.80
2010.12.13 19:14:30.473,1.59047,1.591,2.00,1.70
2010.12.13 19:14:30.810,1.59047,1.591,2.00,1.80
2010.12.13 19:14:31.161,1.59047,1.59103,2.00,1.80
2010.12.13 19:14:31.453,1.59047,1.59103,1.90,1.90
2010.12.13 19:14:33.848,1.59047,1.59103,2.00,1.80
2010.12.13 19:14:34.330,1.59047,1.59103,1.90,1.90
2010.12.13 19:14:35.762,1.59047,1.59099,2.00,1.60
2010.12.13 19:14:37.866,1.59047,1.59099,1.90,1.60
2010.12.13 19:14:38.376,1.5905,1.59099,1.50,1.50
2010.12.13 19:14:38.845,1.59047,1.59099,1.90,1.50
2010.12.13 19:14:39.451,1.59047,1.59099,1.90,1.50
2010.12.13 19:14:40.444,1.59047,1.59099,4.50,1.50
2010.12.13 19:14:46.321,1.59047,1.59103,4.50,1.80
2010.12.13 19:14:46.549,1.59047,1.59103,2.00,1.90
2010.12.13 19:14:46.660,1.59047,1.59099,4.80,1.50
2010.12.13 19:14:47.012,1.59047,1.59099,2.00,1.50
2010.12.13 19:14:47.841,1.59047,1.59099,4.80,1.50
2010.12.13 19:14:49.311,1.59047,1.59103,4.80,1.90
2010.12.13 19:14:49.422,1.59047,1.59103,2.00,1.90
2010.12.13 19:14:50.490,1.59047,1.59103,2.00,1.70
2010.12.13 19:14:50.601,1.59047,1.59103,4.40,1.50
2010.12.13 19:14:52.811,1.5905,1.59103,4.40,1.50
2010.12.13 19:15:00.640,1.5905,1.59101,4.40,1.50
2010.12.13 19:15:01.002,1.5905,1.59095,4.00,1.50
2010.12.13 19:15:01.943,1.5905,1.59095,4.10,1.50
2010.12.13 19:15:02.443,1.59042,1.59096,4.10,1.50
2010.12.13 19:15:03.374,1.59042,1.59096,1.80,1.50
2010.12.13 19:15:04.354,1.59043,1.59093,1.80,1.50
2010.12.13 19:15:04.954,1.59048,1.591,1.50,1.60
2010.12.13 19:15:05.173,1.59048,1.591,1.60,1.50
2010.12.13 19:15:05.742,1.59038,1.59096,2.00,1.50
2010.12.13 19:15:06.371,1.59038,1.59096,1.60,1.70
2010.12.13 19:15:06.972,1.59038,1.59096,1.80,1.60
2010.12.13 19:15:07.741,1.59038,1.59096,1.80,1.70
2010.12.13 19:15:15.434,1.59038,1.59096,1.60,1.70
2010.12.13 19:15:15.871,1.59038,1.59096,2.00,1.70
2010.12.13 19:15:16.703,1.59038,1.59096,1.80,1.70
2010.12.13 19:15:18.261,1.59038,1.59096,1.70,1.70
2010.12.13 19:15:19.133,1.59038,1.59096,1.50,1.80
2010.12.13 19:15:21.032,1.59038,1.59096,1.80,1.70
2010.12.13 19:15:22.527,1.59041,1.591,1.70,1.70
2010.12.13 19:15:23.160,1.59041,1.591,1.60,4.00
2010.12.13 19:15:23.484,1.59041,1.591,1.70,1.70
2010.12.13 19:15:24.801,1.59033,1.59099,4.10,5.90
2010.12.13 19:15:25.444,1.59033,1.59097,4.50,1.30
2010.12.13 19:15:26.681,1.59026,1.59087,3.60,1.60
2010.12.13 19:15:27.785,1.59026,1.59087,3.30,1.60
2010.12.13 19:15:29.850,1.59025,1.59087,10.80,1.50
2010.12.13 19:15:30.410,1.59025,1.59087,10.60,1.60
2010.12.13 19:15:30.524,1.59027,1.5909,2.80,1.30
2010.12.13 19:15:30.634,1.59027,1.59092,3.20,1.20
2010.12.13 19:15:31.210,1.59033,1.59098,4.10,1.50
2010.12.13 19:15:32.741,1.59033,1.59096,4.40,1.20
2010.12.13 19:15:33.696,1.59033,1.59096,4.60,1.20
2010.12.13 19:15:33.843,1.59033,1.59096,1.70,1.30
2010.12.13 19:15:34.427,1.59025,1.59087,8.10,1.50
2010.12.13 19:15:34.962,1.59026,1.59087,1.40,1.50
2010.12.13 19:15:35.300,1.59025,1.59087,8.10,1.70
2010.12.13 19:15:35.751,1.59025,1.59087,8.40,1.50
2010.12.13 19:15:36.010,1.59025,1.59087,8.10,1.60
2010.12.13 19:15:36.369,1.59026,1.59087,1.40,1.70
2010.12.13 19:15:36.483,1.59025,1.59087,8.10,1.60
2010.12.13 19:15:36.913,1.59025,1.59087,8.40,1.60
2010.12.13 19:15:37.293,1.59025,1.59087,8.10,1.70
2010.12.13 19:15:37.511,1.59025,1.59087,8.40,1.50
2010.12.13 19:15:37.621,1.59025,1.59087,8.40,1.60
2010.12.13 19:15:37.952,1.59025,1.59087,8.10,1.70
2010.12.13 19:15:38.535,1.59025,1.59087,8.40,1.50
2010.12.13 19:15:38.872,1.59033,1.59096,4.00,1.20
2010.12.13 19:15:39.313,1.59033,1.59096,1.80,1.30
2010.12.13 19:15:40.163,1.59033,1.59095,4.00,1.30
2010.12.13 19:15:41.722,1.59033,1.59095,4.50,1.20
2010.12.13 19:15:42.091,1.59033,1.59097,4.00,1.30
2010.12.13 19:15:42.202,1.59033,1.59095,4.50,1.30
2010.12.13 19:15:42.582,1.59033,1.59095,4.50,1.20
2010.12.13 19:15:44.070,1.59033,1.59095,4.10,1.30
2010.12.13 19:15:44.730,1.59033,1.59096,2.00,1.50
2010.12.13 19:15:44.840,1.59033,1.59096,4.50,1.30
2010.12.13 19:15:45.932,1.59033,1.59097,4.50,1.30
2010.12.13 19:15:46.375,1.59033,1.59097,4.00,1.30
2010.12.13 19:15:47.214,1.59033,1.59094,2.00,1.50
2010.12.13 19:15:48.142,1.59033,1.59094,1.70,3.10
2010.12.13 19:15:48.470,1.59033,1.59094,2.00,1.50
2010.12.13 19:15:48.589,1.59033,1.59094,1.80,3.30
2010.12.13 19:15:49.261,1.59033,1.5909,1.80,1.70
2010.12.13 19:15:49.746,1.59033,1.5909,1.70,1.70
2010.12.13 19:15:49.970,1.59033,1.5909,2.00,1.70
2010.12.13 19:15:50.492,1.59033,1.5909,1.80,1.80
2010.12.13 19:15:51.113,1.59033,1.59077,1.50,1.50
2010.12.13 19:15:51.220,1.59024,1.59077,1.70,1.50
2010.12.13 19:15:52.032,1.59026,1.5908,1.70,1.60
2010.12.13 19:15:52.481,1.59026,1.59087,1.70,3.30
2010.12.13 19:15:52.598,1.59024,1.59078,1.50,1.80
2010.12.13 19:15:53.834,1.59024,1.59078,1.50,4.00
2010.12.13 19:15:55.803,1.59024,1.59078,1.50,1.80
2010.12.13 19:16:00.729,1.59024,1.59078,1.50,1.70
2010.12.13 19:16:01.070,1.59024,1.59078,1.50,4.00
2010.12.13 19:16:01.702,1.59024,1.59078,1.50,1.70
2010.12.13 19:16:04.164,1.59024,1.59078,1.50,1.80
2010.12.13 19:16:04.285,1.59024,1.59078,1.50,1.70
2010.12.13 19:16:04.982,1.59024,1.59078,1.50,1.80
2010.12.13 19:16:06.548,1.59024,1.59078,1.50,4.20
2010.12.13 19:16:06.661,1.59025,1.59081,1.50,1.70
2010.12.13 19:16:08.200,1.59017,1.59078,3.20,1.70
2010.12.13 19:16:09.853,1.59016,1.59078,4.00,4.00
2010.12.13 19:16:12.541,1.59016,1.59078,1.60,5.10
2010.12.13 19:16:12.860,1.59023,1.59081,1.60,1.80
2010.12.13 19:16:13.816,1.59023,1.59081,1.50,4.20
2010.12.13 19:16:15.841,1.59023,1.5908,1.60,1.50
2010.12.13 19:16:17.996,1.59023,1.5908,1.50,3.30
2010.12.13 19:16:30.332,1.59014,1.5907,1.70,1.50
2010.12.13 19:16:30.882,1.59012,1.5907,1.70,1.20
2010.12.13 19:16:31.428,1.59012,1.5907,1.70,1.50
2010.12.13 19:16:32.561,1.59012,1.59073,1.70,1.30
2010.12.13 19:16:32.889,1.59012,1.59073,1.70,1.20
2010.12.13 19:16:33.250,1.59012,1.59073,1.80,1.50
2010.12.13 19:16:34.727,1.59012,1.59073,1.80,1.30
2010.12.13 19:16:35.385,1.59012,1.59073,1.60,1.30
2010.12.13 19:16:36.774,1.59012,1.59073,1.50,1.30
2010.12.13 19:16:37.065,1.59012,1.59073,1.50,1.20
2010.12.13 19:16:37.972,1.59012,1.59073,1.80,1.20
2010.12.13 19:16:38.301,1.59012,1.59071,1.60,1.20
2010.12.13 19:16:38.682,1.59017,1.59072,1.90,1.50
2010.12.13 19:16:40.728,1.59017,1.59072,1.90,1.20
2010.12.13 19:16:41.552,1.59017,1.59066,1.90,1.20
2010.12.13 19:16:41.992,1.59017,1.59066,1.90,1.30
2010.12.13 19:16:42.457,1.59017,1.59066,1.90,1.30
2010.12.13 19:16:42.795,1.59017,1.59066,1.90,1.20
2010.12.13 19:16:43.156,1.59017,1.59072,1.90,1.40
2010.12.13 19:16:43.372,1.59017,1.59066,1.90,1.20
2010.12.13 19:16:43.593,1.59017,1.59072,1.90,1.20
2010.12.13 19:16:43.702,1.59017,1.59069,1.90,1.80
2010.12.13 19:16:44.144,1.59017,1.59073,1.90,1.20
2010.12.13 19:16:44.252,1.59017,1.59073,1.90,1.50
2010.12.13 19:16:44.805,1.59017,1.59066,1.90,1.20
2010.12.13 19:16:44.912,1.59017,1.59073,1.90,1.30
2010.12.13 19:16:45.291,1.59017,1.59067,1.90,1.30
2010.12.13 19:16:45.815,1.59017,1.59073,1.90,1.20
2010.12.13 19:16:45.922,1.59017,1.59073,1.90,1.50
2010.12.13 19:16:46.418,1.59017,1.59072,1.90,1.20
2010.12.13 19:16:46.531,1.59017,1.59072,1.90,1.30
2010.12.13 19:16:46.752,1.59017,1.59072,1.90,1.40
2010.12.13 19:16:46.864,1.59017,1.59066,1.90,1.20
2010.12.13 19:16:47.082,1.59017,1.59073,2.10,1.20
2010.12.13 19:16:47.290,1.59017,1.59067,2.10,1.50
2010.12.13 19:16:47.621,1.59017,1.59074,2.00,1.20
2010.12.13 19:16:48.024,1.59017,1.5907,1.90,1.50
2010.12.13 19:16:48.567,1.59017,1.59073,2.00,1.20
2010.12.13 19:16:48.793,1.59017,1.59073,1.90,1.50
2010.12.13 19:16:49.127,1.59017,1.59073,2.00,1.20
2010.12.13 19:16:49.621,1.59017,1.59068,1.90,1.20
2010.12.13 19:16:50.168,1.59017,1.59074,1.90,1.20
2010.12.13 19:16:50.282,1.59017,1.59068,1.90,1.50
2010.12.13 19:16:50.618,1.59017,1.59074,1.90,1.20
2010.12.13 19:16:50.732,1.59017,1.59067,1.90,1.50
2010.12.13 19:16:51.062,1.59017,1.59054,1.90,1.50
2010.12.13 19:16:51.605,1.59001,1.59054,1.60,1.50
2010.12.13 19:16:51.729,1.5901,1.5906,1.70,1.20
2010.12.13 19:16:51.844,1.5901,1.5906,1.80,1.20
2010.12.13 19:16:51.956,1.59016,1.59068,1.80,1.50
2010.12.13 19:16:52.072,1.59016,1.59074,1.80,1.30
2010.12.13 19:16:52.555,1.59024,1.59074,1.70,1.30
2010.12.13 19:16:52.783,1.59025,1.59083,1.50,1.60
2010.12.13 19:16:52.894,1.59025,1.59083,1.50,3.00
2010.12.13 19:16:53.818,1.59025,1.59083,1.50,2.80
2010.12.13 19:16:54.153,1.59025,1.59083,1.50,6.90
2010.12.13 19:16:54.264,1.59025,1.5908,1.50,1.60
2010.12.13 19:16:54.532,1.59025,1.5908,1.50,4.10
2010.12.13 19:16:54.643,1.59023,1.59081,1.50,7.00
2010.12.13 19:16:54.754,1.59016,1.59067,1.90,1.20
2010.12.13 19:16:55.196,1.59016,1.59073,1.80,1.20
2010.12.13 19:16:55.534,1.59016,1.59073,1.90,1.40
2010.12.13 19:16:56.216,1.59016,1.59074,2.10,1.20
2010.12.13 19:16:58.870,1.59016,1.59074,2.00,1.20
2010.12.13 19:17:01.804,1.59016,1.59071,2.00,1.20
2010.12.13 19:17:02.049,1.59016,1.59073,2.00,1.30
2010.12.13 19:17:02.163,1.59025,1.5908,1.50,1.80
2010.12.13 19:17:02.273,1.59025,1.59081,1.50,1.20
2010.12.13 19:17:02.933,1.59025,1.59082,1.50,1.20
2010.12.13 19:17:03.876,1.59025,1.59082,1.80,1.50
2010.12.13 19:17:09.141,1.59025,1.59082,3.90,1.20
2010.12.13 19:17:09.821,1.59025,1.59082,1.60,1.30
2010.12.13 19:17:10.193,1.59025,1.59083,3.90,1.20
2010.12.13 19:17:10.502,1.59025,1.59083,1.60,1.30
2010.12.13 19:17:10.920,1.59025,1.59083,3.90,1.20
2010.12.13 19:17:11.532,1.59025,1.59084,1.50,2.60
2010.12.13 19:17:11.642,1.59017,1.59069,4.80,1.50
2010.12.13 19:17:12.058,1.59017,1.59067,4.80,1.50
2010.12.13 19:17:12.544,1.59017,1.59068,1.90,1.50
2010.12.13 19:17:13.784,1.59009,1.59068,4.30,1.70
2010.12.13 19:17:14.638,1.59009,1.59068,4.20,1.70
2010.12.13 19:17:15.740,1.59009,1.59068,2.10,1.70
2010.12.13 19:17:16.781,1.59009,1.59068,3.50,1.80
2010.12.13 19:17:16.891,1.59009,1.59068,8.10,1.70
2010.12.13 19:17:18.038,1.59009,1.59055,1.90,1.50
2010.12.13 19:17:18.157,1.59009,1.59065,1.90,1.60
2010.12.13 19:17:18.280,1.59009,1.59065,3.30,1.90
2010.12.13 19:17:18.682,1.59009,1.59065,1.90,4.10
2010.12.13 19:17:24.959,1.59009,1.59065,1.90,4.30
2010.12.13 19:17:25.292,1.59012,1.59067,2.00,1.30
2010.12.13 19:17:25.753,1.59017,1.59069,1.20,1.20
2010.12.13 19:17:26.547,1.59021,1.59082,1.50,2.50
2010.12.13 19:17:27.745,1.59021,1.59085,1.50,1.90
2010.12.13 19:17:27.852,1.59032,1.59085,1.50,1.70
2010.12.13 19:17:28.411,1.59032,1.59085,1.50,1.80
2010.12.13 19:17:30.044,1.59032,1.59077,1.50,1.60
2010.12.13 19:17:30.153,1.5902,1.59077,1.50,1.60
2010.12.13 19:17:30.262,1.5902,1.59077,1.80,2.80
2010.12.13 19:17:30.603,1.5902,1.59078,1.50,1.70
2010.12.13 19:17:31.856,1.5902,1.59078,1.50,1.80
2010.12.13 19:17:32.266,1.5902,1.59078,1.60,2.00
2010.12.13 19:17:32.934,1.5902,1.59078,1.60,1.80
2010.12.13 19:17:33.603,1.5902,1.59078,3.00,1.80
2010.12.13 19:17:33.954,1.5902,1.59078,2.90,1.80
2010.12.13 19:17:34.983,1.5902,1.59078,3.00,1.80
2010.12.13 19:17:36.123,1.5902,1.5908,6.60,1.70
2010.12.13 19:17:36.783,1.59028,1.59082,1.70,1.30
2010.12.13 19:17:36.892,1.59035,1.59087,1.50,1.80
2010.12.13 19:17:37.453,1.59034,1.59078,1.50,1.70
2010.12.13 19:17:38.628,1.59034,1.59078,1.50,1.70
2010.12.13 19:17:39.012,1.59034,1.59078,1.50,1.70
2010.12.13 19:17:39.224,1.59034,1.59078,1.50,1.70
2010.12.13 19:17:39.335,1.59028,1.59078,2.00,1.70
2010.12.13 19:17:40.710,1.59028,1.59078,2.10,1.50
2010.12.13 19:17:43.767,1.59028,1.59078,2.10,1.50
2010.12.13 19:17:46.103,1.59028,1.59078,2.00,1.60
2010.12.13 19:17:50.296,1.59028,1.59078,2.10,1.50
2010.12.13 19:17:50.845,1.59028,1.59078,1.90,1.50
2010.12.13 19:17:52.980,1.59028,1.59078,2.90,1.50
2010.12.13 19:17:53.203,1.59033,1.5909,1.70,1.50
2010.12.13 19:17:53.601,1.59047,1.59093,1.50,2.00
2010.12.13 19:17:53.725,1.59042,1.59103,1.40,4.50
2010.12.13 19:17:53.841,1.59042,1.59097,1.40,1.50
2010.12.13 19:17:54.404,1.59041,1.59097,3.50,1.50
2010.12.13 19:17:54.514,1.59041,1.59097,3.20,1.50
2010.12.13 19:17:54.733,1.59048,1.59097,1.70,1.50
2010.12.13 19:17:55.082,1.59048,1.59105,2.00,3.30
2010.12.13 19:17:55.412,1.59056,1.59109,1.70,4.20
2010.12.13 19:17:56.048,1.59056,1.59112,3.20,4.60
2010.12.13 19:17:56.165,1.59055,1.59111,1.70,4.20
2010.12.13 19:17:56.275,1.59063,1.59115,1.70,3.10
2010.12.13 19:17:57.821,1.59063,1.59117,1.70,1.20
2010.12.13 19:17:58.831,1.59063,1.5912,1.70,3.70
2010.12.13 19:18:00.203,1.59063,1.5912,1.50,3.70
2010.12.13 19:18:00.315,1.59056,1.59116,1.70,3.30
2010.12.13 19:18:00.422,1.59053,1.59116,1.70,3.30
2010.12.13 19:18:00.756,1.59066,1.59096,1.70,1.50
2010.12.13 19:18:01.085,1.59066,1.59105,1.70,1.50
2010.12.13 19:18:01.196,1.59058,1.59116,1.80,2.80
2010.12.13 19:18:01.322,1.59058,1.59116,1.80,3.00
2010.12.13 19:18:01.849,1.59058,1.59116,2.00,2.70
2010.12.13 19:18:01.994,1.59067,1.59117,1.50,1.70
2010.12.13 19:18:02.482,1.59067,1.59117,1.50,1.70
2010.12.13 19:18:03.451,1.59067,1.59117,1.50,1.80
2010.12.13 19:18:04.774,1.59067,1.59117,1.50,1.70
2010.12.13 19:18:05.360,1.59067,1.59117,1.50,1.80
2010.12.13 19:18:05.471,1.59067,1.59117,1.60,1.80
2010.12.13 19:18:06.234,1.59067,1.59117,1.50,1.60
2010.12.13 19:18:06.343,1.59067,1.59117,1.50,1.60
2010.12.13 19:18:06.569,1.59067,1.59117,1.50,1.60
2010.12.13 19:18:07.078,1.59067,1.59117,1.50,1.70
2010.12.13 19:18:07.856,1.59073,1.5913,1.80,1.30
2010.12.13 19:18:08.174,1.59073,1.5913,1.80,1.20
2010.12.13 19:18:08.282,1.59073,1.5913,1.80,1.30
2010.12.13 19:18:15.975,1.59067,1.5912,1.90,1.60
2010.12.13 19:18:16.532,1.59067,1.5912,1.80,1.70
2010.12.13 19:18:16.872,1.59067,1.5912,1.80,4.00
2010.12.13 19:18:17.585,1.59067,1.5912,1.80,4.00
2010.12.13 19:18:18.304,1.59064,1.59114,1.20,1.60
2010.12.13 19:18:18.742,1.59067,1.59119,2.00,4.20
2010.12.13 19:18:22.663,1.59067,1.59119,1.70,4.20
2010.12.13 19:18:22.878,1.59067,1.59119,2.00,4.20
2010.12.13 19:18:25.085,1.5907,1.59119,1.80,1.80
2010.12.13 19:18:25.303,1.5907,1.59119,1.80,4.00
2010.12.13 19:18:28.170,1.5907,1.59119,1.80,1.70
2010.12.13 19:18:28.452,1.5907,1.59119,1.80,1.70
2010.12.13 19:18:30.243,1.5907,1.59119,1.80,1.80
2010.12.13 19:18:30.980,1.5907,1.59119,1.80,1.80
2010.12.13 19:18:31.312,1.5907,1.59119,1.80,4.20
2010.12.13 19:18:31.421,1.5907,1.59119,1.80,1.80
2010.12.13 19:18:35.526,1.5907,1.59119,1.50,1.80
2010.12.13 19:18:35.997,1.59078,1.59126,1.50,4.30
2010.12.13 19:18:36.338,1.59077,1.59126,1.70,4.00
2010.12.13 19:18:36.454,1.59077,1.59126,1.70,1.70
2010.12.13 19:18:37.693,1.59077,1.59126,1.70,4.20
2010.12.13 19:18:38.893,1.59077,1.59126,1.70,1.70
2010.12.13 19:18:39.443,1.59077,1.59126,1.70,4.00
2010.12.13 19:18:40.933,1.59077,1.5912,1.50,1.60
2010.12.13 19:18:41.042,1.59069,1.5912,2.00,1.60
2010.12.13 19:18:41.404,1.59078,1.59126,1.50,4.20
2010.12.13 19:18:42.343,1.59078,1.59126,1.50,4.00
2010.12.13 19:18:43.397,1.59078,1.59126,1.50,1.80
2010.12.13 19:18:44.691,1.59078,1.59126,1.50,4.20
2010.12.13 19:18:51.560,1.59078,1.59126,1.50,4.20
2010.12.13 19:18:51.675,1.59078,1.59126,1.50,1.80
2010.12.13 19:18:52.025,1.59078,1.59126,1.50,1.80
2010.12.13 19:18:52.132,1.5907,1.5912,1.80,1.50
2010.12.13 19:18:52.566,1.59077,1.59126,1.70,1.70
2010.12.13 19:18:52.891,1.59077,1.59126,1.70,1.50
2010.12.13 19:18:53.003,1.59077,1.59126,1.70,1.60
2010.12.13 19:18:53.325,1.59077,1.59126,1.70,1.70
2010.12.13 19:18:53.544,1.5907,1.59119,1.50,1.60
2010.12.13 19:18:54.808,1.5907,1.59119,1.80,1.70
2010.12.13 19:18:55.596,1.5907,1.59119,1.90,1.60
2010.12.13 19:18:56.158,1.5907,1.59119,1.80,1.80
2010.12.13 19:18:56.893,1.5907,1.59119,1.80,1.60
2010.12.13 19:18:57.379,1.5907,1.59119,1.80,1.70
2010.12.13 19:18:58.406,1.5907,1.59119,2.00,1.70
2010.12.13 19:18:59.454,1.5907,1.59119,1.80,1.70
2010.12.13 19:19:02.666,1.5907,1.59119,1.90,1.60
2010.12.13 19:19:03.085,1.5907,1.59119,1.80,1.70
2010.12.13 19:19:04.482,1.59073,1.59119,1.50,1.70
2010.12.13 19:19:05.826,1.59073,1.59119,1.50,1.70
2010.12.13 19:19:11.901,1.59069,1.59119,2.00,1.70
2010.12.13 19:19:12.377,1.59069,1.59119,1.80,1.60
2010.12.13 19:19:12.547,1.59069,1.59119,1.90,1.60
2010.12.13 19:19:13.846,1.59069,1.59119,1.90,1.60
2010.12.13 19:19:14.322,1.59074,1.59119,1.50,1.60
2010.12.13 19:19:15.742,1.59074,1.59123,2.40,1.70
2010.12.13 19:19:15.854,1.59081,1.59123,1.50,1.50
2010.12.13 19:19:16.067,1.59081,1.59133,1.50,1.50
2010.12.13 19:19:16.188,1.59081,1.59139,1.70,1.30
2010.12.13 19:19:16.302,1.59081,1.59142,1.70,4.00
2010.12.13 19:19:16.413,1.59082,1.59145,1.70,3.60
2010.12.13 19:19:16.964,1.59082,1.59145,1.70,3.20
2010.12.13 19:19:17.821,1.59082,1.59145,1.70,3.30
2010.12.13 19:19:18.164,1.59082,1.59145,4.10,3.40
2010.12.13 19:19:19.691,1.5909,1.59145,1.50,1.30
2010.12.13 19:19:19.819,1.59086,1.59145,1.60,1.20
2010.12.13 19:19:20.043,1.59093,1.59145,1.10,1.20
2010.12.13 19:19:20.157,1.591,1.59147,1.40,1.20
2010.12.13 19:19:20.274,1.5911,1.59165,1.50,1.70
2010.12.13 19:19:20.570,1.5911,1.59165,1.80,4.00
2010.12.13 19:19:21.128,1.59109,1.59166,1.80,4.00
2010.12.13 19:19:21.672,1.59108,1.59156,1.80,1.70
2010.12.13 19:19:22.946,1.5911,1.59166,1.80,4.00
2010.12.13 19:19:25.769,1.5911,1.59166,1.80,4.20
2010.12.13 19:19:27.707,1.5911,1.59166,1.80,4.20
2010.12.13 19:19:29.025,1.5911,1.59166,1.80,4.00
2010.12.13 19:19:29.353,1.59103,1.59164,2.80,3.70
2010.12.13 19:19:32.004,1.59105,1.59156,1.90,1.60
2010.12.13 19:19:32.464,1.59112,1.59156,1.50,1.50
2010.12.13 19:19:32.573,1.59121,1.59172,1.50,1.60
2010.12.13 19:19:32.685,1.59121,1.59172,1.80,1.70
2010.12.13 19:19:32.794,1.59121,1.59173,1.80,1.70
2010.12.13 19:19:33.453,1.59121,1.59173,1.80,2.00
2010.12.13 19:19:33.782,1.59114,1.59171,1.80,4.20
2010.12.13 19:19:34.682,1.59114,1.59171,1.50,4.20
2010.12.13 19:19:34.793,1.59114,1.59171,1.50,1.80
2010.12.13 19:19:35.805,1.59114,1.59171,1.50,4.00
2010.12.13 19:19:37.944,1.59114,1.59171,1.70,4.00
2010.12.13 19:19:38.056,1.59121,1.59171,1.50,1.80
2010.12.13 19:19:39.841,1.59121,1.59172,1.50,1.70
2010.12.13 19:19:41.391,1.59114,1.59172,3.20,1.70
2010.12.13 19:19:41.700,1.59114,1.59172,3.00,1.90
2010.12.13 19:19:41.815,1.59114,1.59169,1.50,1.70
2010.12.13 19:19:42.036,1.59122,1.59169,1.70,1.20
2010.12.13 19:19:42.143,1.59122,1.59179,1.70,2.80
2010.12.13 19:19:42.255,1.59122,1.5917,1.50,3.20
2010.12.13 19:19:42.362,1.59119,1.59168,1.50,1.30
2010.12.13 19:19:42.472,1.59109,1.59166,1.70,1.60
2010.12.13 19:19:42.779,1.59114,1.59168,1.70,1.30
2010.12.13 19:19:42.900,1.59114,1.59177,1.70,1.50
2010.12.13 19:19:43.806,1.59114,1.59177,1.70,3.70
2010.12.13 19:19:44.516,1.59114,1.59177,1.80,1.60
2010.12.13 19:19:44.634,1.59124,1.59177,1.50,1.60
2010.12.13 19:19:45.003,1.59124,1.59178,1.50,7.50
2010.12.13 19:19:45.996,1.59124,1.59178,1.50,7.50
2010.12.13 19:19:55.406,1.59124,1.59178,1.50,7.50
2010.12.13 19:19:55.931,1.59124,1.59174,1.50,3.30
2010.12.13 19:19:56.805,1.59124,1.59174,1.50,1.50
2010.12.13 19:19:59.761,1.59124,1.59178,1.50,7.50
2010.12.13 19:20:00.816,1.59124,1.59181,1.50,1.80
2010.12.13 19:20:00.933,1.59132,1.59181,1.50,1.80
2010.12.13 19:20:01.533,1.59132,1.59181,1.50,1.70
2010.12.13 19:20:01.652,1.59123,1.59181,1.50,1.70
2010.12.13 19:20:01.997,1.59123,1.59181,1.50,4.50
2010.12.13 19:20:02.113,1.59117,1.59179,1.20,1.30
2010.12.13 19:20:02.224,1.59117,1.59179,1.30,3.30
2010.12.13 19:20:03.465,1.59114,1.59178,1.80,1.50
2010.12.13 19:20:04.746,1.59114,1.59178,1.60,3.10
2010.12.13 19:20:05.691,1.59114,1.59178,1.60,3.30
2010.12.13 19:20:07.993,1.59114,1.59178,1.50,3.30
2010.12.13 19:20:09.764,1.59114,1.59179,1.60,3.10
2010.12.13 19:20:11.957,1.59111,1.59161,3.90,1.50
2010.12.13 19:20:12.074,1.59111,1.59161,1.60,1.50
2010.12.13 19:20:12.484,1.59104,1.59161,2.80,1.50
2010.12.13 19:20:12.594,1.59112,1.59162,1.50,1.50
2010.12.13 19:20:13.097,1.59112,1.59162,1.50,1.70
2010.12.13 19:20:13.235,1.59108,1.59164,1.70,1.70
2010.12.13 19:20:13.453,1.59108,1.59164,1.70,1.60
2010.12.13 19:20:14.780,1.59108,1.59164,1.70,1.70
2010.12.13 19:20:16.845,1.59108,1.59164,4.00,1.60
2010.12.13 19:20:17.432,1.59117,1.59165,1.70,1.70
2010.12.13 19:20:17.654,1.59109,1.59165,1.90,1.70
2010.12.13 19:20:17.763,1.59109,1.59165,4.10,1.50
2010.12.13 19:20:18.103,1.59117,1.59165,1.70,1.50
2010.12.13 19:20:18.778,1.59117,1.59165,4.10,1.50
2010.12.13 19:20:19.764,1.59117,1.59165,1.80,1.50
2010.12.13 19:20:23.908,1.59117,1.59165,1.70,1.60
2010.12.13 19:20:25.012,1.59117,1.59165,4.00,1.50
2010.12.13 19:20:29.563,1.59117,1.59165,1.80,1.50
2010.12.13 19:20:29.782,1.59118,1.5917,1.70,1.20
2010.12.13 19:20:30.943,1.59118,1.59174,2.00,3.00
2010.12.13 19:20:34.719,1.59118,1.59174,1.80,2.80
2010.12.13 19:20:35.906,1.59117,1.59174,1.80,1.80
2010.12.13 19:20:36.181,1.59117,1.59174,4.10,1.70
2010.12.13 19:20:36.368,1.59117,1.59174,1.80,1.80
2010.12.13 19:20:38.254,1.59116,1.59169,1.60,1.30
2010.12.13 19:20:38.581,1.59116,1.59166,1.50,1.60
2010.12.13 19:20:39.147,1.59116,1.59165,1.50,1.70
2010.12.13 19:20:39.268,1.59116,1.59165,1.50,1.70
2010.12.13 19:20:39.605,1.5911,1.59159,1.70,1.70
2010.12.13 19:20:39.825,1.59097,1.59155,2.90,1.80
2010.12.13 19:20:40.042,1.59095,1.59144,1.80,1.50
2010.12.13 19:20:40.606,1.59095,1.59144,1.70,1.50
2010.12.13 19:20:41.257,1.59095,1.59145,1.70,1.50
2010.12.13 19:20:41.622,1.59095,1.59145,1.70,1.60
2010.12.13 19:20:42.852,1.59095,1.59145,1.80,1.70
2010.12.13 19:20:43.475,1.59095,1.59145,1.70,1.70
2010.12.13 19:20:45.317,1.59095,1.59145,1.80,1.70
2010.12.13 19:20:55.502,1.59095,1.59144,1.80,1.50
2010.12.13 19:20:56.112,1.59095,1.59144,1.70,1.70
2010.12.13 19:20:56.619,1.59095,1.59144,1.70,1.80
2010.12.13 19:20:56.844,1.59095,1.59144,1.70,1.70
2010.12.13 19:20:57.873,1.59095,1.59144,1.70,1.60
2010.12.13 19:21:00.754,1.59095,1.59144,1.70,1.70
2010.12.13 19:21:01.584,1.59095,1.59144,1.70,1.70
2010.12.13 19:21:02.697,1.59088,1.59139,1.70,1.70
2010.12.13 19:21:03.747,1.59088,1.59139,1.70,4.00
2010.12.13 19:21:05.049,1.59088,1.59139,1.70,1.70
2010.12.13 19:21:06.886,1.59088,1.59139,1.70,4.00
2010.12.13 19:21:08.257,1.59088,1.59139,1.70,1.80
2010.12.13 19:21:08.917,1.59088,1.59139,1.70,4.20
2010.12.13 19:21:10.709,1.59088,1.59139,1.70,1.80
2010.12.13 19:21:16.262,1.59088,1.59142,1.70,4.40
2010.12.13 19:21:22.536,1.59088,1.59142,1.70,11.10
2010.12.13 19:21:27.907,1.59088,1.59142,1.80,4.70
2010.12.13 19:21:28.574,1.59088,1.59142,1.70,11.10
2010.12.13 19:21:29.753,1.59088,1.59142,1.70,4.50
2010.12.13 19:21:29.895,1.59088,1.59142,1.70,10.90
2010.12.13 19:21:31.814,1.59089,1.59138,1.50,3.40
2010.12.13 19:21:32.136,1.59079,1.59134,2.60,1.30
2010.12.13 19:21:32.242,1.59079,1.59134,2.40,3.10
2010.12.13 19:21:32.792,1.59078,1.59124,1.50,1.70
2010.12.13 19:21:32.902,1.59072,1.59124,1.70,1.70
2010.12.13 19:21:33.256,1.5908,1.59124,1.70,1.50
2010.12.13 19:21:33.374,1.5908,1.59129,1.70,1.60
2010.12.13 19:21:33.482,1.59073,1.59127,3.20,1.70
2010.12.13 19:21:33.593,1.59073,1.59123,1.70,1.50
2010.12.13 19:21:34.500,1.59073,1.59123,1.70,1.60
2010.12.13 19:21:34.834,1.59061,1.59115,3.40,1.70
2010.12.13 19:21:35.053,1.59059,1.59115,2.50,1.70
2010.12.13 19:21:35.375,1.5905,1.59111,3.20,1.50
2010.12.13 19:21:35.483,1.59056,1.59111,1.10,1.50
2010.12.13 19:21:35.813,1.59058,1.59114,1.70,1.70
2010.12.13 19:21:36.034,1.59048,1.59114,2.90,1.20
2010.12.13 19:21:36.142,1.59051,1.59114,1.10,1.20
2010.12.13 19:21:36.492,1.59057,1.59115,1.70,3.00
2010.12.13 19:21:36.794,1.59057,1.59115,1.70,2.70
2010.12.13 19:21:37.745,1.59057,1.59115,1.70,6.90
2010.12.13 19:21:38.847,1.59057,1.59115,1.70,6.90
2010.12.13 19:21:39.261,1.59057,1.59116,1.80,1.50
2010.12.13 19:21:39.374,1.59057,1.59116,1.80,1.30
2010.12.13 19:21:39.482,1.59057,1.59116,1.70,1.20
2010.12.13 19:21:39.957,1.59057,1.59115,1.80,1.20
2010.12.13 19:21:43.455,1.59057,1.59115,1.70,1.30
2010.12.13 19:21:46.095,1.59057,1.59116,2.00,1.30
2010.12.13 19:21:46.651,1.59057,1.59115,1.80,2.70
2010.12.13 19:21:52.262,1.59057,1.59117,1.70,1.40
2010.12.13 19:21:53.474,1.59057,1.59117,2.00,1.50
2010.12.13 19:21:56.726,1.59057,1.59114,1.70,2.80
2010.12.13 19:22:01.786,1.59057,1.59113,1.80,1.60
2010.12.13 19:22:02.481,1.59057,1.59113,1.80,1.50
2010.12.13 19:22:03.364,1.59057,1.59113,1.80,1.30
2010.12.13 19:22:04.779,1.59057,1.59113,1.70,1.40
2010.12.13 19:22:10.488,1.59057,1.59113,1.80,1.30
2010.12.13 19:22:13.873,1.59057,1.59113,1.80,1.50
2010.12.13 19:22:14.163,1.59057,1.59113,2.00,1.30
2010.12.13 19:22:25.524,1.59057,1.59114,1.80,1.80
2010.12.13 19:22:25.819,1.59057,1.59114,1.80,1.60
2010.12.13 19:22:26.789,1.59057,1.59123,2.70,1.60
2010.12.13 19:22:28.746,1.59057,1.59123,8.90,1.50
2010.12.13 19:22:31.485,1.59057,1.59123,3.80,3.30
2010.12.13 19:22:33.582,1.59057,1.59122,2.60,3.70
2010.12.13 19:22:34.217,1.59057,1.59121,2.50,3.30
2010.12.13 19:22:36.784,1.59057,1.59108,1.50,1.20
2010.12.13 19:22:36.892,1.59056,1.59104,1.50,1.50
2010.12.13 19:22:37.226,1.59056,1.59114,1.50,3.30
2010.12.13 19:22:38.321,1.59056,1.59115,1.70,7.10
2010.12.13 19:22:39.049,1.59056,1.59115,1.70,6.90
2010.12.13 19:22:42.382,1.59056,1.59115,4.00,2.80
2010.12.13 19:22:43.614,1.5907,1.59115,1.50,1.50
2010.12.13 19:22:43.724,1.5907,1.59121,1.50,1.20
2010.12.13 19:22:43.834,1.59076,1.59125,1.70,2.80
2010.12.13 19:22:44.235,1.59076,1.59125,1.70,1.70
2010.12.13 19:22:46.066,1.59076,1.59129,1.70,3.80
2010.12.13 19:22:46.179,1.59079,1.59129,1.70,1.30
2010.12.13 19:22:46.551,1.59085,1.59129,1.50,1.20
2010.12.13 19:22:46.883,1.59077,1.59129,1.70,1.20
2010.12.13 19:22:46.993,1.59078,1.59129,2.50,1.20
2010.12.13 19:22:47.485,1.59087,1.59144,1.50,3.30
2010.12.13 19:22:47.601,1.59087,1.59144,1.50,3.30
2010.12.13 19:22:47.823,1.59085,1.59141,1.70,1.60
2010.12.13 19:22:48.834,1.59094,1.59135,1.50,1.60
2010.12.13 19:22:49.009,1.59072,1.59121,1.70,1.50
2010.12.13 19:22:49.399,1.59076,1.59129,1.50,1.40
2010.12.13 19:22:49.460,1.59079,1.59132,1.50,2.10
2010.12.13 19:22:50.173,1.59079,1.59132,1.50,1.30
2010.12.13 19:22:50.747,1.59079,1.59132,1.50,1.20
2010.12.13 19:22:50.866,1.59072,1.59132,3.90,1.20
2010.12.13 19:22:51.208,1.59068,1.59126,2.50,1.70
2010.12.13 19:22:51.341,1.59074,1.59126,1.50,1.60
2010.12.13 19:22:51.494,1.59082,1.59137,1.50,2.50
2010.12.13 19:22:51.855,1.59075,1.59128,1.20,1.80
2010.12.13 19:22:51.965,1.59081,1.59139,1.50,4.10
2010.12.13 19:22:52.073,1.59079,1.59135,1.70,1.80
2010.12.13 19:22:52.405,1.59083,1.59141,1.50,3.80
2010.12.13 19:22:52.911,1.59073,1.59135,1.50,4.50
2010.12.13 19:22:53.023,1.59073,1.59135,1.50,4.80
2010.12.13 19:22:53.133,1.59068,1.59126,2.70,1.70
2010.12.13 19:22:53.573,1.59068,1.59122,1.20,1.70
2010.12.13 19:22:53.809,1.59068,1.59122,1.20,1.90
2010.12.13 19:22:53.940,1.59062,1.59122,1.40,1.30
2010.12.13 19:22:54.623,1.59062,1.5913,1.20,3.50
2010.12.13 19:22:55.033,1.59069,1.59122,1.50,1.30
2010.12.13 19:22:55.145,1.59061,1.59123,1.20,3.00
2010.12.13 19:22:55.252,1.59064,1.59123,1.50,1.60
2010.12.13 19:22:55.693,1.59067,1.59127,1.50,1.70
2010.12.13 19:22:57.264,1.5907,1.59122,1.20,1.50
2010.12.13 19:22:57.633,1.5907,1.59116,2.70,1.50
2010.12.13 19:22:57.751,1.59062,1.59114,1.50,1.20
2010.12.13 19:22:57.871,1.59052,1.59113,1.50,1.20
2010.12.13 19:22:58.355,1.59052,1.59113,1.60,1.20
2010.12.13 19:22:58.465,1.59052,1.59113,1.60,1.20
2010.12.13 19:22:58.683,1.59052,1.59108,1.60,1.20
2010.12.13 19:22:59.015,1.59052,1.59111,4.00,1.20
2010.12.13 19:22:59.372,1.59061,1.5912,1.50,1.50
2010.12.13 19:22:59.597,1.59058,1.59118,1.20,1.70
2010.12.13 19:22:59.714,1.59058,1.59117,1.20,1.20
2010.12.13 19:22:59.826,1.59061,1.59119,1.50,1.30
2010.12.13 19:23:00.145,1.59061,1.59119,1.50,1.20
2010.12.13 19:23:00.473,1.59061,1.59119,1.50,1.30
2010.12.13 19:23:00.695,1.59058,1.59117,1.50,1.30
2010.12.13 19:23:01.263,1.59058,1.59116,1.50,1.20
2010.12.13 19:23:01.674,1.59058,1.59116,1.50,1.30
2010.12.13 19:23:02.004,1.59058,1.59111,1.50,1.20
2010.12.13 19:23:02.114,1.59051,1.59111,4.30,1.20
2010.12.13 19:23:02.224,1.59051,1.59107,3.30,1.50
2010.12.13 19:23:02.335,1.59051,1.59107,3.20,1.60
2010.12.13 19:23:02.593,1.59051,1.59105,1.70,1.50
2010.12.13 19:23:02.926,1.59051,1.59108,1.80,1.60
2010.12.13 19:23:03.385,1.59053,1.59108,1.50,1.80
2010.12.13 19:23:03.509,1.59053,1.59108,1.60,1.80
2010.12.13 19:23:03.843,1.59053,1.59108,1.60,1.80
2010.12.13 19:23:04.172,1.59053,1.59106,1.50,1.60
2010.12.13 19:23:04.506,1.59053,1.59106,1.50,1.70
2010.12.13 19:23:04.616,1.59053,1.59106,1.60,1.70
2010.12.13 19:23:04.731,1.59053,1.59106,1.70,1.60
2010.12.13 19:23:05.280,1.59057,1.5911,1.70,4.00
2010.12.13 19:23:06.035,1.59057,1.59111,1.80,1.70
2010.12.13 19:23:06.362,1.59057,1.59113,3.30,4.10
2010.12.13 19:23:06.898,1.59064,1.59117,1.50,3.10
2010.12.13 19:23:07.020,1.59064,1.5912,1.50,1.10
2010.12.13 19:23:07.133,1.59059,1.5912,1.40,1.10
2010.12.13 19:23:07.253,1.59057,1.59123,1.50,2.20
2010.12.13 19:23:07.783,1.59057,1.59123,1.20,1.50
2010.12.13 19:23:08.253,1.59055,1.59121,1.20,3.60
2010.12.13 19:23:08.585,1.59062,1.59105,1.50,1.40
2010.12.13 19:23:08.695,1.59047,1.59102,1.60,1.50
2010.12.13 19:23:08.805,1.59062,1.59102,1.50,1.50
2010.12.13 19:23:08.913,1.59055,1.59117,1.50,2.80
2010.12.13 19:23:09.943,1.59055,1.59115,1.50,1.30
2010.12.13 19:23:10.445,1.59055,1.59115,1.50,1.20
2010.12.13 19:23:10.862,1.59055,1.59115,1.60,1.20
2010.12.13 19:23:11.175,1.59049,1.59109,3.90,1.50
2010.12.13 19:23:11.310,1.59049,1.59109,1.60,3.80
2010.12.13 19:23:11.422,1.59049,1.59106,1.60,1.20
2010.12.13 19:23:12.034,1.59048,1.59108,1.60,1.70
2010.12.13 19:23:12.143,1.59048,1.59108,1.50,1.80
2010.12.13 19:23:12.492,1.59048,1.59108,1.50,1.90
2010.12.13 19:23:13.209,1.59048,1.59108,1.60,4.30
2010.12.13 19:23:13.616,1.59058,1.59109,1.50,1.70
2010.12.13 19:23:14.449,1.59058,1.59109,1.50,1.70
2010.12.13 19:23:15.122,1.59058,1.59109,1.50,1.60
2010.12.13 19:23:16.822,1.59058,1.59109,1.60,1.70
2010.12.13 19:23:17.913,1.59049,1.59107,4.50,1.70
2010.12.13 19:23:18.027,1.59051,1.59107,1.70,1.70
2010.12.13 19:23:18.253,1.59053,1.59112,1.70,1.30
2010.12.13 19:23:18.763,1.59053,1.59113,1.80,1.30
2010.12.13 19:23:19.622,1.59053,1.5912,1.70,3.80
2010.12.13 19:23:19.953,1.59053,1.5912,1.50,3.10
2010.12.13 19:23:20.499,1.59062,1.59113,1.50,1.70
2010.12.13 19:23:20.724,1.59061,1.59112,1.50,1.20
2010.12.13 19:23:20.834,1.59057,1.59113,1.50,1.70
2010.12.13 19:23:21.148,1.59062,1.59111,1.50,1.20
2010.12.13 19:23:21.373,1.59057,1.59113,1.50,1.50
2010.12.13 19:23:21.484,1.59057,1.59112,1.50,1.20
2010.12.13 19:23:21.593,1.59062,1.59112,1.50,1.20
2010.12.13 19:23:22.153,1.59062,1.59113,1.50,1.20
2010.12.13 19:23:22.934,1.59062,1.59111,1.50,1.20
2010.12.13 19:23:23.276,1.59056,1.59111,1.50,1.20
2010.12.13 19:23:24.659,1.59056,1.59111,1.50,1.20
2010.12.13 19:23:24.882,1.59061,1.59114,1.50,1.20
2010.12.13 19:23:27.227,1.59061,1.59118,1.50,1.30
2010.12.13 19:23:28.103,1.59072,1.59117,1.50,1.20
2010.12.13 19:23:28.630,1.59072,1.59124,1.50,3.10
2010.12.13 19:23:29.763,1.59072,1.59124,1.50,3.10
2010.12.13 19:23:31.714,1.59072,1.59126,1.50,1.80
2010.12.13 19:23:32.101,1.59072,1.59126,1.50,4.20
2010.12.13 19:23:33.066,1.59078,1.59129,1.50,4.60
2010.12.13 19:23:33.174,1.59078,1.59136,1.50,4.20
2010.12.13 19:23:35.662,1.59078,1.59136,1.50,1.70
2010.12.13 19:23:36.482,1.59071,1.59137,1.20,2.80
2010.12.13 19:23:37.101,1.59068,1.59134,2.60,2.70
2010.12.13 19:23:37.265,1.59073,1.59141,1.20,3.10
2010.12.13 19:23:37.593,1.59069,1.59135,1.40,1.30
2010.12.13 19:23:37.995,1.59067,1.59132,1.20,1.40
2010.12.13 19:23:38.571,1.59066,1.59132,1.20,3.40
2010.12.13 19:23:38.703,1.59066,1.5913,1.20,1.20
2010.12.13 19:23:39.035,1.59066,1.59123,1.20,1.20
2010.12.13 19:23:39.347,1.59061,1.59123,1.20,1.20
2010.12.13 19:23:39.573,1.59058,1.59124,1.40,1.30
2010.12.13 19:23:40.645,1.59058,1.59124,1.30,1.20
2010.12.13 19:23:41.316,1.59067,1.59119,1.50,1.20
2010.12.13 19:23:41.425,1.59067,1.59122,1.50,1.20
2010.12.13 19:23:41.642,1.59067,1.59124,1.50,1.20
2010.12.13 19:23:41.898,1.59067,1.59124,1.50,1.20
2010.12.13 19:23:42.037,1.59067,1.59124,1.50,1.20
2010.12.13 19:23:42.879,1.59067,1.59124,1.50,1.20
2010.12.13 19:23:45.250,1.59075,1.59126,1.50,1.20
2010.12.13 19:23:47.709,1.59064,1.59124,1.60,1.20
2010.12.13 19:23:47.935,1.59064,1.59129,1.50,1.30
2010.12.13 19:23:48.203,1.59064,1.5913,1.70,1.30
2010.12.13 19:23:48.532,1.59071,1.59137,1.20,3.30
2010.12.13 19:23:49.294,1.59071,1.59137,1.20,1.40
2010.12.13 19:23:49.404,1.59075,1.59143,1.20,4.20
2010.12.13 19:23:49.513,1.59075,1.59143,1.20,3.50
2010.12.13 19:23:50.853,1.59075,1.59143,1.20,1.40
2010.12.13 19:23:51.724,1.59079,1.59144,1.20,3.50
2010.12.13 19:23:52.055,1.59086,1.59144,1.50,3.10
2010.12.13 19:23:52.169,1.59086,1.59141,1.50,1.30
2010.12.13 19:23:52.529,1.59093,1.59141,1.50,1.20
2010.12.13 19:23:52.680,1.59086,1.59146,1.50,2.70
2010.12.13 19:23:52.903,1.59077,1.59142,1.70,1.20
2010.12.13 19:23:53.274,1.59077,1.59142,1.80,1.20
2010.12.13 19:23:53.604,1.59072,1.59136,1.70,1.20
2010.12.13 19:23:53.823,1.59072,1.59136,1.60,1.20
2010.12.13 19:23:54.208,1.59072,1.59136,1.50,1.20
2010.12.13 19:23:54.653,1.59072,1.59136,1.60,1.30
2010.12.13 19:23:55.213,1.59067,1.59133,1.20,1.50
2010.12.13 19:23:55.542,1.59062,1.59126,4.30,1.20
2010.12.13 19:23:56.055,1.59062,1.59126,4.10,1.20
2010.12.13 19:23:57.457,1.59071,1.59134,1.50,1.30
2010.12.13 19:23:57.573,1.59071,1.59134,1.50,3.10
2010.12.13 19:23:58.784,1.59071,1.59135,1.60,1.30
2010.12.13 19:24:00.242,1.59071,1.59135,1.50,1.40
2010.12.13 19:24:00.352,1.59065,1.5913,1.30,1.20
2010.12.13 19:24:00.837,1.59062,1.59126,1.70,1.20
2010.12.13 19:24:01.879,1.59062,1.59126,4.50,1.20
2010.12.13 19:24:02.389,1.59072,1.59137,1.80,1.50
2010.12.13 19:24:02.508,1.59072,1.59133,1.50,1.20
2010.12.13 19:24:02.861,1.59078,1.59136,1.50,1.20
2010.12.13 19:24:03.229,1.59078,1.59136,1.50,1.30
2010.12.13 19:24:03.794,1.59071,1.59136,1.60,1.30
2010.12.13 19:24:04.019,1.59071,1.59136,1.60,1.20
2010.12.13 19:24:04.155,1.59071,1.59136,1.60,1.30
2010.12.13 19:24:04.814,1.59071,1.59136,1.60,3.10
2010.12.13 19:24:05.197,1.59071,1.59136,4.10,1.50
2010.12.13 19:24:05.312,1.59071,1.59136,1.60,3.10
2010.12.13 19:24:06.367,1.59071,1.59134,1.80,1.50
2010.12.13 19:24:07.170,1.59071,1.59134,1.60,3.30
2010.12.13 19:24:07.505,1.59078,1.59133,1.80,1.50
2010.12.13 19:24:08.231,1.59072,1.59134,1.80,3.30
2010.12.13 19:24:08.743,1.59072,1.59134,1.80,1.50
2010.12.13 19:24:11.053,1.59072,1.59134,1.80,3.30
2010.12.13 19:24:11.291,1.59079,1.59136,1.50,1.50
2010.12.13 19:24:11.404,1.5907,1.59131,1.60,1.60
2010.12.13 19:24:11.513,1.5907,1.59131,1.60,3.00
2010.12.13 19:24:11.839,1.59077,1.59131,1.50,4.20
2010.12.13 19:24:12.156,1.59077,1.59131,1.50,1.70
2010.12.13 19:24:13.317,1.59077,1.59131,1.50,4.00
2010.12.13 19:24:15.164,1.5907,1.59131,1.60,4.20
2010.12.13 19:24:16.844,1.5907,1.59131,1.50,4.20
2010.12.13 19:24:16.952,1.5907,1.59131,1.60,4.20
2010.12.13 19:24:17.282,1.5907,1.59124,1.50,3.90
2010.12.13 19:24:19.001,1.5907,1.59122,1.50,4.20
2010.12.13 19:24:19.926,1.5907,1.59118,1.50,1.70
2010.12.13 19:24:20.141,1.59062,1.59112,1.60,1.10
2010.12.13 19:24:20.263,1.59053,1.59108,2.50,1.60
2010.12.13 19:24:20.531,1.59061,1.59117,1.50,1.60
2010.12.13 19:24:20.863,1.5907,1.59118,1.50,1.30
2010.12.13 19:24:21.451,1.5907,1.59119,1.50,1.70
2010.12.13 19:24:21.822,1.5907,1.59119,1.50,4.00
2010.12.13 19:24:23.073,1.5907,1.59119,1.50,1.80
2010.12.13 19:24:23.346,1.5907,1.59119,1.50,4.00
2010.12.13 19:24:24.023,1.5907,1.59119,1.50,1.70
2010.12.13 19:24:25.760,1.5907,1.59119,1.50,4.20
2010.12.13 19:24:29.060,1.5907,1.59119,1.50,4.20
2010.12.13 19:24:29.192,1.5907,1.5912,1.50,4.80
2010.12.13 19:24:29.418,1.59061,1.59116,1.70,3.20
2010.12.13 19:24:29.844,1.59059,1.59108,1.50,1.60
2010.12.13 19:24:31.201,1.59059,1.59108,1.50,1.80
2010.12.13 19:24:32.084,1.59059,1.59108,1.50,4.00
2010.12.13 19:24:39.573,1.59059,1.59108,1.50,1.70
2010.12.13 19:24:41.998,1.59062,1.59108,1.30,1.50
2010.12.13 19:24:42.114,1.59062,1.59119,2.50,1.30
2010.12.13 19:24:42.337,1.5907,1.59122,1.50,1.40
2010.12.13 19:24:42.863,1.5907,1.59128,1.70,1.40
2010.12.13 19:24:43.084,1.59062,1.59124,1.90,3.20
2010.12.13 19:24:43.303,1.59065,1.59124,1.50,1.50
2010.12.13 19:24:44.013,1.5906,1.59127,1.80,2.30
2010.12.13 19:24:44.122,1.5906,1.59127,1.70,2.30
2010.12.13 19:24:45.425,1.5906,1.59124,1.70,1.30
2010.12.13 19:24:45.752,1.59071,1.59128,1.50,2.90
2010.12.13 19:24:46.444,1.59071,1.59128,1.50,2.90
2010.12.13 19:24:47.304,1.59071,1.59128,1.50,3.10
2010.12.13 19:24:47.525,1.59062,1.59115,1.80,1.50
2010.12.13 19:24:47.945,1.59062,1.59115,2.00,1.70
2010.12.13 19:24:48.056,1.59062,1.59115,1.80,1.70
2010.12.13 19:24:48.273,1.59059,1.59115,1.50,1.90
2010.12.13 19:24:48.494,1.59055,1.59115,3.00,2.90
2010.12.13 19:24:49.747,1.59055,1.59115,3.10,3.20
2010.12.13 19:24:50.381,1.59055,1.59115,3.30,3.20
2010.12.13 19:24:51.102,1.59055,1.59115,3.10,7.50
2010.12.13 19:24:51.486,1.59055,1.59115,3.30,3.20
2010.12.13 19:24:51.704,1.59055,1.59115,3.00,7.30
2010.12.13 19:24:52.922,1.59061,1.59115,1.50,7.30
2010.12.13 19:24:53.035,1.59061,1.59115,1.80,2.70
2010.12.13 19:24:53.144,1.59061,1.59121,1.80,1.30
2010.12.13 19:24:53.254,1.59061,1.59114,1.50,1.10
2010.12.13 19:24:53.363,1.59055,1.59106,1.20,1.50
2010.12.13 19:24:53.884,1.59054,1.59106,1.50,1.50
2010.12.13 19:24:55.060,1.59054,1.59106,1.60,1.70
2010.12.13 19:24:55.724,1.59054,1.59106,1.60,1.50
2010.12.13 19:24:56.470,1.59059,1.59116,1.70,3.40
2010.12.13 19:24:56.582,1.59059,1.59116,1.70,1.40
2010.12.13 19:24:56.804,1.59069,1.59116,1.50,1.20
2010.12.13 19:24:58.733,1.59069,1.59119,1.50,4.00
2010.12.13 19:24:59.526,1.59069,1.59119,1.50,1.80
2010.12.13 19:25:02.914,1.59069,1.59121,1.50,1.80
2010.12.13 19:25:03.028,1.59069,1.59121,2.40,1.50
2010.12.13 19:25:03.282,1.59069,1.59125,2.40,1.50
2010.12.13 19:25:03.439,1.59067,1.59128,1.80,1.40
2010.12.13 19:25:03.693,1.59067,1.59126,1.60,1.20
2010.12.13 19:25:04.579,1.59067,1.59125,1.60,1.20
2010.12.13 19:25:05.303,1.59067,1.59126,1.80,1.20
2010.12.13 19:25:09.708,1.59067,1.59125,1.60,1.20
2010.12.13 19:25:09.934,1.59065,1.59122,4.00,1.20
2010.12.13 19:25:10.044,1.59065,1.59121,1.80,1.20
2010.12.13 19:25:10.152,1.59065,1.59119,1.80,1.20
2010.12.13 19:25:10.528,1.59065,1.59111,1.50,1.50
2010.12.13 19:25:10.661,1.5906,1.59119,1.60,1.20
2010.12.13 19:25:12.043,1.5906,1.59119,1.60,1.30
2010.12.13 19:25:12.433,1.5906,1.59119,1.50,3.10
2010.12.13 19:25:13.043,1.5906,1.59119,1.50,3.30
2010.12.13 19:25:13.629,1.5906,1.59119,1.50,3.10
2010.12.13 19:25:13.971,1.5906,1.59119,1.60,1.30
2010.12.13 19:25:15.677,1.5906,1.59119,1.60,3.30
2010.12.13 19:25:16.396,1.5906,1.59119,1.60,1.30
2010.12.13 19:25:17.569,1.5906,1.59119,1.80,1.50
2010.12.13 19:25:17.823,1.5906,1.59113,1.80,1.70
2010.12.13 19:25:18.205,1.59075,1.59113,1.50,1.70
2010.12.13 19:25:18.327,1.59053,1.59118,1.20,1.40
2010.12.13 19:25:18.443,1.59049,1.59114,1.50,1.40
2010.12.13 19:25:18.760,1.59051,1.59114,1.50,1.40
2010.12.13 19:25:19.253,1.59053,1.59118,1.20,3.40
2010.12.13 19:25:19.368,1.59053,1.59118,1.30,1.50
2010.12.13 19:25:20.421,1.59063,1.59118,1.50,1.40
2010.12.13 19:25:20.643,1.59063,1.59125,1.50,3.00
2010.12.13 19:25:20.754,1.59063,1.59125,1.50,3.30
2010.12.13 19:25:21.194,1.59069,1.59126,1.50,4.00
2010.12.13 19:25:22.063,1.59069,1.59126,1.50,1.70
2010.12.13 19:25:22.651,1.59078,1.59129,1.50,3.10
2010.12.13 19:25:22.985,1.59076,1.59129,1.50,1.20
2010.12.13 19:25:23.527,1.59075,1.59132,1.50,1.60
2010.12.13 19:25:23.752,1.59075,1.59132,1.50,1.80
2010.12.13 19:25:24.426,1.59075,1.59132,1.60,2.00
2010.12.13 19:25:24.638,1.59075,1.59132,1.50,4.70
2010.12.13 19:25:25.294,1.59075,1.59132,1.50,5.10
2010.12.13 19:25:25.887,1.59075,1.59132,1.50,4.40
2010.12.13 19:25:26.114,1.59084,1.59125,1.50,1.50
2010.12.13 19:25:26.473,1.59076,1.59115,1.50,1.70
2010.12.13 19:25:26.583,1.59071,1.59116,1.20,1.70
2010.12.13 19:25:26.696,1.59062,1.59116,1.80,1.70
2010.12.13 19:25:27.278,1.5906,1.59078,1.60,1.50
2010.12.13 19:25:27.733,1.59049,1.59077,1.50,1.70
2010.12.13 19:25:28.070,1.59012,1.59072,4.00,1.40
2010.12.13 19:25:28.185,1.59013,1.59074,4.90,2.60
2010.12.13 19:25:28.513,1.59023,1.59076,1.50,1.20
2010.12.13 19:25:28.807,1.59023,1.5908,1.50,1.20
2010.12.13 19:25:29.001,1.59023,1.59084,1.50,2.60
2010.12.13 19:25:29.114,1.59023,1.59084,4.10,2.60
2010.12.13 19:25:30.143,1.59029,1.59088,1.60,1.50
2010.12.13 19:25:30.473,1.59032,1.59095,3.40,1.70
2010.12.13 19:25:30.696,1.59037,1.59087,1.80,1.50
2010.12.13 19:25:31.176,1.59033,1.59084,1.60,3.00
2010.12.13 19:25:31.394,1.59017,1.5906,1.60,1.50
2010.12.13 19:25:31.503,1.59017,1.5906,1.60,1.50
2010.12.13 19:25:32.275,1.59009,1.5906,1.80,1.50
2010.12.13 19:25:32.521,1.59009,1.5906,4.10,1.50
2010.12.13 19:25:33.804,1.59003,1.5906,1.20,1.50
2010.12.13 19:25:34.818,1.59008,1.59066,1.20,1.50
2010.12.13 19:25:35.050,1.59008,1.59066,4.40,1.50
2010.12.13 19:25:35.163,1.59011,1.59077,3.60,2.70
2010.12.13 19:25:36.703,1.59011,1.59077,3.80,1.50
2010.12.13 19:25:36.813,1.59011,1.59077,3.60,1.60
2010.12.13 19:25:37.837,1.59011,1.59077,3.80,1.50
2010.12.13 19:25:38.182,1.59012,1.59077,2.70,1.50
2010.12.13 19:25:38.305,1.59019,1.59077,4.00,1.50
2010.12.13 19:25:38.414,1.59012,1.59077,3.70,1.60
2010.12.13 19:25:39.954,1.59018,1.59077,1.60,1.60
2010.12.13 19:25:40.387,1.59018,1.59077,1.60,1.50
2010.12.13 19:25:40.954,1.59018,1.59077,4.90,1.50
2010.12.13 19:25:41.071,1.59024,1.59083,1.80,1.20
2010.12.13 19:25:42.819,1.59026,1.59083,1.50,1.20
2010.12.13 19:25:43.485,1.59026,1.59081,1.50,1.50
2010.12.13 19:25:43.852,1.59027,1.59078,1.50,1.50
2010.12.13 19:25:44.463,1.59019,1.59079,1.60,2.60
2010.12.13 19:25:45.012,1.59019,1.59078,1.60,1.20
2010.12.13 19:25:46.745,1.59018,1.59077,1.70,1.50
2010.12.13 19:25:47.074,1.59018,1.59082,1.90,2.70
2010.12.13 19:25:47.771,1.59024,1.59084,1.50,1.20
2010.12.13 19:25:48.974,1.59024,1.59085,1.60,1.20
2010.12.13 19:25:49.194,1.59024,1.59085,1.60,1.30
2010.12.13 19:25:50.093,1.59017,1.59078,4.10,2.60
2010.12.13 19:25:50.315,1.59017,1.59078,1.80,1.50
2010.12.13 19:25:50.843,1.59026,1.59079,1.50,1.50
2010.12.13 19:25:50.954,1.59026,1.59079,1.50,1.50
2010.12.13 19:25:51.668,1.5902,1.59078,1.80,1.50
2010.12.13 19:25:52.789,1.5902,1.59078,1.60,1.50
2010.12.13 19:25:53.151,1.5902,1.59078,1.60,1.60
2010.12.13 19:25:53.870,1.5902,1.59078,1.80,1.60
2010.12.13 19:25:58.003,1.5902,1.59072,1.60,1.70
2010.12.13 19:25:58.340,1.59018,1.59069,1.80,1.50
2010.12.13 19:25:59.885,1.59018,1.59069,1.60,1.50
2010.12.13 19:26:00.678,1.59012,1.59068,2.00,1.50
2010.12.13 19:26:01.016,1.59028,1.59089,1.70,2.30
2010.12.13 19:26:01.402,1.59023,1.59075,2.20,1.50
2010.12.13 19:26:01.520,1.59039,1.59078,1.70,1.50
2010.12.13 19:26:01.635,1.59039,1.59092,1.70,1.20
2010.12.13 19:26:02.063,1.59039,1.591,1.70,2.70
2010.12.13 19:26:02.202,1.59039,1.591,1.70,2.70
2010.12.13 19:26:03.272,1.59039,1.591,2.00,2.70
2010.12.13 19:26:03.754,1.59049,1.591,1.60,4.10
2010.12.13 19:26:04.113,1.59039,1.591,2.00,3.30
2010.12.13 19:26:04.337,1.59039,1.591,2.00,1.60
2010.12.13 19:26:05.201,1.59039,1.591,4.50,1.60
2010.12.13 19:26:06.484,1.59039,1.591,4.30,1.50
2010.12.13 19:26:06.704,1.59049,1.591,1.50,1.50
2010.12.13 19:26:07.224,1.59049,1.591,1.50,4.20
2010.12.13 19:26:07.443,1.59049,1.591,1.50,3.20
2010.12.13 19:26:07.774,1.5904,1.59088,1.80,1.50
2010.12.13 19:26:07.995,1.59033,1.59084,1.80,1.50
2010.12.13 19:26:09.007,1.59033,1.59084,3.90,1.50
2010.12.13 19:26:09.245,1.59037,1.59088,1.60,1.50
2010.12.13 19:26:09.656,1.59036,1.59091,1.60,1.20
2010.12.13 19:26:09.800,1.59036,1.59094,3.90,3.70
2010.12.13 19:26:10.494,1.59029,1.59091,2.30,1.50
2010.12.13 19:26:10.755,1.59028,1.59091,2.00,1.70
2010.12.13 19:26:10.866,1.59035,1.59094,1.50,2.30
2010.12.13 19:26:10.983,1.59035,1.59094,1.60,1.20
2010.12.13 19:26:11.481,1.59035,1.59094,1.60,1.20
2010.12.13 19:26:12.508,1.59035,1.59094,1.60,1.20
2010.12.13 19:26:13.083,1.59035,1.59094,3.90,1.20
2010.12.13 19:26:13.759,1.59035,1.59094,4.10,1.20
2010.12.13 19:26:16.393,1.59035,1.59094,3.90,1.20
2010.12.13 19:26:16.613,1.59035,1.59094,1.60,1.30
2010.12.13 19:26:17.362,1.59035,1.59094,1.80,1.30
2010.12.13 19:26:18.285,1.59035,1.59094,1.60,1.20
2010.12.13 19:26:18.983,1.59035,1.59094,3.90,1.20
2010.12.13 19:26:22.173,1.59035,1.59093,1.80,1.50
2010.12.13 19:26:22.393,1.59033,1.59094,4.40,2.70
2010.12.13 19:26:26.461,1.59033,1.59094,4.10,1.80
2010.12.13 19:26:26.913,1.59033,1.59094,5.00,1.60
2010.12.13 19:26:33.051,1.59042,1.59094,4.10,1.50
2010.12.13 19:26:33.580,1.59034,1.59093,4.90,1.50
2010.12.13 19:26:37.444,1.59034,1.59093,4.90,1.70
2010.12.13 19:26:37.858,1.59042,1.59097,1.70,1.80
2010.12.13 19:26:38.082,1.59042,1.59097,1.70,1.60
2010.12.13 19:26:39.432,1.59042,1.59097,1.80,1.70
2010.12.13 19:26:39.672,1.59039,1.591,1.80,1.30
2010.12.13 19:26:40.753,1.59039,1.591,1.60,1.50
2010.12.13 19:26:40.860,1.59039,1.59094,1.60,1.20
2010.12.13 19:26:42.474,1.59033,1.59094,4.00,2.70
2010.12.13 19:26:43.783,1.59033,1.59094,4.50,2.70
2010.12.13 19:26:44.332,1.59033,1.59094,4.10,2.70
2010.12.13 19:26:45.831,1.59033,1.59094,5.00,1.60
2010.12.13 19:26:50.045,1.59037,1.59095,1.60,1.30
2010.12.13 19:26:50.573,1.59044,1.59094,1.50,1.20
2010.12.13 19:26:51.767,1.59044,1.59096,1.60,1.50
2010.12.13 19:26:59.521,1.59044,1.59096,1.60,1.40
2010.12.13 19:26:59.857,1.59043,1.59093,1.70,1.50
2010.12.13 19:26:59.972,1.59045,1.59093,1.60,1.70
2010.12.13 19:27:00.295,1.59045,1.59096,6.00,1.20
2010.12.13 19:27:00.621,1.59059,1.59096,1.70,1.20
2010.12.13 19:27:01.072,1.59059,1.59116,1.70,1.30
2010.12.13 19:27:02.963,1.59054,1.59117,2.50,1.20
2010.12.13 19:27:03.292,1.59057,1.59116,1.50,1.40
2010.12.13 19:27:04.626,1.59046,1.59114,1.70,1.30
2010.12.13 19:27:06.984,1.59045,1.59109,1.50,1.50
2010.12.13 19:27:07.312,1.59045,1.59109,1.20,1.50
2010.12.13 19:27:07.422,1.5904,1.59095,1.30,1.50
2010.12.13 19:27:07.641,1.59042,1.59104,1.30,1.50
2010.12.13 19:27:07.861,1.59048,1.59101,1.50,1.50
2010.12.13 19:27:08.264,1.59049,1.591,1.60,1.50
2010.12.13 19:27:09.341,1.59049,1.591,4.00,1.50
2010.12.13 19:27:09.803,1.59048,1.59101,4.40,1.50
2010.12.13 19:27:09.951,1.59051,1.59102,1.80,1.50
2010.12.13 19:27:10.171,1.59051,1.59102,4.50,1.50
2010.12.13 19:27:11.648,1.59051,1.59102,1.80,1.50
2010.12.13 19:27:12.835,1.59051,1.59102,1.70,1.60
2010.12.13 19:27:12.940,1.59051,1.59102,1.80,1.50
2010.12.13 19:27:15.031,1.59053,1.59102,1.10,1.50
2010.12.13 19:27:15.610,1.59058,1.5911,1.70,1.50
2010.12.13 19:27:15.831,1.59058,1.59103,1.50,1.50
2010.12.13 19:27:17.720,1.59058,1.59104,1.50,1.50
2010.12.13 19:27:18.787,1.59058,1.59106,1.50,1.60
2010.12.13 19:27:20.462,1.59058,1.59106,1.50,1.50
2010.12.13 19:27:21.107,1.59055,1.5911,1.70,1.20
2010.12.13 19:27:21.953,1.59055,1.59113,1.70,2.90
2010.12.13 19:27:22.061,1.59055,1.59113,1.50,2.70
2010.12.13 19:27:22.170,1.59055,1.59113,1.50,2.70
2010.12.13 19:27:22.282,1.59055,1.59108,1.50,1.20
2010.12.13 19:27:22.815,1.59048,1.59108,1.80,1.40
2010.12.13 19:27:23.835,1.59041,1.59109,3.30,1.20
2010.12.13 19:27:24.778,1.59041,1.59109,3.30,1.30
2010.12.13 19:27:25.253,1.59041,1.59109,1.20,3.50
2010.12.13 19:27:25.361,1.59039,1.59094,1.20,1.50
2010.12.13 19:27:26.772,1.59033,1.59094,1.20,1.50
2010.12.13 19:27:27.653,1.59033,1.59094,1.40,1.50
2010.12.13 19:27:29.344,1.59044,1.591,1.50,1.70
2010.12.13 19:27:29.875,1.59044,1.591,1.80,1.50
2010.12.13 19:27:31.011,1.59044,1.591,1.80,1.60
2010.12.13 19:27:31.232,1.59044,1.591,1.50,4.10
2010.12.13 19:27:31.343,1.59035,1.59095,1.50,1.60
2010.12.13 19:27:31.743,1.59035,1.59095,3.20,1.50
2010.12.13 19:27:32.311,1.59039,1.59095,1.10,1.50
2010.12.13 19:27:32.423,1.59043,1.59101,1.70,1.50
2010.12.13 19:27:32.641,1.59043,1.59101,4.10,1.50
2010.12.13 19:27:33.725,1.59043,1.59101,4.00,1.50
2010.12.13 19:27:34.174,1.59043,1.59101,4.40,1.50
2010.12.13 19:27:34.416,1.59043,1.59101,4.10,1.50
2010.12.13 19:27:34.641,1.59043,1.59101,4.10,1.50
2010.12.13 19:27:35.428,1.59043,1.59101,4.10,1.60
2010.12.13 19:27:36.159,1.59043,1.59101,4.40,1.50
2010.12.13 19:27:36.541,1.59043,1.59101,4.10,1.50
2010.12.13 19:27:37.446,1.59043,1.59101,1.80,1.60
2010.12.13 19:27:37.731,1.59043,1.59101,4.00,1.50
2010.12.13 19:27:37.842,1.59043,1.59101,1.70,1.60
2010.12.13 19:27:38.210,1.59052,1.59103,1.50,1.70
2010.12.13 19:27:38.686,1.59052,1.59104,4.20,1.50
2010.12.13 19:27:39.860,1.59052,1.59104,2.00,1.50
2010.12.13 19:27:40.493,1.59052,1.59104,4.10,1.50
2010.12.13 19:27:40.974,1.59052,1.59104,4.00,1.60
2010.12.13 19:27:42.024,1.59048,1.59104,4.20,1.50
2010.12.13 19:27:42.389,1.59047,1.59094,6.40,1.50
2010.12.13 19:27:43.086,1.59047,1.59094,4.70,1.50
2010.12.13 19:27:43.448,1.59047,1.59094,4.20,1.50
2010.12.13 19:27:44.004,1.59047,1.591,2.10,3.00
2010.12.13 19:27:44.534,1.59047,1.591,4.20,3.00
2010.12.13 19:27:44.659,1.59047,1.591,4.20,3.00
2010.12.13 19:27:45.171,1.59055,1.59108,6.00,1.50
2010.12.13 19:27:45.282,1.59055,1.59108,6.10,1.50
2010.12.13 19:27:45.769,1.59063,1.59114,1.10,2.30
2010.12.13 19:27:45.947,1.59059,1.59117,3.30,2.60
2010.12.13 19:27:46.064,1.59059,1.59117,3.20,2.70
2010.12.13 19:27:46.882,1.59059,1.59117,7.90,1.60
2010.12.13 19:27:47.290,1.59059,1.59115,4.10,1.20
2010.12.13 19:27:47.831,1.59059,1.59114,4.40,1.20
2010.12.13 19:27:48.429,1.59059,1.59115,4.00,1.20
2010.12.13 19:27:48.557,1.59059,1.59115,4.10,1.20
2010.12.13 19:27:48.671,1.59059,1.59115,4.10,1.20
2010.12.13 19:27:49.041,1.59059,1.59115,1.70,1.20
2010.12.13 19:27:49.764,1.59059,1.59114,1.70,1.20
2010.12.13 19:27:52.084,1.59059,1.59116,1.70,2.30
2010.12.13 19:27:54.171,1.59059,1.59116,1.80,1.20
2010.12.13 19:27:54.287,1.59059,1.59116,1.80,1.20
2010.12.13 19:27:55.751,1.59059,1.59116,1.80,1.20
2010.12.13 19:27:56.850,1.59059,1.59116,4.10,1.20
2010.12.13 19:27:57.900,1.59059,1.59115,4.10,1.20
2010.12.13 19:27:58.241,1.59055,1.59106,4.10,1.50
2010.12.13 19:27:58.691,1.59055,1.59106,3.90,1.50
2010.12.13 19:27:59.397,1.59055,1.59106,1.60,1.50
2010.12.13 19:28:06.680,1.59055,1.59106,1.70,1.50
2010.12.13 19:28:08.264,1.5905,1.59101,1.60,1.50
2010.12.13 19:28:08.482,1.59043,1.59101,2.50,1.50
2010.12.13 19:28:09.032,1.59043,1.59097,1.50,1.40
2010.12.13 19:28:09.360,1.59039,1.5909,1.70,1.50
2010.12.13 19:28:09.872,1.59039,1.5909,4.10,1.50
2010.12.13 19:28:10.877,1.59039,1.5909,1.70,1.50
2010.12.13 19:28:11.731,1.59045,1.5909,1.50,1.50
2010.12.13 19:28:11.950,1.59041,1.5909,1.80,1.50
2010.12.13 19:28:14.768,1.59042,1.59091,1.80,1.60
2010.12.13 19:28:16.501,1.59045,1.59091,1.50,1.50
2010.12.13 19:28:18.251,1.59045,1.59086,1.50,1.50
2010.12.13 19:28:18.483,1.59036,1.59086,2.30,1.50
2010.12.13 19:28:18.591,1.59038,1.59089,1.70,1.60
2010.12.13 19:28:18.702,1.59045,1.59091,1.50,1.50
2010.12.13 19:28:18.811,1.59038,1.59091,1.70,1.50
2010.12.13 19:28:19.534,1.59032,1.59093,1.20,1.80
2010.12.13 19:28:19.785,1.59032,1.59085,1.20,1.50
2010.12.13 19:28:19.903,1.59033,1.59095,1.30,6.00
2010.12.13 19:28:20.012,1.59033,1.59085,1.20,1.50
2010.12.13 19:28:20.563,1.59028,1.59085,2.90,1.50
2010.12.13 19:28:22.545,1.59028,1.59085,1.50,1.70
2010.12.13 19:28:23.100,1.59027,1.5908,1.70,1.50
2010.12.13 19:28:23.758,1.59027,1.5908,1.60,1.50
2010.12.13 19:28:26.842,1.59027,1.5908,1.60,1.50
2010.12.13 19:28:27.321,1.59028,1.5908,1.50,1.50
2010.12.13 19:28:28.512,1.59033,1.59086,1.50,1.70
2010.12.13 19:28:28.622,1.59027,1.59081,1.70,1.50
2010.12.13 19:28:33.397,1.59027,1.59081,1.70,1.50
2010.12.13 19:28:34.541,1.59027,1.59081,1.70,1.60
2010.12.13 19:28:35.201,1.59029,1.59081,1.50,1.50
2010.12.13 19:28:35.422,1.59029,1.59085,1.50,1.80
2010.12.13 19:28:35.867,1.59029,1.59085,1.50,2.00
2010.12.13 19:28:36.771,1.59027,1.59085,1.50,2.00
2010.12.13 19:28:37.714,1.59027,1.59085,1.60,1.80
2010.12.13 19:28:38.314,1.59028,1.59085,1.50,1.70
2010.12.13 19:28:38.444,1.59038,1.59091,1.70,1.60
2010.12.13 19:28:38.773,1.59042,1.59093,1.50,4.30
2010.12.13 19:28:39.190,1.59029,1.59086,1.80,1.50
2010.12.13 19:28:39.306,1.59036,1.59086,1.20,1.50
2010.12.13 19:28:39.422,1.59029,1.59086,1.80,1.50
2010.12.13 19:28:39.669,1.59029,1.59086,1.70,1.50
2010.12.13 19:28:40.876,1.59039,1.5909,1.50,1.50
2010.12.13 19:28:41.213,1.59045,1.59102,1.70,1.60
2010.12.13 19:28:41.323,1.59045,1.59102,1.70,1.50
2010.12.13 19:28:42.793,1.59045,1.59102,1.70,1.80
2010.12.13 19:28:43.777,1.59045,1.59102,1.70,3.90
2010.12.13 19:28:44.003,1.59045,1.59102,1.70,1.60
2010.12.13 19:28:44.694,1.59042,1.59102,1.50,1.80
2010.12.13 19:28:44.805,1.59043,1.591,1.20,4.40
2010.12.13 19:28:44.919,1.59044,1.59097,1.50,1.80
2010.12.13 19:28:45.352,1.59043,1.59103,1.70,4.20
2010.12.13 19:28:45.746,1.59043,1.59102,1.70,1.70
2010.12.13 19:28:46.083,1.59034,1.59097,1.40,1.50
2010.12.13 19:28:46.466,1.59033,1.59096,1.40,1.60
2010.12.13 19:28:46.586,1.59032,1.59096,1.20,1.60
2010.12.13 19:28:46.703,1.59032,1.59096,1.20,1.50
2010.12.13 19:28:46.922,1.59034,1.59096,1.20,1.50
2010.12.13 19:28:47.362,1.59034,1.59096,1.20,1.50
2010.12.13 19:28:47.776,1.59034,1.59096,1.20,1.50
2010.12.13 19:28:48.031,1.59034,1.59096,1.20,1.50
2010.12.13 19:28:48.362,1.59034,1.59077,1.20,1.50
2010.12.13 19:28:48.472,1.59028,1.59077,1.90,1.50
2010.12.13 19:28:48.693,1.5903,1.59085,1.10,1.50
2010.12.13 19:28:48.911,1.5903,1.59088,1.10,1.20
2010.12.13 19:28:49.394,1.5903,1.59085,1.10,1.20
2010.12.13 19:28:49.505,1.59029,1.59085,2.50,1.20
2010.12.13 19:28:49.781,1.59029,1.59085,1.50,1.20
2010.12.13 19:28:50.001,1.5902,1.59085,9.30,1.20
2010.12.13 19:28:50.333,1.59028,1.5907,1.50,1.50
2010.12.13 19:28:50.444,1.59023,1.59069,1.20,1.50
2010.12.13 19:28:50.553,1.59021,1.59069,6.00,1.50
2010.12.13 19:28:50.840,1.59024,1.59077,1.70,1.50
2010.12.13 19:28:51.065,1.59024,1.59077,1.50,1.70
2010.12.13 19:28:51.172,1.59015,1.59072,1.70,1.50
2010.12.13 19:28:52.263,1.59014,1.59072,2.40,1.50
2010.12.13 19:28:52.561,1.59014,1.59072,1.10,1.50
2010.12.13 19:28:52.926,1.59012,1.59072,4.00,1.50
2010.12.13 19:28:53.405,1.59012,1.59072,1.70,1.50
2010.12.13 19:28:53.651,1.59012,1.5907,1.70,1.20
2010.12.13 19:28:54.381,1.59012,1.5907,1.70,1.20
2010.12.13 19:28:54.688,1.59012,1.5907,1.80,1.20
2010.12.13 19:28:55.081,1.59012,1.5907,1.80,1.20
2010.12.13 19:28:56.153,1.59012,1.5907,4.50,1.20
2010.12.13 19:28:56.672,1.59024,1.59077,1.50,1.60
2010.12.13 19:28:57.182,1.59025,1.59076,1.70,1.80
2010.12.13 19:28:57.718,1.59025,1.59076,1.70,1.50
2010.12.13 19:28:58.084,1.59025,1.59076,4.00,1.50
2010.12.13 19:28:59.828,1.59025,1.59076,2.00,1.50
2010.12.13 19:29:01.452,1.59025,1.59076,1.70,1.50
2010.12.13 19:29:04.937,1.59028,1.59076,1.20,1.50
2010.12.13 19:29:05.077,1.59025,1.59086,1.40,1.50
2010.12.13 19:29:05.965,1.59025,1.59086,3.20,1.50
2010.12.13 19:29:06.077,1.59025,1.59086,1.30,1.60
2010.12.13 19:29:06.216,1.59025,1.59086,1.30,1.50
2010.12.13 19:29:06.493,1.59025,1.59086,1.20,1.60
2010.12.13 19:29:07.154,1.59024,1.59086,1.40,1.60
2010.12.13 19:29:07.663,1.59024,1.59086,1.40,1.60
2010.12.13 19:29:08.762,1.59024,1.59086,1.50,1.60
2010.12.13 19:29:13.824,1.59024,1.59087,1.40,4.00
2010.12.13 19:29:13.931,1.59024,1.59087,1.50,1.60
2010.12.13 19:29:17.633,1.59024,1.59075,1.20,1.50
2010.12.13 19:29:18.570,1.5902,1.59075,1.60,1.50
2010.12.13 19:29:18.753,1.5902,1.59075,1.60,1.60
2010.12.13 19:29:19.784,1.5902,1.59075,1.80,1.60
2010.12.13 19:29:20.223,1.5902,1.59075,1.70,1.80
2010.12.13 19:29:27.031,1.5902,1.59066,1.50,1.50
2010.12.13 19:29:27.142,1.59015,1.59066,1.80,1.60
2010.12.13 19:29:27.252,1.59015,1.59066,4.00,1.50
2010.12.13 19:29:28.396,1.5902,1.59075,1.60,1.60
2010.12.13 19:29:28.801,1.5902,1.59075,1.50,3.90
2010.12.13 19:29:30.704,1.5902,1.59075,1.60,1.60
2010.12.13 19:29:31.004,1.5902,1.59075,4.30,1.60
2010.12.13 19:29:31.221,1.5902,1.59075,3.00,1.50
2010.12.13 19:29:31.554,1.59031,1.59085,1.70,1.80
2010.12.13 19:29:31.925,1.59031,1.59085,1.70,1.70
2010.12.13 19:29:32.447,1.59031,1.59085,1.60,4.00
2010.12.13 19:29:32.751,1.59031,1.59085,1.70,1.70
2010.12.13 19:29:33.049,1.59031,1.59085,1.60,1.70
2010.12.13 19:29:33.788,1.59031,1.59085,1.70,1.70
2010.12.13 19:29:34.391,1.59031,1.59085,1.70,1.80
2010.12.13 19:29:35.112,1.59031,1.59085,1.60,1.60
2010.12.13 19:29:35.551,1.59024,1.59077,1.80,1.60
2010.12.13 19:29:36.371,1.59024,1.59077,1.70,1.50
2010.12.13 19:29:36.480,1.59024,1.59077,4.00,1.50
2010.12.13 19:29:42.612,1.5903,1.59086,1.90,1.80
2010.12.13 19:29:43.785,1.5903,1.59086,1.90,1.70
2010.12.13 19:29:45.456,1.5903,1.59086,1.80,1.80
2010.12.13 19:29:46.340,1.5903,1.59086,1.50,2.00
2010.12.13 19:29:46.453,1.59028,1.59077,1.50,1.50
2010.12.13 19:29:46.562,1.59028,1.59077,1.70,1.50
2010.12.13 19:29:48.853,1.5903,1.59077,1.60,1.60
2010.12.13 19:29:49.222,1.5903,1.59077,1.50,1.50
2010.12.13 19:29:49.552,1.5903,1.59077,1.50,1.70
2010.12.13 19:29:49.663,1.5902,1.59075,1.90,1.50
2010.12.13 19:29:53.496,1.5902,1.59075,1.80,1.50
2010.12.13 19:29:53.960,1.5902,1.59075,4.10,1.50
2010.12.13 19:29:54.637,1.5902,1.59076,1.80,1.80
2010.12.13 19:30:08.490,1.59021,1.59075,1.50,1.50
2010.12.13 19:30:08.602,1.59021,1.59075,1.50,1.50
2010.12.13 19:30:08.711,1.59026,1.59077,1.60,1.50
2010.12.13 19:30:08.821,1.59026,1.59084,3.10,1.80
2010.12.13 19:30:10.786,1.5903,1.59085,1.70,1.70
2010.12.13 19:30:11.754,1.5903,1.59085,1.70,1.80
2010.12.13 19:30:11.861,1.5903,1.59077,1.70,1.50
2010.12.13 19:30:12.246,1.59026,1.59077,4.00,1.50
2010.12.13 19:30:12.581,1.59018,1.59074,1.80,1.70
2010.12.13 19:30:12.801,1.59021,1.59069,4.20,1.50
2010.12.13 19:30:12.910,1.59021,1.59077,4.20,3.00
2010.12.13 19:30:14.920,1.59022,1.59077,1.40,3.00
2010.12.13 19:30:16.381,1.59026,1.59081,4.50,1.20
2010.12.13 19:30:16.490,1.59026,1.59085,4.50,1.50
2010.12.13 19:30:16.951,1.59026,1.59082,2.00,1.30
2010.12.13 19:30:17.062,1.59022,1.59077,1.30,3.00
2010.12.13 19:30:17.279,1.59019,1.5908,3.40,1.50
2010.12.13 19:30:17.985,1.59017,1.5908,1.40,1.50
2010.12.13 19:30:18.479,1.59014,1.5908,7.40,1.50
2010.12.13 19:30:18.661,1.59014,1.5908,7.40,1.60
2010.12.13 19:30:19.500,1.59014,1.5908,7.20,1.60
2010.12.13 19:30:21.418,1.59026,1.59085,1.80,1.80
2010.12.13 19:30:21.530,1.59026,1.59085,1.60,1.80
2010.12.13 19:30:21.771,1.59026,1.59085,1.80,1.80
2010.12.13 19:30:21.911,1.59026,1.59085,1.80,1.60
2010.12.13 19:30:23.854,1.59026,1.59085,4.10,1.60
2010.12.13 19:30:24.862,1.59026,1.59085,1.60,1.60
2010.12.13 19:30:25.811,1.59026,1.59085,1.80,1.80
2010.12.13 19:30:29.024,1.59025,1.59086,4.10,1.50
2010.12.13 19:30:29.146,1.59025,1.59074,1.60,1.50
2010.12.13 19:30:29.516,1.59024,1.59074,1.50,1.70
2010.12.13 19:30:29.636,1.59014,1.59067,1.80,1.50
2010.12.13 19:30:29.759,1.59014,1.59067,3.90,1.50
2010.12.13 19:30:30.288,1.59015,1.59066,3.90,1.50
2010.12.13 19:30:30.901,1.59015,1.59066,4.10,1.50
2010.12.13 19:30:31.223,1.59015,1.59066,4.10,1.50
2010.12.13 19:30:31.975,1.59015,1.59066,1.80,1.50
2010.12.13 19:30:32.983,1.59015,1.59066,1.60,1.50
2010.12.13 19:30:34.386,1.59015,1.59063,1.50,1.50
2010.12.13 19:30:34.493,1.5901,1.59061,1.80,1.50
2010.12.13 19:30:34.824,1.5901,1.59061,4.50,1.50
2010.12.13 19:30:35.285,1.5901,1.59061,1.80,1.50
2010.12.13 19:30:35.612,1.5901,1.59061,4.30,1.50
2010.12.13 19:30:35.721,1.5901,1.59061,1.80,1.50
2010.12.13 19:30:36.685,1.5901,1.59061,1.80,1.50
2010.12.13 19:30:36.792,1.5901,1.59061,1.60,1.70
2010.12.13 19:30:37.103,1.59005,1.59056,2.00,3.00
2010.12.13 19:30:37.640,1.59005,1.59056,1.80,3.00
2010.12.13 19:30:38.451,1.59005,1.59056,1.70,3.00
2010.12.13 19:30:38.693,1.59005,1.59056,1.50,3.20
2010.12.13 19:30:39.022,1.58995,1.59052,4.40,1.40
2010.12.13 19:30:39.241,1.58994,1.59047,4.00,3.00
2010.12.13 19:30:39.356,1.58994,1.59047,4.60,3.00
2010.12.13 19:30:39.681,1.58994,1.59047,4.00,3.00
2010.12.13 19:30:40.088,1.58995,1.59055,4.20,1.20
2010.12.13 19:30:40.227,1.58987,1.59048,1.20,1.20
2010.12.13 19:30:40.342,1.58985,1.59048,2.30,1.20
2010.12.13 19:30:40.902,1.58985,1.59048,2.40,1.20
2010.12.13 19:30:41.834,1.58985,1.59048,2.50,1.20
2010.12.13 19:30:42.051,1.58984,1.59049,1.70,1.30
2010.12.13 19:30:42.271,1.58983,1.59048,4.70,1.20
2010.12.13 19:30:44.577,1.58983,1.59048,4.60,1.20
2010.12.13 19:30:44.695,1.58983,1.59048,4.20,1.20
2010.12.13 19:30:45.032,1.58983,1.59048,4.70,1.20
2010.12.13 19:30:45.683,1.58983,1.59048,4.20,1.20
2010.12.13 19:30:46.603,1.58983,1.59048,4.20,1.20
2010.12.13 19:30:49.782,1.58983,1.59049,4.20,1.20
2010.12.13 19:30:50.229,1.58983,1.59049,4.70,1.20
2010.12.13 19:30:50.582,1.59006,1.59051,1.50,1.50
2010.12.13 19:30:50.691,1.59006,1.59064,2.50,3.10
2010.12.13 19:30:51.022,1.59011,1.59072,1.80,1.60
2010.12.13 19:30:51.687,1.59011,1.59072,4.00,1.60
2010.12.13 19:30:53.185,1.59011,1.59072,4.20,1.50
2010.12.13 19:30:53.469,1.59011,1.59072,4.50,1.80
2010.12.13 19:30:53.812,1.59017,1.59072,1.10,1.50
2010.12.13 19:30:54.705,1.59019,1.59076,4.00,1.50
2010.12.13 19:30:55.803,1.59019,1.59076,4.30,1.50
2010.12.13 19:30:56.439,1.59019,1.59076,4.20,1.50
2010.12.13 19:30:57.480,1.59019,1.59076,1.70,1.70
2010.12.13 19:30:57.984,1.59012,1.59072,1.40,2.60
2010.12.13 19:30:58.683,1.59013,1.59072,1.40,2.70
2010.12.13 19:30:59.622,1.59011,1.59072,4.50,2.70
2010.12.13 19:31:00.011,1.59011,1.59072,4.10,1.80
2010.12.13 19:31:00.378,1.59021,1.59072,1.50,1.80
2010.12.13 19:31:00.502,1.59021,1.59072,1.50,1.50
2010.12.13 19:31:01.124,1.59021,1.59072,1.60,1.50
2010.12.13 19:31:01.688,1.59021,1.59072,1.50,1.60
2010.12.13 19:31:01.912,1.59021,1.59072,1.50,1.50
2010.12.13 19:31:03.109,1.59021,1.59072,1.60,1.50
2010.12.13 19:31:03.331,1.59021,1.59072,1.60,1.50
2010.12.13 19:31:04.143,1.59021,1.59072,1.50,1.50
2010.12.13 19:31:04.756,1.59021,1.59072,1.60,1.50
2010.12.13 19:31:06.445,1.59021,1.59072,1.50,1.50
2010.12.13 19:31:07.494,1.59021,1.59072,4.10,1.50
2010.12.13 19:31:07.608,1.59029,1.59076,1.80,1.50
2010.12.13 19:31:07.831,1.59029,1.59077,1.70,1.60
2010.12.13 19:31:07.943,1.59029,1.5908,1.70,1.60
2010.12.13 19:31:08.586,1.59019,1.59076,4.10,1.50
2010.12.13 19:31:08.825,1.59019,1.59076,4.10,1.70
2010.12.13 19:31:10.465,1.59019,1.59076,4.10,1.50
2010.12.13 19:31:10.791,1.59019,1.59076,1.70,1.60
2010.12.13 19:31:11.784,1.59019,1.59076,4.10,1.70
2010.12.13 19:31:13.592,1.59019,1.59076,1.80,1.80
2010.12.13 19:31:13.922,1.59018,1.59065,1.80,1.50
2010.12.13 19:31:14.593,1.59018,1.59065,1.80,1.50
2010.12.13 19:31:15.786,1.59018,1.59065,1.70,1.60
2010.12.13 19:31:20.536,1.59018,1.59065,1.50,1.80
2010.12.13 19:31:20.653,1.5901,1.59063,1.80,1.80
2010.12.13 19:31:20.981,1.59003,1.59054,3.60,1.50
2010.12.13 19:31:22.679,1.59003,1.59054,3.50,1.50
2010.12.13 19:31:24.091,1.59003,1.59054,3.60,1.60
2010.12.13 19:31:24.201,1.59003,1.59054,3.50,1.50
2010.12.13 19:31:27.514,1.59003,1.59054,3.40,1.50
2010.12.13 19:31:31.031,1.59003,1.59054,3.50,1.50
2010.12.13 19:31:36.810,1.59003,1.59054,1.80,1.50
2010.12.13 19:31:44.223,1.59003,1.59054,1.90,1.50
2010.12.13 19:31:45.743,1.59007,1.59054,1.80,1.60
2010.12.13 19:31:51.156,1.59003,1.59054,1.80,1.50
2010.12.13 19:31:52.482,1.59003,1.59054,4.30,1.50
2010.12.13 19:31:52.781,1.59003,1.59054,2.10,1.50
2010.12.13 19:31:53.376,1.59004,1.59056,4.10,1.50
2010.12.13 19:31:53.501,1.59006,1.59063,1.80,4.00
2010.12.13 19:31:54.436,1.59006,1.59063,4.10,1.80
2010.12.13 19:31:56.115,1.59015,1.59063,1.50,1.80
2010.12.13 19:31:56.333,1.59012,1.59063,3.40,1.50
2010.12.13 19:31:56.441,1.59012,1.59072,3.40,1.80
2010.12.13 19:31:56.553,1.59011,1.59072,4.20,1.60
2010.12.13 19:31:57.755,1.59011,1.59072,4.00,1.60
2010.12.13 19:31:58.435,1.59011,1.59072,4.50,1.60
2010.12.13 19:32:12.009,1.59011,1.59072,4.00,1.70
2010.12.13 19:32:12.843,1.59011,1.59072,1.70,1.70
2010.12.13 19:32:14.055,1.59011,1.59072,4.00,1.60
2010.12.13 19:32:38.755,1.59008,1.59063,2.80,1.50
2010.12.13 19:32:39.853,1.59008,1.59063,2.80,1.60
2010.12.13 19:32:46.261,1.59008,1.59063,1.10,1.60
2010.12.13 19:32:47.854,1.59011,1.59072,4.10,1.90
2010.12.13 19:33:04.583,1.59011,1.59072,4.10,1.60
2010.12.13 19:33:04.695,1.59011,1.59072,1.60,1.60
2010.12.13 19:33:06.716,1.59011,1.59072,3.90,1.60
2010.12.13 19:33:07.512,1.59016,1.59073,1.80,1.50
2010.12.13 19:33:09.665,1.5902,1.59073,1.60,1.50
2010.12.13 19:33:10.086,1.5902,1.59073,3.90,1.50
2010.12.13 19:33:10.525,1.5902,1.59073,4.00,1.50
2010.12.13 19:33:12.224,1.5902,1.59073,4.40,1.50
2010.12.13 19:33:12.524,1.5902,1.59073,5.90,1.50
2010.12.13 19:33:12.833,1.59021,1.59082,4.20,1.70
2010.12.13 19:33:13.369,1.59021,1.59082,4.50,2.00
2010.12.13 19:33:13.953,1.59021,1.59082,4.50,1.70
2010.12.13 19:33:14.199,1.59021,1.59082,4.50,1.50
2010.12.13 19:33:15.783,1.59021,1.59082,4.60,1.50
2010.12.13 19:33:19.581,1.59021,1.59075,1.80,1.70
2010.12.13 19:33:20.252,1.59021,1.59072,1.60,1.50
2010.12.13 19:33:20.363,1.59021,1.59072,3.90,1.50
2010.12.13 19:33:20.472,1.59021,1.59072,1.60,1.50
2010.12.13 19:33:21.311,1.59021,1.59072,3.90,1.50
2010.12.13 19:33:21.424,1.59021,1.59072,1.60,1.70
2010.12.13 19:33:21.861,1.59011,1.59072,4.20,1.70
2010.12.13 19:33:22.372,1.59016,1.59073,4.30,1.70
2010.12.13 19:33:23.694,1.59016,1.59073,4.50,1.70
2010.12.13 19:33:24.321,1.59013,1.59072,1.40,1.60
2010.12.13 19:33:27.515,1.59011,1.59072,4.10,1.50
2010.12.13 19:33:28.714,1.59013,1.59072,1.40,1.60
2010.12.13 19:33:29.132,1.59011,1.59072,4.30,1.60
2010.12.13 19:33:29.694,1.59012,1.59072,1.40,1.50
2010.12.13 19:33:29.947,1.59011,1.59072,4.50,1.50
2010.12.13 19:33:35.135,1.59011,1.59072,4.60,1.50
2010.12.13 19:33:35.573,1.59011,1.59072,4.10,1.60
2010.12.13 19:33:35.683,1.59011,1.59072,7.30,1.50
2010.12.13 19:33:36.113,1.59021,1.59072,1.80,1.50
2010.12.13 19:33:36.756,1.59021,1.59072,2.00,1.50
2010.12.13 19:33:37.802,1.59021,1.59072,2.00,1.60
2010.12.13 19:33:38.439,1.59021,1.59072,4.50,1.50
2010.12.13 19:33:39.021,1.59021,1.59072,1.80,1.50
2010.12.13 19:33:59.175,1.59021,1.59072,4.30,1.50
2010.12.13 19:34:01.016,1.59022,1.59081,4.00,1.70
2010.12.13 19:34:01.243,1.59021,1.59082,2.60,4.10
2010.12.13 19:34:01.352,1.59021,1.59082,5.90,1.80
2010.12.13 19:34:01.931,1.59021,1.59081,1.60,1.10
2010.12.13 19:34:02.044,1.59017,1.59073,1.80,1.50
2010.12.13 19:34:02.381,1.59017,1.59073,5.00,1.50
2010.12.13 19:34:02.945,1.59018,1.59074,4.50,1.50
2010.12.13 19:34:08.522,1.59023,1.59074,1.20,1.50
2010.12.13 19:34:08.632,1.59023,1.59076,1.20,1.50
2010.12.13 19:34:08.742,1.59023,1.59079,4.00,1.50
2010.12.13 19:34:08.852,1.59029,1.59082,4.10,1.70
2010.12.13 19:34:09.258,1.59036,1.59079,1.80,1.50
2010.12.13 19:34:09.374,1.59024,1.59077,1.80,3.00
2010.12.13 19:34:09.482,1.59024,1.59077,4.10,3.00
2010.12.13 19:34:10.462,1.59024,1.59077,4.40,3.00
2010.12.13 19:34:10.963,1.59025,1.59077,1.20,3.00
2010.12.13 19:34:11.081,1.59025,1.59077,2.30,1.50
2010.12.13 19:34:11.192,1.59026,1.59082,4.00,1.50
2010.12.13 19:34:11.303,1.59026,1.59082,4.20,1.50
2010.12.13 19:34:11.625,1.59026,1.59082,4.60,1.50
2010.12.13 19:34:11.983,1.59026,1.59082,4.20,1.50
2010.12.13 19:34:12.382,1.59027,1.59082,1.40,1.50
2010.12.13 19:34:12.492,1.59026,1.59082,1.60,1.50
2010.12.13 19:34:12.695,1.59026,1.59077,1.60,1.50
2010.12.13 19:34:13.758,1.59025,1.59076,3.90,1.50
2010.12.13 19:34:14.522,1.59025,1.59076,4.50,1.50
2010.12.13 19:34:17.500,1.59025,1.59076,3.90,1.50
2010.12.13 19:34:18.197,1.59026,1.59081,6.10,1.50
2010.12.13 19:34:19.604,1.59026,1.59081,6.50,1.50
2010.12.13 19:34:20.214,1.59026,1.59081,6.10,1.50
2010.12.13 19:34:20.358,1.59026,1.59078,6.10,1.50
2010.12.13 19:34:20.792,1.5903,1.59082,4.40,2.70
2010.12.13 19:34:21.934,1.59026,1.59082,6.40,1.50
2010.12.13 19:34:23.133,1.59027,1.59082,1.40,1.50
2010.12.13 19:34:29.465,1.59026,1.59082,4.50,1.70
2010.12.13 19:34:29.576,1.59021,1.59077,4.60,1.50
2010.12.13 19:34:30.846,1.59021,1.59077,4.20,1.50
2010.12.13 19:34:30.965,1.59022,1.59077,1.20,1.50
2010.12.13 19:34:31.183,1.59026,1.59081,4.50,1.50
2010.12.13 19:34:32.892,1.59027,1.59081,1.40,1.50
2010.12.13 19:34:33.223,1.59033,1.59081,4.00,1.50
2010.12.13 19:34:33.853,1.59027,1.59081,1.80,1.50
2010.12.13 19:34:34.715,1.59026,1.59081,4.60,1.50
2010.12.13 19:34:35.376,1.59026,1.59081,4.40,1.50
2010.12.13 19:34:35.482,1.59026,1.59081,4.50,1.50
2010.12.13 19:34:35.702,1.59031,1.59081,1.60,1.50
2010.12.13 19:34:36.033,1.5902,1.59077,4.80,1.50
2010.12.13 19:34:37.854,1.5902,1.59077,4.50,1.50
2010.12.13 19:34:38.204,1.5902,1.59077,4.80,1.50
2010.12.13 19:34:41.334,1.59026,1.5908,4.50,1.20
2010.12.13 19:34:41.681,1.59016,1.59063,3.90,1.50
2010.12.13 19:34:42.362,1.59017,1.59063,4.10,1.50
2010.12.13 19:34:42.473,1.5902,1.59076,4.00,1.70
2010.12.13 19:34:42.933,1.5902,1.59076,1.70,1.80
2010.12.13 19:34:44.114,1.59026,1.59081,4.00,1.60
2010.12.13 19:34:44.825,1.59026,1.59081,1.80,1.60
2010.12.13 19:34:45.191,1.59026,1.59081,4.40,1.50
2010.12.13 19:34:46.954,1.59031,1.59082,4.30,1.20
2010.12.13 19:34:47.172,1.59038,1.59087,1.60,2.80
2010.12.13 19:34:47.284,1.59038,1.59087,1.60,2.70
2010.12.13 19:34:48.096,1.59038,1.59082,1.60,1.50
2010.12.13 19:34:49.133,1.59038,1.59082,1.70,1.50
2010.12.13 19:34:49.241,1.59038,1.59082,1.60,1.50
2010.12.13 19:34:50.613,1.59029,1.59075,4.50,1.50
2010.12.13 19:34:50.862,1.59029,1.59075,1.80,1.50
2010.12.13 19:34:50.980,1.59029,1.59082,1.50,2.00
2010.12.13 19:34:51.130,1.59029,1.59082,1.60,1.90
2010.12.13 19:34:51.788,1.59029,1.59082,1.50,1.80
2010.12.13 19:34:52.824,1.59029,1.59082,1.60,2.00
2010.12.13 19:34:53.582,1.59031,1.59082,1.70,1.60
2010.12.13 19:34:53.802,1.5904,1.59083,1.50,1.50
2010.12.13 19:34:53.911,1.59041,1.59092,1.50,1.20
2010.12.13 19:34:54.021,1.5904,1.59084,1.50,1.50
2010.12.13 19:34:54.413,1.5904,1.5909,1.50,1.60
2010.12.13 19:34:54.646,1.5904,1.59083,1.50,1.50
2010.12.13 19:34:54.780,1.59032,1.59086,1.50,3.20
2010.12.13 19:34:54.891,1.59032,1.59086,1.80,3.20
2010.12.13 19:34:55.915,1.59032,1.59086,1.60,3.20
2010.12.13 19:34:56.746,1.59032,1.59086,4.10,3.20
2010.12.13 19:35:16.972,1.59032,1.59086,1.60,3.20
2010.12.13 19:35:18.745,1.59032,1.59086,1.90,3.20
2010.12.13 19:35:19.783,1.59037,1.59091,1.80,1.70
2010.12.13 19:35:19.892,1.59037,1.59091,4.10,1.50
2010.12.13 19:35:20.432,1.59032,1.59085,4.50,1.50
2010.12.13 19:35:20.655,1.59037,1.59094,1.60,1.80
2010.12.13 19:35:20.762,1.59037,1.59094,3.90,1.70
2010.12.13 19:35:21.092,1.59037,1.59094,1.80,1.90
2010.12.13 19:35:21.543,1.59037,1.59094,1.70,1.80
2010.12.13 19:35:21.902,1.59035,1.59091,4.00,3.00
2010.12.13 19:35:22.233,1.59035,1.59091,1.70,3.00
2010.12.13 19:35:23.038,1.59035,1.59091,1.70,3.00
2010.12.13 19:35:23.695,1.59035,1.59091,4.20,3.00
2010.12.13 19:35:24.292,1.59035,1.59091,1.80,3.00
2010.12.13 19:35:24.764,1.59035,1.59091,1.80,3.10
2010.12.13 19:35:28.277,1.59035,1.59091,1.50,2.00
2010.12.13 19:35:28.391,1.59031,1.59082,1.60,1.50
2010.12.13 19:35:29.309,1.59031,1.59082,4.10,1.50
2010.12.13 19:35:29.618,1.59031,1.5908,4.10,1.70
2010.12.13 19:35:29.758,1.59025,1.59078,1.80,1.80
2010.12.13 19:35:29.981,1.59025,1.59078,1.50,1.70
2010.12.13 19:35:30.502,1.59025,1.59076,1.60,1.50
2010.12.13 19:35:31.121,1.59019,1.5907,4.40,1.50
2010.12.13 19:35:33.694,1.59019,1.5907,7.80,1.50
2010.12.13 19:35:34.951,1.59019,1.5907,1.60,1.50
2010.12.13 19:35:35.980,1.59025,1.59071,1.50,1.50
2010.12.13 19:35:36.095,1.59025,1.59074,1.60,1.20
2010.12.13 19:35:36.207,1.59021,1.59077,1.80,1.20
2010.12.13 19:35:36.420,1.59029,1.59077,1.50,1.20
2010.12.13 19:35:36.752,1.59017,1.59079,1.40,1.50
2010.12.13 19:35:36.863,1.59015,1.59079,6.50,1.60
2010.12.13 19:35:37.341,1.59013,1.5907,4.00,1.50
2010.12.13 19:35:38.735,1.59009,1.5907,4.40,1.50
2010.12.13 19:35:39.845,1.59009,1.5907,4.60,1.50
2010.12.13 19:35:41.170,1.59009,1.5907,4.40,1.50
2010.12.13 19:35:41.567,1.59009,1.59061,4.00,1.50
2010.12.13 19:35:43.711,1.59003,1.59061,1.70,3.00
2010.12.13 19:35:43.835,1.59003,1.59061,4.50,3.00
2010.12.13 19:35:46.401,1.59003,1.59061,1.60,3.00
2010.12.13 19:35:46.715,1.59002,1.59053,1.90,1.50
2010.12.13 19:35:47.238,1.59002,1.59052,1.70,1.50
2010.12.13 19:35:48.693,1.59002,1.5905,1.70,1.50
2010.12.13 19:35:51.901,1.59002,1.59052,1.90,1.50
2010.12.13 19:35:52.192,1.59002,1.5905,1.90,1.50
2010.12.13 19:35:55.174,1.59002,1.5905,1.60,1.50
2010.12.13 19:35:55.422,1.59002,1.59052,1.70,1.50
2010.12.13 19:35:56.161,1.59002,1.59051,1.70,1.50
2010.12.13 19:35:58.072,1.58995,1.59051,8.00,1.50
2010.12.13 19:35:58.194,1.58995,1.59047,4.40,1.50
2010.12.13 19:35:58.537,1.58992,1.59042,3.40,1.50
2010.12.13 19:35:58.672,1.58992,1.59046,3.40,1.50
2010.12.13 19:35:59.002,1.58992,1.59046,1.50,1.50
2010.12.13 19:35:59.374,1.5899,1.59046,2.50,1.50
2010.12.13 19:35:59.949,1.5899,1.59046,2.90,1.50
2010.12.13 19:36:01.787,1.5899,1.59046,2.50,1.50
2010.12.13 19:36:02.749,1.5899,1.59046,2.40,1.50
2010.12.13 19:36:02.870,1.5899,1.59046,2.30,1.50
2010.12.13 19:36:03.821,1.58996,1.59048,1.60,1.80
2010.12.13 19:36:04.611,1.58996,1.59048,4.10,1.70
2010.12.13 19:36:04.722,1.58996,1.59048,1.80,1.90
2010.12.13 19:36:05.790,1.58996,1.59048,3.90,1.70
2010.12.13 19:36:05.918,1.58996,1.59048,1.60,1.70
2010.12.13 19:36:07.212,1.58996,1.5905,3.90,1.70
2010.12.13 19:36:09.441,1.5899,1.59047,5.30,1.50
2010.12.13 19:36:09.772,1.58995,1.59051,4.30,1.70
2010.12.13 19:36:09.992,1.58995,1.59051,4.10,1.50
2010.12.13 19:36:10.102,1.58998,1.59056,1.60,1.50
2010.12.13 19:36:10.219,1.58998,1.59056,1.80,1.60
2010.12.13 19:36:12.835,1.58998,1.59056,1.80,1.50
2010.12.13 19:36:13.121,1.58998,1.59056,4.00,1.50
2010.12.13 19:36:14.752,1.58998,1.59056,1.60,1.70
2010.12.13 19:36:14.973,1.58996,1.5905,3.90,1.50
2010.12.13 19:36:17.913,1.58996,1.5905,1.60,1.50
2010.12.13 19:36:18.305,1.58996,1.5905,1.60,1.60
2010.12.13 19:36:19.114,1.58996,1.5905,1.50,1.60
2010.12.13 19:36:21.260,1.58996,1.5905,1.60,1.50
2010.12.13 19:36:21.541,1.58996,1.5905,1.50,1.50
2010.12.13 19:36:22.744,1.5899,1.59046,6.90,1.50
2010.12.13 19:36:23.072,1.5899,1.59043,4.10,1.50
2010.12.13 19:36:24.859,1.5899,1.59043,1.60,1.90
2010.12.13 19:36:26.375,1.5899,1.59043,1.60,1.70
2010.12.13 19:36:26.766,1.58985,1.59039,7.70,1.50
2010.12.13 19:36:26.994,1.58985,1.59039,1.60,1.50
2010.12.13 19:36:27.103,1.58983,1.59037,1.60,1.50
2010.12.13 19:36:27.221,1.58984,1.5904,1.60,1.50
2010.12.13 19:36:27.524,1.58984,1.5904,1.50,1.70
2010.12.13 19:36:27.635,1.58974,1.59032,4.10,1.50
2010.12.13 19:36:28.945,1.58974,1.59032,1.70,1.50
2010.12.13 19:36:29.581,1.58974,1.59032,1.70,1.80
2010.12.13 19:36:30.516,1.58974,1.59032,1.70,1.50
2010.12.13 19:36:31.022,1.58974,1.59032,6.90,1.50
2010.12.13 19:36:31.353,1.58974,1.59032,3.00,1.60
2010.12.13 19:36:31.574,1.58985,1.59039,1.50,1.50
2010.12.13 19:36:31.929,1.58985,1.59039,1.80,1.60
2010.12.13 19:36:32.731,1.58985,1.59039,1.60,1.50
2010.12.13 19:36:34.872,1.58985,1.59039,1.60,1.50
2010.12.13 19:36:35.918,1.58985,1.59039,1.80,1.60
2010.12.13 19:36:40.623,1.5898,1.59034,4.50,1.50
2010.12.13 19:36:41.810,1.5898,1.59034,4.20,3.00
2010.12.13 19:36:50.353,1.58983,1.59034,1.40,3.00
2010.12.13 19:36:53.809,1.5898,1.59034,4.60,3.00
2010.12.13 19:37:04.213,1.5898,1.59034,4.10,3.20
2010.12.13 19:37:04.685,1.58976,1.59025,1.20,1.50
2010.12.13 19:37:05.024,1.58976,1.59019,1.20,1.50
2010.12.13 19:37:05.311,1.58976,1.59025,1.20,1.50
2010.12.13 19:37:05.677,1.58976,1.59019,1.20,1.50
2010.12.13 19:37:06.097,1.58976,1.59025,1.20,1.50
2010.12.13 19:37:06.832,1.58977,1.59025,1.20,1.50
2010.12.13 19:37:08.063,1.58986,1.5903,2.30,1.20
2010.12.13 19:37:08.632,1.58979,1.59029,2.80,1.50
2010.12.13 19:37:08.743,1.58979,1.59029,2.90,1.50
2010.12.13 19:37:08.854,1.58979,1.59029,2.30,1.50
2010.12.13 19:37:09.174,1.58979,1.59029,2.50,1.50
2010.12.13 19:37:11.430,1.58979,1.59029,2.40,1.50
2010.12.13 19:37:11.751,1.58979,1.59029,2.80,1.50
2010.12.13 19:37:11.972,1.58979,1.59029,2.40,1.50
2010.12.13 19:37:12.315,1.58979,1.59029,2.50,1.50
2010.12.13 19:37:12.955,1.58979,1.59029,2.30,1.50
2010.12.13 19:37:14.565,1.58979,1.59029,2.50,1.50
2010.12.13 19:37:14.942,1.58979,1.59029,2.30,1.50
2010.12.13 19:37:15.863,1.58979,1.59029,2.80,1.50
2010.12.13 19:37:25.308,1.58979,1.59031,6.40,1.50
2010.12.13 19:37:28.498,1.58979,1.59029,2.80,1.50
2010.12.13 19:37:30.254,1.58982,1.59031,4.10,1.50
2010.12.13 19:37:30.846,1.58978,1.5903,2.50,1.50
2010.12.13 19:37:31.516,1.58978,1.5903,2.90,1.50
2010.12.13 19:37:32.774,1.58978,1.5903,2.50,1.50
2010.12.13 19:37:36.405,1.58984,1.59033,1.60,1.50
2010.12.13 19:37:36.622,1.58984,1.59033,1.80,1.50
2010.12.13 19:37:37.625,1.58984,1.59033,4.10,1.50
2010.12.13 19:37:38.404,1.58984,1.59032,4.40,1.50
2010.12.13 19:37:38.517,1.58984,1.59032,1.60,1.70
2010.12.13 19:37:38.633,1.58976,1.5903,4.10,1.50
2010.12.13 19:37:39.828,1.58976,1.59029,4.10,1.50
2010.12.13 19:37:41.181,1.58963,1.59015,3.10,1.50
2010.12.13 19:37:41.412,1.58963,1.59015,1.30,1.50
2010.12.13 19:37:41.883,1.58963,1.59015,3.70,1.50
2010.12.13 19:37:42.723,1.58963,1.59015,3.10,1.50
2010.12.13 19:37:43.823,1.58963,1.59015,1.40,1.50
2010.12.13 19:37:44.185,1.58963,1.59015,3.70,1.50
2010.12.13 19:37:47.692,1.58964,1.59015,1.30,1.50
2010.12.13 19:37:47.806,1.58964,1.59015,1.30,1.70
2010.12.13 19:37:48.132,1.58953,1.59007,11.10,1.50
2010.12.13 19:37:48.504,1.58959,1.59007,4.20,1.50
2010.12.13 19:37:49.137,1.58963,1.59007,4.20,1.50
2010.12.13 19:37:49.617,1.58961,1.59007,1.20,1.50
2010.12.13 19:37:49.867,1.58961,1.59011,1.20,1.50
2010.12.13 19:37:50.026,1.58958,1.59011,4.80,1.50
2010.12.13 19:37:50.254,1.58961,1.59011,1.20,1.50
2010.12.13 19:37:50.612,1.58958,1.59007,1.20,1.50
2010.12.13 19:37:51.432,1.58961,1.59007,1.20,1.50
2010.12.13 19:37:55.762,1.58959,1.59011,4.40,1.50
2010.12.13 19:37:55.984,1.58959,1.59011,3.90,1.70
2010.12.13 19:37:56.517,1.58954,1.59007,4.00,1.20
2010.12.13 19:37:56.908,1.58953,1.58999,2.30,1.50
2010.12.13 19:37:57.242,1.58938,1.58993,4.00,1.50
2010.12.13 19:37:57.747,1.58938,1.58993,3.90,1.50
2010.12.13 19:37:58.283,1.58933,1.58993,1.20,1.50
2010.12.13 19:37:58.393,1.58938,1.58993,1.20,1.50
2010.12.13 19:37:59.022,1.58936,1.58993,3.30,1.50
2010.12.13 19:37:59.185,1.58936,1.58993,3.60,1.50
2010.12.13 19:37:59.952,1.58937,1.58993,3.30,1.50
2010.12.13 19:38:02.058,1.58938,1.58993,1.30,1.50
2010.12.13 19:38:02.283,1.58943,1.58999,2.00,1.50
2010.12.13 19:38:02.393,1.58943,1.58999,4.10,1.50
2010.12.13 19:38:03.913,1.58943,1.58999,4.40,1.50
2010.12.13 19:38:04.373,1.58944,1.58999,1.40,1.50
2010.12.13 19:38:05.482,1.5895,1.5901,2.30,2.60
2010.12.13 19:38:06.532,1.58944,1.5899,2.50,1.50
2010.12.13 19:38:06.903,1.58935,1.5899,4.30,1.50
2010.12.13 19:38:07.572,1.58935,1.5899,4.30,1.50
2010.12.13 19:38:08.496,1.58935,1.5899,4.30,1.50
2010.12.13 19:38:09.456,1.58935,1.58989,4.50,1.50
2010.12.13 19:38:09.564,1.58931,1.58983,5.00,1.50
2010.12.13 19:38:10.445,1.58931,1.58983,5.00,1.50
2010.12.13 19:38:11.462,1.58943,1.58983,1.20,1.50
2010.12.13 19:38:11.573,1.58943,1.58989,1.20,1.50
2010.12.13 19:38:11.682,1.5894,1.58989,1.40,1.50
2010.12.13 19:38:12.629,1.5894,1.58989,1.20,1.50
2010.12.13 19:38:18.560,1.58938,1.58989,1.20,1.50
2010.12.13 19:38:20.692,1.58937,1.58989,1.20,1.50
2010.12.13 19:38:21.824,1.58942,1.59,4.60,3.00
2010.12.13 19:38:22.042,1.58947,1.59,4.20,1.50
2010.12.13 19:38:22.373,1.58948,1.5901,5.90,2.60
2010.12.13 19:38:22.713,1.58954,1.5901,1.40,1.50
2010.12.13 19:38:23.163,1.58952,1.5901,1.40,1.50
2010.12.13 19:38:23.555,1.58971,1.5901,1.80,1.50
2010.12.13 19:38:23.664,1.58971,1.59025,1.80,1.50
2010.12.13 19:38:23.991,1.58977,1.59029,1.70,1.50
2010.12.13 19:38:24.106,1.58977,1.59029,1.80,1.50
2010.12.13 19:38:24.213,1.58977,1.59029,1.90,1.50
2010.12.13 19:38:24.435,1.58977,1.59029,1.80,1.50
2010.12.13 19:38:25.293,1.58972,1.59029,2.50,1.50
2010.12.13 19:38:25.762,1.58972,1.59029,2.70,1.50
2010.12.13 19:38:26.246,1.58972,1.59029,2.50,1.50
2010.12.13 19:38:27.026,1.58972,1.59029,2.70,1.50
2010.12.13 19:38:27.517,1.58972,1.59029,2.80,1.50
2010.12.13 19:38:28.785,1.58973,1.59029,1.30,1.50
2010.12.13 19:38:29.779,1.58973,1.59029,1.20,1.50
2010.12.13 19:38:31.573,1.58972,1.59029,1.40,1.50
2010.12.13 19:38:31.814,1.58972,1.5902,1.40,1.50
2010.12.13 19:38:37.215,1.58968,1.5902,2.50,1.50
2010.12.13 19:38:37.588,1.58968,1.59019,2.50,1.50
2010.12.13 19:38:37.707,1.58968,1.59026,2.30,1.70
2010.12.13 19:38:37.825,1.58972,1.59022,1.10,1.50
2010.12.13 19:38:38.239,1.58965,1.59013,1.10,1.50
2010.12.13 19:38:38.404,1.58961,1.59023,1.80,1.70
2010.12.13 19:38:38.513,1.58964,1.59023,1.30,1.50
2010.12.13 19:38:38.621,1.58964,1.59013,1.30,1.50
2010.12.13 19:38:39.976,1.58961,1.59013,1.70,1.50
2010.12.13 19:38:42.606,1.58961,1.59013,4.00,1.50
2010.12.13 19:38:43.113,1.58961,1.59014,4.00,1.50
2010.12.13 19:38:48.880,1.58959,1.59008,4.50,1.50
2010.12.13 19:38:49.006,1.58959,1.59008,1.70,1.50
2010.12.13 19:38:49.117,1.5896,1.59013,1.70,1.50
2010.12.13 19:38:50.707,1.5896,1.59013,4.00,1.50
2010.12.13 19:38:53.742,1.58968,1.59013,1.10,1.50
2010.12.13 19:38:53.852,1.58968,1.5902,1.10,1.50
2010.12.13 19:38:54.194,1.58968,1.5902,2.80,1.50
2010.12.13 19:38:56.786,1.58968,1.5902,2.80,1.50
2010.12.13 19:38:57.620,1.58972,1.5902,1.40,1.50
2010.12.13 19:38:58.216,1.58976,1.5902,2.50,1.50
2010.12.13 19:38:58.332,1.58976,1.59025,1.10,1.50
2010.12.13 19:38:58.664,1.58976,1.59025,2.50,1.50
2010.12.13 19:38:58.774,1.58976,1.5903,2.50,1.50
2010.12.13 19:38:59.868,1.58976,1.5903,2.30,1.50
2010.12.13 19:39:00.404,1.58976,1.5903,2.60,1.60
2010.12.13 19:39:00.752,1.58978,1.59026,1.40,1.50
2010.12.13 19:39:01.082,1.58967,1.59019,1.20,1.50
2010.12.13 19:39:01.192,1.58966,1.59019,4.80,1.50
2010.12.13 19:39:02.613,1.58966,1.59012,4.80,1.50
2010.12.13 19:39:02.834,1.58966,1.59012,4.20,1.50
2010.12.13 19:39:04.758,1.58964,1.59012,4.50,1.50
2010.12.13 19:39:28.661,1.58965,1.59012,5.10,1.50
2010.12.13 19:39:29.786,1.58965,1.59012,4.80,1.50
2010.12.13 19:39:29.903,1.58965,1.59012,4.50,1.50
2010.12.13 19:39:33.663,1.58965,1.59012,1.40,1.50
2010.12.13 19:39:33.995,1.58965,1.59012,2.50,1.50
2010.12.13 19:39:34.104,1.58967,1.59021,5.10,1.50
2010.12.13 19:39:34.823,1.58967,1.59021,4.40,1.50
2010.12.13 19:39:35.302,1.58967,1.59021,4.80,1.50
2010.12.13 19:39:35.792,1.58967,1.5902,4.70,1.50
2010.12.13 19:39:36.312,1.58967,1.59021,4.70,1.50
2010.12.13 19:39:37.419,1.5897,1.59021,1.70,1.60
2010.12.13 19:39:37.532,1.58977,1.59021,1.70,1.50
2010.12.13 19:39:37.932,1.58977,1.59021,1.50,1.50
2010.12.13 19:39:38.182,1.58977,1.59021,1.60,1.50
2010.12.13 19:39:38.487,1.58977,1.59021,1.50,1.70
2010.12.13 19:39:38.822,1.58958,1.59006,1.80,1.50
2010.12.13 19:39:39.043,1.58953,1.59006,1.80,1.50
2010.12.13 19:39:39.345,1.58953,1.59001,1.80,1.50
2010.12.13 19:39:39.485,1.58947,1.59001,1.70,1.70
2010.12.13 19:39:39.593,1.58947,1.58992,1.70,1.50
2010.12.13 19:39:40.323,1.58933,1.58991,4.90,3.00
2010.12.13 19:39:40.542,1.58933,1.58991,4.40,3.00
2010.12.13 19:39:40.652,1.58933,1.58991,4.90,3.00
2010.12.13 19:39:41.282,1.58934,1.58991,4.80,1.50
2010.12.13 19:39:42.686,1.58938,1.58991,1.40,1.50
2010.12.13 19:39:43.221,1.58938,1.58991,1.40,3.00
2010.12.13 19:39:44.792,1.58937,1.58991,1.20,4.10
2010.12.13 19:39:45.012,1.58933,1.58991,5.10,3.00
2010.12.13 19:39:45.123,1.58933,1.58985,1.40,1.50
2010.12.13 19:39:45.343,1.58934,1.5899,4.60,1.50
2010.12.13 19:39:45.562,1.58938,1.5899,1.20,1.50
2010.12.13 19:39:46.793,1.58934,1.5899,4.60,1.50
2010.12.13 19:39:46.984,1.58934,1.5899,4.50,1.50
2010.12.13 19:39:47.860,1.58934,1.5899,4.20,1.50
2010.12.13 19:39:48.376,1.58937,1.5899,1.20,1.50
2010.12.13 19:39:49.007,1.58934,1.5899,4.20,1.50
2010.12.13 19:39:49.487,1.58934,1.5899,4.50,1.50
2010.12.13 19:39:50.424,1.58934,1.5899,4.20,1.50
2010.12.13 19:39:51.512,1.58933,1.58989,4.80,1.50
2010.12.13 19:39:52.021,1.58934,1.5899,4.20,1.50
2010.12.13 19:39:53.152,1.58945,1.58996,4.10,1.50
2010.12.13 19:39:53.679,1.58945,1.58996,1.90,1.50
2010.12.13 19:39:54.503,1.58945,1.58996,6.20,1.50
2010.12.13 19:39:55.777,1.58945,1.58996,6.60,1.50
2010.12.13 19:39:57.224,1.58945,1.58996,6.20,1.50
2010.12.13 19:39:57.335,1.58953,1.59001,1.10,1.50
2010.12.13 19:39:57.552,1.58958,1.59005,1.70,1.50
2010.12.13 19:39:57.802,1.58958,1.59005,1.90,1.50
2010.12.13 19:39:57.959,1.58958,1.59005,1.70,1.50
2010.12.13 19:39:58.723,1.58953,1.59005,2.30,1.50
2010.12.13 19:39:58.834,1.58949,1.59005,1.80,1.50
2010.12.13 19:39:59.194,1.58943,1.58998,1.40,1.50
2010.12.13 19:39:59.935,1.5894,1.58998,2.60,1.50
2010.12.13 19:40:00.365,1.5894,1.58998,2.60,1.50
2010.12.13 19:40:00.817,1.58947,1.58999,1.40,1.50
2010.12.13 19:40:01.157,1.58942,1.58987,1.20,1.50
2010.12.13 19:40:01.274,1.58929,1.58987,3.40,1.50
2010.12.13 19:40:01.386,1.58933,1.5898,1.20,1.50
2010.12.13 19:40:01.787,1.58944,1.58997,1.10,1.50
2010.12.13 19:40:01.905,1.58952,1.59004,1.50,2.60
2010.12.13 19:40:02.238,1.58952,1.59004,2.60,1.20
2010.12.13 19:40:02.355,1.58963,1.59016,1.50,1.50
2010.12.13 19:40:03.524,1.58966,1.59016,1.20,1.50
2010.12.13 19:40:03.634,1.58966,1.59025,1.40,1.50
2010.12.13 19:40:04.773,1.58966,1.59025,1.50,1.50
2010.12.13 19:40:05.559,1.58972,1.59026,3.00,1.50
2010.12.13 19:40:05.785,1.58972,1.59026,3.00,1.50
2010.12.13 19:40:06.025,1.58972,1.59022,1.20,1.60
2010.12.13 19:40:06.617,1.58966,1.59015,1.90,1.50
2010.12.13 19:40:07.265,1.58966,1.59015,1.90,1.50
2010.12.13 19:40:08.212,1.58966,1.59015,4.50,1.50
2010.12.13 19:40:09.268,1.58966,1.59015,4.80,1.50
2010.12.13 19:40:12.480,1.58966,1.59015,4.30,1.50
2010.12.13 19:40:13.693,1.58969,1.59015,2.30,1.50
2010.12.13 19:40:13.927,1.58972,1.59025,1.80,1.50
2010.12.13 19:40:15.458,1.58972,1.59025,1.90,1.50
2010.12.13 19:40:19.868,1.58972,1.59025,4.40,1.50
2010.12.13 19:40:20.401,1.58972,1.59025,4.70,1.50
2010.12.13 19:40:21.663,1.58972,1.59032,4.70,1.90
2010.12.13 19:40:21.883,1.58974,1.59034,1.50,1.50
2010.12.13 19:40:22.862,1.58979,1.59034,1.40,1.50
2010.12.13 19:40:22.973,1.58985,1.59043,1.20,1.50
2010.12.13 19:40:23.532,1.58986,1.59045,1.20,1.50
2010.12.13 19:40:23.752,1.58986,1.59045,1.20,1.50
2010.12.13 19:40:25.762,1.58986,1.59045,1.50,1.50
2010.12.13 19:40:34.524,1.5899,1.59048,4.70,1.50
2010.12.13 19:40:34.633,1.58994,1.59053,4.40,1.50
2010.12.13 19:40:34.965,1.58999,1.59053,1.60,1.60
2010.12.13 19:40:35.293,1.58999,1.59053,1.60,1.50
2010.12.13 19:40:35.513,1.58999,1.59053,1.50,1.60
2010.12.13 19:40:35.882,1.58999,1.59053,1.60,1.50
2010.12.13 19:40:36.347,1.58999,1.59053,1.50,1.80
2010.12.13 19:40:36.732,1.58999,1.59053,1.60,1.60
2010.12.13 19:40:37.781,1.58999,1.59053,1.70,1.60
2010.12.13 19:40:38.773,1.58999,1.59053,1.70,1.80
2010.12.13 19:40:39.824,1.58999,1.59044,1.60,1.50
2010.12.13 19:40:40.439,1.58999,1.59044,1.60,1.50
2010.12.13 19:40:40.702,1.58999,1.59044,1.60,1.50
2010.12.13 19:40:40.811,1.58999,1.59053,1.60,1.60
2010.12.13 19:40:45.256,1.59001,1.59053,1.30,1.50
2010.12.13 19:40:45.363,1.59001,1.59053,1.50,1.50
2010.12.13 19:40:45.472,1.59001,1.59065,1.50,1.80
2010.12.13 19:40:45.582,1.59001,1.59065,3.20,1.50
2010.12.13 19:40:45.817,1.59001,1.59057,1.30,1.50
2010.12.13 19:40:45.932,1.58999,1.59054,1.70,1.50
2010.12.13 19:40:47.022,1.58999,1.59054,1.60,1.60
2010.12.13 19:40:47.827,1.58999,1.59054,1.60,1.50
2010.12.13 19:40:48.979,1.58999,1.59054,1.70,1.60
2010.12.13 19:40:49.315,1.58999,1.59054,2.90,1.50
2010.12.13 19:40:53.002,1.59001,1.59064,3.20,1.60
2010.12.13 19:40:53.127,1.59001,1.59064,1.40,3.90
2010.12.13 19:40:53.622,1.59009,1.59068,1.70,1.40
2010.12.13 19:40:53.734,1.59009,1.5907,1.70,2.70
2010.12.13 19:40:54.134,1.59015,1.5907,1.50,1.60
2010.12.13 19:40:54.353,1.5901,1.5907,1.50,3.30
2010.12.13 19:40:54.572,1.59009,1.5907,1.80,3.10
2010.12.13 19:40:54.948,1.59009,1.59069,4.00,1.20
2010.12.13 19:40:55.286,1.59006,1.59066,1.20,1.50
2010.12.13 19:40:55.706,1.59001,1.59064,1.50,2.70
2010.12.13 19:40:55.827,1.58998,1.59064,8.60,2.70
2010.12.13 19:40:56.935,1.59002,1.59068,3.20,1.20
2010.12.13 19:40:57.613,1.59002,1.59068,1.60,1.20
2010.12.13 19:40:57.941,1.59008,1.59072,1.60,1.20
2010.12.13 19:40:58.272,1.59008,1.59072,4.50,1.20
2010.12.13 19:40:58.382,1.59008,1.59072,1.60,1.20
2010.12.13 19:40:58.492,1.59008,1.59072,1.60,1.30
2010.12.13 19:40:58.823,1.59009,1.5907,1.70,1.20
2010.12.13 19:40:58.933,1.59009,1.59074,3.00,1.60
2010.12.13 19:40:59.375,1.59022,1.59074,1.50,1.50
2010.12.13 19:41:00.167,1.5902,1.59079,1.70,1.80
2010.12.13 19:41:00.537,1.5902,1.59079,1.70,3.90
2010.12.13 19:41:00.771,1.59014,1.59075,1.90,1.60
2010.12.13 19:41:00.992,1.59012,1.59074,1.40,1.50
2010.12.13 19:41:01.212,1.59012,1.59074,3.40,1.60
2010.12.13 19:41:01.543,1.59012,1.59074,1.50,1.80
2010.12.13 19:41:03.035,1.59009,1.59056,2.70,1.50
2010.12.13 19:41:03.525,1.59008,1.59064,1.90,1.50
2010.12.13 19:41:03.755,1.59008,1.59064,2.90,1.60
2010.12.13 19:41:03.865,1.59008,1.59064,1.40,1.50
2010.12.13 19:41:04.876,1.59006,1.59073,1.40,4.60
2010.12.13 19:41:05.306,1.59008,1.59074,2.70,3.90
2010.12.13 19:41:06.774,1.59008,1.59074,4.30,3.90
2010.12.13 19:41:07.625,1.59009,1.59067,1.60,1.60
2010.12.13 19:41:09.754,1.59009,1.59063,1.70,1.80
2010.12.13 19:41:11.472,1.59009,1.59063,1.80,1.60
2010.12.13 19:41:12.358,1.59009,1.59063,4.20,1.60
2010.12.13 19:41:13.824,1.59009,1.59063,1.80,1.60
2010.12.13 19:41:14.622,1.59009,1.59063,4.20,1.50
2010.12.13 19:41:15.524,1.59009,1.59063,1.70,1.50
2010.12.13 19:41:15.743,1.59009,1.59063,4.00,1.50
2010.12.13 19:41:16.184,1.59009,1.59063,1.70,1.50
2010.12.13 19:41:16.642,1.59009,1.59063,4.20,1.50
2010.12.13 19:41:18.407,1.59021,1.59072,1.60,1.50
2010.12.13 19:41:18.635,1.59019,1.59075,1.80,1.60
2010.12.13 19:41:18.945,1.59019,1.59075,1.80,1.70
2010.12.13 19:41:19.055,1.59016,1.59064,1.60,1.50
2010.12.13 19:41:20.107,1.59009,1.59064,4.10,1.50
2010.12.13 19:41:21.118,1.59009,1.59064,4.80,1.50
2010.12.13 19:41:24.526,1.59021,1.59076,1.50,1.50
2010.12.13 19:41:26.852,1.59021,1.59076,3.50,1.50
2010.12.13 19:41:30.023,1.59029,1.5908,4.00,1.50
2010.12.13 19:41:30.732,1.59029,1.5908,4.00,1.50
2010.12.13 19:41:32.527,1.59029,1.5908,4.60,1.50
2010.12.13 19:41:34.588,1.59029,1.5908,4.60,1.50
2010.12.13 19:41:34.703,1.59028,1.59081,4.40,1.50
2010.12.13 19:41:35.852,1.59028,1.59081,4.80,1.50
2010.12.13 19:41:38.405,1.59028,1.59081,1.80,1.50
2010.12.13 19:41:38.512,1.59028,1.59081,1.60,1.70
2010.12.13 19:41:38.965,1.59021,1.59075,3.50,1.50
2010.12.13 19:41:40.935,1.59021,1.59075,3.50,1.50
2010.12.13 19:41:41.153,1.59028,1.59081,1.70,1.50
2010.12.13 19:41:41.367,1.59028,1.59081,4.50,1.50
2010.12.13 19:41:41.964,1.59028,1.59081,5.00,1.50
2010.12.13 19:41:42.762,1.59031,1.59081,1.40,1.50
2010.12.13 19:41:43.435,1.59028,1.59081,4.40,1.50
2010.12.13 19:41:43.905,1.59028,1.59081,4.60,1.50
2010.12.13 19:41:44.252,1.59028,1.59081,4.50,1.50
2010.12.13 19:41:44.472,1.59028,1.59081,1.70,1.50
2010.12.13 19:41:44.692,1.59021,1.59076,3.10,1.50
2010.12.13 19:41:45.802,1.59021,1.59076,3.80,1.50
2010.12.13 19:41:46.132,1.59028,1.59081,1.70,1.50
2010.12.13 19:41:47.883,1.59028,1.59081,4.50,1.50
2010.12.13 19:41:48.745,1.59028,1.59081,4.50,1.50
2010.12.13 19:41:49.892,1.59028,1.59081,4.50,1.50
2010.12.13 19:41:52.494,1.59036,1.59089,4.20,3.00
2010.12.13 19:41:52.822,1.59036,1.59089,3.90,1.70
2010.12.13 19:41:53.153,1.59037,1.59089,4.40,1.50
2010.12.13 19:41:53.765,1.59037,1.59089,4.40,1.50
2010.12.13 19:41:55.735,1.59037,1.59089,4.80,1.50
2010.12.13 19:41:57.056,1.59041,1.59094,4.10,1.60
2010.12.13 19:41:58.306,1.59043,1.59094,4.00,1.50
2010.12.13 19:42:00.059,1.59043,1.59094,1.80,1.50
2010.12.13 19:42:00.181,1.59043,1.59094,4.20,1.50
2010.12.13 19:42:00.624,1.59044,1.59097,4.20,1.50
2010.12.13 19:42:00.733,1.59044,1.59097,4.60,1.50
2010.12.13 19:42:00.987,1.59046,1.59099,6.20,1.50
2010.12.13 19:42:01.106,1.59046,1.59106,2.30,1.50
2010.12.13 19:42:01.743,1.59047,1.59106,1.30,1.50
2010.12.13 19:42:02.293,1.59048,1.59106,1.40,1.50
2010.12.13 19:42:03.614,1.59062,1.59111,1.50,1.20
2010.12.13 19:42:04.053,1.59057,1.59113,1.50,1.70
2010.12.13 19:42:04.172,1.5905,1.59107,1.70,1.20
2010.12.13 19:42:04.283,1.59049,1.591,1.70,1.50
2010.12.13 19:42:04.608,1.59049,1.591,1.70,1.50
2010.12.13 19:42:05.003,1.59049,1.591,1.50,1.70
2010.12.13 19:42:05.420,1.59044,1.59099,1.80,1.50
2010.12.13 19:42:05.967,1.59044,1.59099,4.10,1.50
2010.12.13 19:42:06.086,1.59044,1.59099,1.80,1.50
2010.12.13 19:42:07.077,1.59046,1.59099,4.10,1.50
2010.12.13 19:42:07.230,1.59047,1.59104,1.70,1.70
2010.12.13 19:42:07.839,1.59047,1.59104,1.70,1.70
2010.12.13 19:42:08.429,1.59047,1.59104,1.70,1.80
2010.12.13 19:42:08.962,1.59047,1.59104,2.90,1.80
2010.12.13 19:42:09.752,1.59047,1.59104,6.80,1.60
2010.12.13 19:42:10.083,1.59054,1.59104,1.50,2.00
2010.12.13 19:42:10.386,1.59046,1.591,1.80,1.60
2010.12.13 19:42:10.506,1.59048,1.59104,1.80,1.60
2010.12.13 19:42:10.913,1.59048,1.59104,1.80,1.50
2010.12.13 19:42:11.242,1.59056,1.59115,1.70,1.60
2010.12.13 19:42:11.992,1.59056,1.59115,4.00,1.50
2010.12.13 19:42:12.332,1.59056,1.59115,4.50,1.50
2010.12.13 19:42:12.443,1.59056,1.59115,4.00,1.50
2010.12.13 19:42:12.557,1.59059,1.59115,1.80,1.60
2010.12.13 19:42:12.908,1.59059,1.59115,4.10,1.50
2010.12.13 19:42:13.451,1.59067,1.59116,1.90,1.50
2010.12.13 19:42:14.022,1.59067,1.59114,1.90,1.20
2010.12.13 19:42:14.356,1.59062,1.59107,2.00,1.50
2010.12.13 19:42:14.880,1.59062,1.59107,2.00,1.70
2010.12.13 19:42:15.433,1.59059,1.59102,1.80,1.50
2010.12.13 19:42:15.873,1.59059,1.59098,1.60,1.50
2010.12.13 19:42:16.314,1.59059,1.59107,1.60,1.60
2010.12.13 19:42:16.981,1.59054,1.59107,2.00,1.50
2010.12.13 19:42:17.095,1.5905,1.59101,4.10,1.50
2010.12.13 19:42:17.204,1.59051,1.59105,1.90,1.60
2010.12.13 19:42:17.313,1.59048,1.59105,1.90,1.50
2010.12.13 19:42:17.697,1.59047,1.59105,2.60,1.50
2010.12.13 19:42:18.666,1.59047,1.59105,1.30,1.60
2010.12.13 19:42:18.781,1.59047,1.59105,2.60,1.50
2010.12.13 19:42:19.483,1.59047,1.59105,1.10,1.50
2010.12.13 19:42:19.799,1.59047,1.59105,2.50,1.50
2010.12.13 19:42:21.990,1.59047,1.59105,1.10,1.60
2010.12.13 19:42:22.494,1.59047,1.59105,2.80,1.60
2010.12.13 19:42:22.871,1.59047,1.59105,1.10,1.60
2010.12.13 19:42:26.715,1.59046,1.59095,1.60,1.20
2010.12.13 19:42:26.825,1.5904,1.59091,3.30,1.50
2010.12.13 19:42:27.201,1.59035,1.59093,4.00,1.20
2010.12.13 19:42:27.457,1.59035,1.59093,4.00,1.30
2010.12.13 19:42:27.782,1.59035,1.59093,1.70,3.10
2010.12.13 19:42:28.777,1.59033,1.59088,1.10,1.20
2010.12.13 19:42:29.003,1.59026,1.5908,4.00,1.20
2010.12.13 19:42:29.333,1.59021,1.59075,4.80,1.50
2010.12.13 19:42:29.443,1.59016,1.59075,4.00,1.50
2010.12.13 19:42:29.662,1.59016,1.59075,4.20,1.50
2010.12.13 19:42:30.104,1.59015,1.59066,1.60,1.50
2010.12.13 19:42:30.323,1.59007,1.59073,2.50,1.20
2010.12.13 19:42:30.435,1.59006,1.5907,1.50,2.30
2010.12.13 19:42:30.653,1.59,1.59057,7.00,1.50
2010.12.13 19:42:31.043,1.58998,1.59053,5.00,1.50
2010.12.13 19:42:31.493,1.58998,1.59053,4.10,1.50
2010.12.13 19:42:32.084,1.59,1.59063,4.30,1.30
2010.12.13 19:42:33.072,1.59002,1.59064,3.50,1.70
2010.12.13 19:42:33.292,1.59007,1.59064,1.80,1.80
2010.12.13 19:42:33.404,1.5901,1.59068,1.50,3.40
2010.12.13 19:42:33.803,1.59007,1.59064,1.80,1.80
2010.12.13 19:42:34.814,1.59007,1.59064,2.00,1.80
2010.12.13 19:42:35.377,1.59007,1.59064,1.80,1.80
2010.12.13 19:42:36.116,1.59,1.59057,4.10,1.20
2010.12.13 19:42:36.443,1.58994,1.59058,4.80,1.50
2010.12.13 19:42:36.853,1.58994,1.59053,1.70,1.50
2010.12.13 19:42:37.163,1.59002,1.59055,1.50,2.60
2010.12.13 19:42:37.504,1.59003,1.59055,2.20,1.50
2010.12.13 19:42:37.613,1.59011,1.59062,1.70,3.00
2010.12.13 19:42:37.997,1.59003,1.59055,1.40,1.50
2010.12.13 19:42:38.383,1.5901,1.59057,1.50,1.50
2010.12.13 19:42:38.509,1.59011,1.59063,1.70,1.60
2010.12.13 19:42:39.216,1.59011,1.59063,1.90,1.60
2010.12.13 19:42:39.727,1.59011,1.59063,2.00,1.60
2010.12.13 19:42:40.909,1.59018,1.59071,1.70,3.10
2010.12.13 19:42:41.023,1.59018,1.59071,1.70,3.00
2010.12.13 19:42:43.492,1.59018,1.59071,1.70,1.50
2010.12.13 19:42:44.702,1.59018,1.59071,2.00,1.50
2010.12.13 19:42:45.822,1.59018,1.59071,2.00,1.60
2010.12.13 19:42:46.713,1.59018,1.59071,1.80,1.50
2010.12.13 19:42:47.233,1.59018,1.59071,4.10,1.50
2010.12.13 19:42:47.935,1.59018,1.59071,4.50,1.50
2010.12.13 19:42:48.219,1.59018,1.59071,1.80,1.50
2010.12.13 19:42:48.634,1.59018,1.59071,4.10,1.50
2010.12.13 19:42:49.796,1.59018,1.59071,4.10,1.50
2010.12.13 19:42:50.992,1.59018,1.59071,4.50,1.50
2010.12.13 19:42:52.051,1.5902,1.59073,2.50,1.50
2010.12.13 19:42:52.168,1.5902,1.5908,2.50,1.50
2010.12.13 19:42:55.302,1.5902,1.5908,2.30,1.60
2010.12.13 19:42:57.125,1.5902,1.5908,2.40,4.10
2010.12.13 19:42:58.064,1.5902,1.5908,2.40,1.80
2010.12.13 19:42:58.336,1.5902,1.5908,2.50,1.60
2010.12.13 19:42:58.672,1.5902,1.5908,2.30,1.60
2010.12.13 19:42:59.774,1.5902,1.5908,2.30,3.90
2010.12.13 19:43:00.462,1.5902,1.5908,2.40,4.10
2010.12.13 19:43:01.693,1.5902,1.5908,1.10,4.10
2010.12.13 19:43:03.793,1.59014,1.59072,1.80,1.70
2010.12.13 19:43:04.795,1.59015,1.59071,1.90,1.60
2010.12.13 19:43:05.785,1.59015,1.59071,1.90,1.70
2010.12.13 19:43:06.296,1.59015,1.59071,1.80,4.00
2010.12.13 19:43:06.840,1.59018,1.59072,2.10,1.60
2010.12.13 19:43:06.953,1.59025,1.59084,1.10,1.50
2010.12.13 19:43:07.435,1.59025,1.59082,1.30,1.20
2010.12.13 19:43:07.545,1.59025,1.59085,1.10,3.30
2010.12.13 19:43:07.655,1.59025,1.59085,1.10,1.30
2010.12.13 19:43:09.688,1.59025,1.59085,2.50,1.30
2010.12.13 19:43:10.771,1.59025,1.59085,1.30,1.50
2010.12.13 19:43:10.882,1.59025,1.59085,2.50,1.30
2010.12.13 19:43:10.993,1.59025,1.59085,1.10,3.10
2010.12.13 19:43:11.502,1.59019,1.5908,4.00,1.60
2010.12.13 19:43:12.767,1.59019,1.5908,4.00,3.90
2010.12.13 19:43:13.745,1.59019,1.5908,4.10,1.80
2010.12.13 19:43:18.412,1.59028,1.5908,1.10,1.80
2010.12.13 19:43:18.831,1.59044,1.591,1.70,4.20
2010.12.13 19:43:19.743,1.59042,1.59096,1.60,1.60
2010.12.13 19:43:21.830,1.59042,1.59096,1.10,1.60
2010.12.13 19:43:21.948,1.59049,1.59102,1.70,1.80
2010.12.13 19:43:22.514,1.59055,1.59106,1.70,1.60
2010.12.13 19:43:24.802,1.59055,1.59106,1.70,1.60
2010.12.13 19:43:27.475,1.59055,1.59106,1.80,1.60
2010.12.13 19:43:28.068,1.59055,1.59106,1.70,1.80
2010.12.13 19:43:28.775,1.59055,1.59106,1.80,1.60
2010.12.13 19:43:28.886,1.59055,1.59106,1.70,1.80
2010.12.13 19:43:29.555,1.59055,1.59106,1.80,1.60
2010.12.13 19:43:29.662,1.59055,1.59106,1.70,1.80
2010.12.13 19:43:35.367,1.59055,1.59106,1.70,3.90
2010.12.13 19:43:38.493,1.59055,1.59106,1.70,1.60
2010.12.13 19:43:38.822,1.59055,1.59103,1.50,1.30
2010.12.13 19:43:39.133,1.5905,1.59101,1.70,1.50
2010.12.13 19:43:39.694,1.5905,1.59101,1.70,1.80
2010.12.13 19:43:43.892,1.5905,1.59101,1.70,1.60
2010.12.13 19:43:44.223,1.5905,1.59101,1.80,1.60
2010.12.13 19:43:44.922,1.5905,1.59101,4.00,1.50
2010.12.13 19:43:45.340,1.5905,1.59101,1.70,1.60
2010.12.13 19:43:46.001,1.5905,1.59101,1.80,1.80
2010.12.13 19:43:47.529,1.5905,1.59101,1.60,2.00
2010.12.13 19:43:47.854,1.59033,1.59086,1.70,1.50
2010.12.13 19:43:48.388,1.59033,1.59086,1.80,1.50
2010.12.13 19:43:49.001,1.59033,1.59086,4.10,1.50
2010.12.13 19:43:50.481,1.59039,1.59086,1.10,1.50
2010.12.13 19:43:50.598,1.59042,1.59088,1.70,1.60
2010.12.13 19:43:50.834,1.59042,1.59086,1.50,1.80
2010.12.13 19:43:50.944,1.59034,1.59085,1.80,1.80
2010.12.13 19:43:51.054,1.59041,1.59086,1.80,1.50
2010.12.13 19:43:51.164,1.59041,1.59086,1.70,1.70
2010.12.13 19:43:51.682,1.59041,1.59094,4.00,1.60
2010.12.13 19:43:51.971,1.59041,1.59094,1.70,3.90
2010.12.13 19:43:52.151,1.59041,1.59094,4.10,1.60
2010.12.13 19:43:52.269,1.59047,1.59094,1.10,1.60
2010.12.13 19:43:53.822,1.5905,1.59101,1.70,1.60
2010.12.13 19:43:54.171,1.5905,1.59101,1.80,1.60
2010.12.13 19:43:54.692,1.5905,1.59101,1.80,1.50
2010.12.13 19:43:55.833,1.5905,1.59101,1.80,1.80
2010.12.13 19:43:57.004,1.5905,1.591,1.70,3.30
2010.12.13 19:43:57.222,1.59043,1.59097,1.10,1.60
2010.12.13 19:43:57.333,1.59037,1.59097,2.60,3.30
2010.12.13 19:43:58.359,1.59037,1.59097,2.60,7.90
2010.12.13 19:43:59.736,1.59041,1.59097,1.10,3.20
2010.12.13 19:43:59.853,1.59046,1.59097,1.80,1.50
2010.12.13 19:44:00.283,1.59046,1.591,4.10,1.70
2010.12.13 19:44:01.659,1.59057,1.59101,1.50,1.70
2010.12.13 19:44:01.773,1.59057,1.5911,1.70,1.80
2010.12.13 19:44:02.771,1.59057,1.5911,2.00,1.80
2010.12.13 19:44:05.732,1.59059,1.5911,1.10,1.80
2010.12.13 19:44:05.842,1.59063,1.59111,1.80,1.70
2010.12.13 19:44:07.743,1.59063,1.59114,1.80,1.50
2010.12.13 19:44:08.305,1.59073,1.59114,2.10,1.50
2010.12.13 19:44:08.742,1.59079,1.5913,1.70,1.50
2010.12.13 19:44:08.954,1.59079,1.5913,1.70,1.80
2010.12.13 19:44:11.263,1.59079,1.5913,1.70,1.60
2010.12.13 19:44:12.714,1.59079,1.5913,1.70,3.10
2010.12.13 19:44:13.598,1.59079,1.5913,1.70,1.60
2010.12.13 19:44:13.737,1.59079,1.5913,1.80,1.50
2010.12.13 19:44:15.782,1.59079,1.5913,2.00,1.50
2010.12.13 19:44:16.970,1.59079,1.5913,2.00,1.60
2010.12.13 19:44:18.991,1.59077,1.5913,2.00,1.60
2010.12.13 19:44:20.043,1.59077,1.5913,2.00,1.80
2010.12.13 19:44:32.024,1.59077,1.5913,4.50,1.60
2010.12.13 19:44:32.244,1.59083,1.5913,1.60,1.50
2010.12.13 19:44:33.716,1.59077,1.5913,4.50,1.60
2010.12.13 19:44:34.403,1.59077,1.5913,1.90,1.50
2010.12.13 19:44:34.513,1.59077,1.5913,1.80,1.50
2010.12.13 19:44:35.018,1.59077,1.5913,4.00,1.60
2010.12.13 19:44:35.561,1.59077,1.5913,1.80,1.60
2010.12.13 19:44:36.489,1.59072,1.59125,4.20,1.50
2010.12.13 19:44:36.843,1.59072,1.59121,1.80,1.60
2010.12.13 19:44:37.254,1.59067,1.59115,1.30,1.50
2010.12.13 19:44:37.362,1.59072,1.59125,1.80,1.20
2010.12.13 19:44:37.474,1.59072,1.59123,1.50,1.10
2010.12.13 19:44:37.584,1.59068,1.59115,1.50,1.50
2010.12.13 19:44:37.803,1.59059,1.59112,4.00,1.50
2010.12.13 19:44:38.109,1.59058,1.59109,2.70,1.50
2010.12.13 19:44:38.230,1.59053,1.59107,1.70,1.50
2010.12.13 19:44:38.345,1.59051,1.591,6.20,1.50
2010.12.13 19:44:38.892,1.59051,1.59107,6.20,1.50
2010.12.13 19:44:39.456,1.59051,1.59107,6.10,1.50
2010.12.13 19:44:39.672,1.59051,1.59107,6.00,1.60
2010.12.13 19:44:40.185,1.59051,1.59107,2.60,1.60
2010.12.13 19:44:40.294,1.59051,1.59106,1.60,1.40
2010.12.13 19:44:40.622,1.59047,1.591,1.80,1.50
2010.12.13 19:44:42.864,1.59047,1.591,4.00,1.50
2010.12.13 19:44:43.325,1.59047,1.591,4.20,1.50
2010.12.13 19:44:44.422,1.59046,1.59096,2.60,1.50
2010.12.13 19:44:44.933,1.59047,1.591,1.70,1.60
2010.12.13 19:44:45.288,1.59047,1.591,1.70,1.50
2010.12.13 19:44:46.114,1.59053,1.591,1.50,1.60
2010.12.13 19:44:47.468,1.59053,1.59096,1.50,1.50
2010.12.13 19:44:47.933,1.59045,1.59096,1.60,1.50
2010.12.13 19:44:48.043,1.59045,1.59088,1.60,1.50
2010.12.13 19:44:48.263,1.59041,1.59088,1.40,1.60
2010.12.13 19:44:48.948,1.59042,1.59088,1.10,1.50
2010.12.13 19:44:49.305,1.59045,1.59097,2.10,1.50
2010.12.13 19:44:49.564,1.59054,1.59102,1.70,1.50
2010.12.13 19:44:49.675,1.59051,1.59102,1.50,1.50
2010.12.13 19:44:49.784,1.59047,1.59113,1.10,1.20
2010.12.13 19:44:50.516,1.59047,1.59113,1.50,1.20
2010.12.13 19:44:51.825,1.59047,1.59113,3.20,1.30
2010.12.13 19:44:52.391,1.59043,1.59103,1.10,1.50
2010.12.13 19:44:52.506,1.59039,1.59099,1.70,1.50
2010.12.13 19:44:52.832,1.59041,1.59103,1.50,1.20
2010.12.13 19:44:53.602,1.59041,1.59103,3.90,1.20
2010.12.13 19:44:54.271,1.59052,1.59111,1.70,1.50
2010.12.13 19:44:54.382,1.59052,1.59111,1.70,1.60
2010.12.13 19:44:54.772,1.59052,1.59111,1.80,1.60
2010.12.13 19:44:55.805,1.59052,1.59111,2.00,1.80
2010.12.13 19:44:56.139,1.59052,1.59111,4.30,1.50
2010.12.13 19:44:57.794,1.59052,1.59111,4.50,1.50
2010.12.13 19:44:58.731,1.59052,1.59111,2.10,1.60
2010.12.13 19:45:03.682,1.59056,1.59111,4.20,1.50
2010.12.13 19:45:05.395,1.59056,1.59111,1.80,1.60
2010.12.13 19:45:10.457,1.59067,1.59121,1.20,1.60
2010.12.13 19:45:10.573,1.59067,1.59121,1.30,1.50
2010.12.13 19:45:10.904,1.59076,1.59123,1.60,1.70
2010.12.13 19:45:11.694,1.59076,1.59123,1.60,1.50
2010.12.13 19:45:13.755,1.59076,1.59123,1.80,1.60
2010.12.13 19:45:14.289,1.59083,1.59123,1.10,1.60
2010.12.13 19:45:14.404,1.59095,1.59146,1.70,1.60
2010.12.13 19:45:15.825,1.591,1.59142,1.70,1.60
2010.12.13 19:45:16.422,1.591,1.59151,1.70,1.60
2010.12.13 19:45:16.927,1.591,1.59151,1.70,1.50
2010.12.13 19:45:17.046,1.59103,1.59151,1.10,1.50
2010.12.13 19:45:17.274,1.59107,1.59163,2.60,1.80
2010.12.13 19:45:18.289,1.59102,1.59158,2.50,1.30
2010.12.13 19:45:18.404,1.59102,1.59155,1.70,1.30
2010.12.13 19:45:18.918,1.59096,1.59153,2.50,1.20
2010.12.13 19:45:19.264,1.59096,1.59153,2.50,1.20
2010.12.13 19:45:19.593,1.59087,1.59152,2.00,1.50
2010.12.13 19:45:20.544,1.59092,1.59152,2.40,1.50
2010.12.13 19:45:21.933,1.59097,1.59153,1.70,1.30
2010.12.13 19:45:22.153,1.59097,1.59153,1.80,1.30
2010.12.13 19:45:22.996,1.59097,1.59153,1.70,1.30
2010.12.13 19:45:23.719,1.59097,1.59153,1.80,1.50
2010.12.13 19:45:23.835,1.59097,1.59152,1.60,1.30
2010.12.13 19:45:24.712,1.59089,1.59152,2.30,1.40
2010.12.13 19:45:24.822,1.59089,1.59152,2.30,1.20
2010.12.13 19:45:25.792,1.59089,1.59148,2.40,1.50
2010.12.13 19:45:26.674,1.59083,1.59142,4.40,1.60
2010.12.13 19:45:27.865,1.59083,1.59142,4.10,1.60
2010.12.13 19:45:28.814,1.59083,1.59142,4.40,1.60
2010.12.13 19:45:29.604,1.59083,1.59141,1.60,1.50
2010.12.13 19:45:29.878,1.59072,1.59136,4.20,1.20
2010.12.13 19:45:30.799,1.59072,1.59136,2.10,1.20
2010.12.13 19:45:31.509,1.59072,1.59136,4.20,1.20
2010.12.13 19:45:31.858,1.59072,1.59136,4.20,1.20
2010.12.13 19:45:31.974,1.59072,1.59136,4.50,1.30
2010.12.13 19:45:36.014,1.59072,1.59136,4.00,1.30
2010.12.13 19:45:36.233,1.59072,1.59136,1.90,1.20
2010.12.13 19:45:39.628,1.59072,1.59136,1.80,1.30
2010.12.13 19:45:41.756,1.59072,1.59136,2.00,3.30
2010.12.13 19:45:43.656,1.59072,1.59136,1.90,1.30
2010.12.13 19:45:44.514,1.59072,1.59136,4.00,3.10
2010.12.13 19:45:50.872,1.59072,1.59136,4.50,1.50
2010.12.13 19:45:51.985,1.59072,1.59136,1.90,1.30
2010.12.13 19:45:54.171,1.59072,1.59136,4.00,3.10
2010.12.13 19:46:00.534,1.59072,1.59136,4.50,1.50
2010.12.13 19:46:01.603,1.59072,1.59136,4.70,1.30
2010.12.13 19:46:01.713,1.59072,1.59136,2.10,1.50
2010.12.13 19:46:02.703,1.59072,1.59136,4.60,1.20
2010.12.13 19:46:06.913,1.59072,1.59136,4.20,1.30
2010.12.13 19:46:07.461,1.59072,1.59136,2.10,1.50
2010.12.13 19:46:09.932,1.59075,1.59136,2.40,1.50
2010.12.13 19:46:10.044,1.59075,1.59137,2.30,1.20
2010.12.13 19:46:11.013,1.59072,1.5914,10.10,1.50
2010.12.13 19:46:11.920,1.59072,1.5914,7.00,3.10
2010.12.13 19:46:27.736,1.59081,1.5914,1.60,1.30
2010.12.13 19:46:30.064,1.59081,1.5914,1.70,3.10
2010.12.13 19:46:30.394,1.59081,1.5914,4.00,1.30
2010.12.13 19:46:30.722,1.59081,1.59139,4.00,1.20
2010.12.13 19:46:31.777,1.59081,1.59139,4.20,1.20
2010.12.13 19:46:32.125,1.59097,1.59153,1.50,1.50
2010.12.13 19:46:32.237,1.59087,1.59153,1.50,2.90
2010.12.13 19:46:32.354,1.59097,1.59156,1.80,1.20
2010.12.13 19:46:32.736,1.5909,1.59148,3.00,1.90
2010.12.13 19:46:33.063,1.59082,1.5914,4.00,1.20
2010.12.13 19:46:33.173,1.59082,1.59139,4.00,1.20
2010.12.13 19:46:34.801,1.59082,1.59139,1.70,1.30
2010.12.13 19:46:35.023,1.59082,1.59139,1.80,1.20
2010.12.13 19:46:36.013,1.59082,1.59139,4.00,1.30
2010.12.13 19:46:37.510,1.59087,1.59139,1.30,1.20
2010.12.13 19:46:37.855,1.59093,1.59152,2.50,1.50
2010.12.13 19:46:38.553,1.59098,1.59155,1.80,1.30
2010.12.13 19:46:38.998,1.59098,1.59156,1.70,1.50
2010.12.13 19:46:40.823,1.59098,1.59156,1.80,1.30
2010.12.13 19:46:41.163,1.59098,1.59156,1.70,3.10
2010.12.13 19:46:41.272,1.59098,1.59156,1.80,1.50
2010.12.13 19:46:41.474,1.59098,1.59156,4.10,1.30
2010.12.13 19:46:42.327,1.59098,1.59156,1.80,1.30
2010.12.13 19:46:42.552,1.59098,1.59156,4.10,1.20
2010.12.13 19:46:45.354,1.59098,1.59155,1.80,1.30
2010.12.13 19:46:46.596,1.59098,1.59153,4.10,1.20
2010.12.13 19:46:46.934,1.59098,1.59155,1.80,1.30
2010.12.13 19:46:51.754,1.59097,1.59154,1.70,3.90
2010.12.13 19:46:51.977,1.59097,1.59153,1.80,1.30
2010.12.13 19:46:55.034,1.59097,1.59157,4.10,1.20
2010.12.13 19:46:55.142,1.59097,1.59157,4.10,1.50
2010.12.13 19:46:58.532,1.59097,1.59158,4.10,1.50
2010.12.13 19:47:00.763,1.59106,1.59159,2.00,1.60
2010.12.13 19:47:00.983,1.59106,1.59159,1.50,1.60
2010.12.13 19:47:01.092,1.59102,1.59156,1.80,1.20
2010.12.13 19:47:04.574,1.59097,1.59155,4.50,1.20
2010.12.13 19:47:05.905,1.59097,1.59155,4.30,1.30
2010.12.13 19:47:10.951,1.59097,1.59155,4.10,1.20
2010.12.13 19:47:12.834,1.59097,1.59155,4.10,1.20
2010.12.13 19:47:14.673,1.59097,1.59155,1.80,1.30
2010.12.13 19:47:22.469,1.59097,1.59155,1.70,1.30
2010.12.13 19:47:23.023,1.59092,1.59148,1.80,1.20
2010.12.13 19:47:23.714,1.59091,1.59147,1.80,1.50
2010.12.13 19:47:23.958,1.59091,1.59147,1.80,1.60
2010.12.13 19:47:24.292,1.59091,1.59147,4.10,1.60
2010.12.13 19:47:24.412,1.59091,1.59147,4.30,1.70
2010.12.13 19:47:24.522,1.59094,1.59147,1.10,1.70
2010.12.13 19:47:26.055,1.59098,1.59154,1.80,1.30
2010.12.13 19:47:26.546,1.59098,1.59154,1.70,1.30
2010.12.13 19:47:28.103,1.59098,1.59154,1.70,1.30
2010.12.13 19:47:29.484,1.59098,1.59154,1.70,1.20
2010.12.13 19:47:31.967,1.59098,1.59154,1.70,1.30
2010.12.13 19:47:32.907,1.59098,1.59154,1.50,1.50
2010.12.13 19:47:33.413,1.5909,1.59148,4.10,1.60
2010.12.13 19:47:33.522,1.59095,1.59148,1.10,1.60
2010.12.13 19:47:34.083,1.59106,1.59158,1.70,1.60
2010.12.13 19:47:34.664,1.59106,1.59162,1.50,3.00
2010.12.13 19:47:34.773,1.59106,1.59162,1.50,3.20
2010.12.13 19:47:34.882,1.59097,1.59154,2.00,1.30
2010.12.13 19:47:35.745,1.59097,1.59154,2.00,1.20
2010.12.13 19:47:36.832,1.59097,1.59154,2.00,1.30
2010.12.13 19:47:47.349,1.59097,1.59147,1.50,1.60
2010.12.13 19:47:48.712,1.59091,1.59147,1.90,1.70
2010.12.13 19:47:49.479,1.59091,1.59147,1.80,1.60
2010.12.13 19:47:51.572,1.59091,1.59147,4.30,1.70
2010.12.13 19:48:01.316,1.59091,1.59139,4.30,1.50
2010.12.13 19:48:01.586,1.59091,1.59139,1.80,1.50
2010.12.13 19:48:01.698,1.59095,1.59147,1.50,1.70
2010.12.13 19:48:01.818,1.59091,1.59147,4.10,3.10
2010.12.13 19:48:02.043,1.59091,1.59147,4.10,1.60
2010.12.13 19:48:08.386,1.59091,1.59147,1.80,1.60
2010.12.13 19:48:09.246,1.59091,1.59147,4.30,1.50
2010.12.13 19:48:09.352,1.59091,1.59147,1.80,1.60
2010.12.13 19:48:09.574,1.59091,1.59147,4.30,1.50
2010.12.13 19:48:10.643,1.59092,1.59148,2.00,1.30
2010.12.13 19:48:10.752,1.59092,1.59148,1.80,1.30
2010.12.13 19:48:11.632,1.59092,1.59148,1.80,1.20
2010.12.13 19:48:11.928,1.59092,1.59148,1.90,1.20
2010.12.13 19:48:12.262,1.59097,1.5915,1.80,1.30
2010.12.13 19:48:12.851,1.59097,1.59154,1.70,3.10
2010.12.13 19:48:13.773,1.59097,1.59154,4.00,1.30
2010.12.13 19:48:14.932,1.59097,1.59154,1.70,3.10
2010.12.13 19:48:15.418,1.59097,1.59154,4.00,1.20
2010.12.13 19:48:17.671,1.59097,1.59154,1.80,1.20
2010.12.13 19:48:18.101,1.59096,1.59153,4.50,1.20
2010.12.13 19:48:18.562,1.59098,1.59155,4.10,1.20
2010.12.13 19:48:19.773,1.59098,1.59155,1.70,1.20
2010.12.13 19:48:21.244,1.59098,1.59155,4.50,1.20
2010.12.13 19:48:21.723,1.59102,1.59157,1.90,2.70
2010.12.13 19:48:23.063,1.59107,1.59158,1.70,3.00
2010.12.13 19:48:23.651,1.59098,1.59158,1.30,3.10
2010.12.13 19:48:23.762,1.59098,1.59155,2.50,1.20
2010.12.13 19:48:24.831,1.59098,1.59155,2.30,1.20
2010.12.13 19:48:24.942,1.59098,1.59155,2.50,1.20
2010.12.13 19:48:25.052,1.591,1.59155,1.10,1.20
2010.12.13 19:48:25.427,1.59106,1.59158,1.80,1.70
2010.12.13 19:48:26.943,1.59106,1.59158,1.70,1.80
2010.12.13 19:48:27.806,1.59106,1.59158,1.70,1.70
2010.12.13 19:48:28.255,1.59106,1.59152,1.50,1.20
2010.12.13 19:48:28.364,1.59098,1.59151,1.70,1.50
2010.12.13 19:48:28.471,1.59098,1.59151,1.70,1.50
2010.12.13 19:48:30.021,1.59098,1.59151,2.00,1.60
2010.12.13 19:48:32.207,1.59084,1.59135,4.10,1.50
2010.12.13 19:48:32.421,1.59091,1.59147,4.10,1.70
2010.12.13 19:48:33.851,1.59091,1.59147,4.10,1.50
2010.12.13 19:48:34.732,1.59091,1.59142,4.10,1.50
2010.12.13 19:48:34.841,1.59082,1.59142,1.70,4.10
2010.12.13 19:48:35.062,1.59081,1.59141,1.70,2.40
2010.12.13 19:48:35.992,1.59081,1.59139,1.70,1.30
2010.12.13 19:48:38.060,1.59081,1.59139,1.80,1.50
2010.12.13 19:48:41.229,1.59081,1.5914,4.00,1.20
2010.12.13 19:48:41.353,1.59087,1.59142,1.10,1.50
2010.12.13 19:48:42.055,1.59087,1.59147,1.10,1.20
2010.12.13 19:48:42.542,1.59087,1.59147,2.50,1.20
2010.12.13 19:48:42.761,1.59087,1.59147,1.30,1.20
2010.12.13 19:48:47.357,1.59085,1.59147,4.00,1.20
2010.12.13 19:48:48.491,1.59085,1.59147,4.00,1.20
2010.12.13 19:48:48.602,1.59085,1.59147,4.50,1.20
2010.12.13 19:48:48.907,1.59085,1.59147,4.00,1.20
2010.12.13 19:48:49.546,1.59093,1.59151,2.50,1.60
2010.12.13 19:48:49.981,1.59097,1.59154,4.00,1.20
2010.12.13 19:48:50.405,1.59097,1.59154,1.70,1.20
2010.12.13 19:48:50.970,1.59093,1.59146,1.80,1.20
2010.12.13 19:48:51.302,1.59089,1.59146,1.10,1.20
2010.12.13 19:48:58.381,1.59089,1.5914,1.10,1.50
2010.12.13 19:48:58.493,1.59081,1.5914,4.10,2.60
2010.12.13 19:48:59.600,1.59081,1.5914,4.50,2.60
2010.12.13 19:49:00.060,1.59087,1.59138,1.10,1.20
2010.12.13 19:49:00.182,1.59091,1.59143,1.70,1.20
2010.12.13 19:49:02.552,1.59091,1.59139,1.50,1.10
2010.12.13 19:49:02.662,1.59075,1.59127,1.30,1.50
2010.12.13 19:49:02.775,1.5907,1.5912,4.30,1.20
2010.12.13 19:49:02.881,1.59065,1.59125,4.70,1.20
2010.12.13 19:49:03.391,1.59074,1.59128,1.70,1.20
2010.12.13 19:49:03.511,1.59081,1.59128,1.50,1.20
2010.12.13 19:49:03.637,1.59071,1.59125,1.50,1.50
2010.12.13 19:49:03.752,1.59071,1.59125,1.50,1.50
2010.12.13 19:49:04.824,1.59071,1.59125,1.60,1.50
2010.12.13 19:49:05.865,1.59071,1.59125,1.60,1.60
2010.12.13 19:49:06.257,1.59071,1.59125,1.70,1.50
2010.12.13 19:49:16.555,1.59071,1.59125,1.60,1.60
2010.12.13 19:49:17.063,1.59071,1.59125,1.70,1.60
2010.12.13 19:49:18.561,1.59071,1.59125,1.60,1.50
2010.12.13 19:49:19.017,1.59071,1.59125,1.80,1.50
2010.12.13 19:49:19.319,1.59071,1.59125,1.60,1.60
2010.12.13 19:49:20.492,1.59071,1.59125,2.60,1.50
2010.12.13 19:49:20.602,1.59072,1.59129,1.80,1.60
2010.12.13 19:49:21.772,1.59077,1.59132,1.90,1.30
2010.12.13 19:49:23.733,1.59077,1.59132,1.90,1.20
2010.12.13 19:49:24.797,1.59077,1.59132,1.90,1.30
2010.12.13 19:49:27.012,1.59077,1.59132,1.80,1.40
2010.12.13 19:49:32.645,1.59077,1.59132,2.00,1.50
2010.12.13 19:49:35.555,1.59077,1.59132,1.80,1.30
2010.12.13 19:49:37.473,1.59077,1.59132,1.70,3.70
2010.12.13 19:49:37.581,1.59077,1.59132,1.90,1.50
2010.12.13 19:49:38.284,1.59077,1.59131,1.70,3.30
2010.12.13 19:49:38.742,1.59077,1.59132,1.80,1.30
2010.12.13 19:49:39.881,1.59077,1.59132,1.70,3.10
2010.12.13 19:49:44.091,1.59077,1.59132,1.80,1.30
2010.12.13 19:49:49.958,1.59077,1.59132,1.80,1.20
2010.12.13 19:49:50.078,1.59077,1.59132,1.90,1.20
2010.12.13 19:49:52.301,1.59077,1.59132,1.90,1.60
2010.12.13 19:49:55.453,1.59077,1.5913,1.90,1.20
2010.12.13 19:49:55.562,1.59077,1.5913,1.80,1.30
2010.12.13 19:50:11.674,1.59077,1.59132,2.60,1.30
2010.12.13 19:50:11.950,1.59077,1.59132,2.60,1.20
2010.12.13 19:50:12.495,1.59081,1.5914,1.70,6.90
2010.12.13 19:50:13.043,1.59086,1.5914,1.10,1.50
2010.12.13 19:50:15.814,1.5909,1.59146,1.70,3.10
2010.12.13 19:50:20.021,1.59087,1.5914,1.50,9.60
2010.12.13 19:50:20.132,1.59087,1.59127,1.50,1.50
2010.12.13 19:50:20.258,1.59071,1.59124,1.70,1.50
2010.12.13 19:50:20.389,1.59072,1.59134,1.10,1.30
2010.12.13 19:50:21.165,1.5907,1.59134,2.50,1.50
2010.12.13 19:50:21.933,1.59073,1.59134,1.10,3.30
2010.12.13 19:50:24.101,1.5907,1.59134,6.00,3.10
2010.12.13 19:50:25.484,1.5907,1.59134,6.20,1.30
2010.12.13 19:50:25.963,1.59072,1.59134,1.10,1.30
2010.12.13 19:50:26.153,1.5907,1.59134,6.30,1.50
2010.12.13 19:50:26.551,1.5907,1.59134,2.60,3.10
2010.12.13 19:50:26.972,1.5907,1.59134,6.20,1.30
2010.12.13 19:50:40.932,1.5907,1.59134,6.20,3.30
2010.12.13 19:50:41.041,1.5907,1.59134,6.30,1.50
2010.12.13 19:50:42.334,1.5907,1.59134,6.20,1.30
2010.12.13 19:50:42.446,1.5907,1.59134,6.00,1.20
2010.12.13 19:50:42.554,1.59078,1.59134,1.10,1.20
2010.12.13 19:50:42.662,1.59079,1.59137,1.70,1.20
2010.12.13 19:50:42.923,1.59081,1.59139,1.70,1.20
2010.12.13 19:50:43.071,1.5908,1.59136,1.70,1.60
2010.12.13 19:50:43.767,1.5907,1.59135,1.90,1.30
2010.12.13 19:50:44.023,1.5907,1.59135,4.30,1.30
2010.12.13 19:50:44.355,1.5907,1.59135,4.10,1.20
2010.12.13 19:50:45.470,1.5907,1.59136,4.10,2.60
2010.12.13 19:50:45.649,1.5907,1.59136,4.40,2.70
2010.12.13 19:50:46.007,1.5907,1.59136,4.10,2.70
2010.12.13 19:50:46.983,1.5907,1.59136,4.10,2.70
2010.12.13 19:50:47.295,1.5907,1.59136,4.70,2.70
2010.12.13 19:50:47.736,1.5907,1.59136,4.70,2.90
2010.12.13 19:50:52.216,1.5907,1.59135,7.70,1.20
2010.12.13 19:50:52.667,1.59072,1.5913,1.80,1.50
2010.12.13 19:50:52.886,1.59064,1.59124,1.70,1.60
2010.12.13 19:50:53.102,1.59057,1.59122,1.90,1.40
2010.12.13 19:50:53.212,1.59055,1.59115,4.00,1.20
2010.12.13 19:50:53.539,1.59075,1.59127,1.70,1.60
2010.12.13 19:50:53.690,1.59063,1.59123,1.20,1.70
2010.12.13 19:50:53.802,1.59068,1.59115,1.50,1.20
2010.12.13 19:50:53.912,1.59068,1.59122,1.50,1.20
2010.12.13 19:50:55.004,1.59068,1.59122,1.50,1.30
2010.12.13 19:50:56.038,1.59068,1.59122,1.50,1.20
2010.12.13 19:50:56.152,1.59068,1.59122,1.50,1.50
2010.12.13 19:50:57.394,1.59068,1.59122,1.60,1.30
2010.12.13 19:50:57.945,1.59068,1.59122,1.80,1.30
2010.12.13 19:50:59.814,1.59068,1.59122,1.50,1.20
2010.12.13 19:51:02.025,1.59068,1.59122,1.50,1.50
2010.12.13 19:51:03.733,1.59068,1.59122,1.50,1.20
2010.12.13 19:51:13.512,1.59067,1.59118,1.70,1.60
2010.12.13 19:51:13.622,1.59067,1.59118,4.00,1.50
2010.12.13 19:51:13.733,1.59067,1.59116,4.00,1.60
2010.12.13 19:51:14.504,1.59067,1.59116,4.10,1.50
2010.12.13 19:51:15.063,1.59067,1.59116,1.80,1.50
2010.12.13 19:51:15.813,1.59067,1.59122,1.80,1.20
2010.12.13 19:51:16.361,1.59066,1.59117,4.00,1.50
2010.12.13 19:51:17.111,1.59066,1.59117,1.80,1.70
2010.12.13 19:51:17.503,1.59072,1.59119,1.10,1.50
2010.12.13 19:51:17.728,1.59071,1.59129,2.50,1.60
2010.12.13 19:51:17.843,1.59063,1.59129,2.20,4.00
2010.12.13 19:51:18.433,1.59067,1.59125,2.50,3.30
2010.12.13 19:51:18.546,1.59067,1.59125,2.50,3.00
2010.12.13 19:51:18.762,1.59071,1.59127,1.50,1.80
2010.12.13 19:51:18.875,1.59062,1.59126,1.40,1.70
2010.12.13 19:51:18.984,1.59053,1.59121,2.10,1.30
2010.12.13 19:51:19.391,1.59052,1.59116,1.10,1.50
2010.12.13 19:51:19.722,1.59053,1.59116,1.40,1.50
2010.12.13 19:51:20.134,1.59053,1.59116,1.50,1.50
2010.12.13 19:51:20.746,1.59053,1.59116,1.40,1.50
2010.12.13 19:51:21.222,1.59053,1.59116,1.20,1.50
2010.12.13 19:51:21.332,1.59051,1.59108,1.70,1.60
2010.12.13 19:51:21.932,1.5905,1.59108,1.60,1.60
2010.12.13 19:51:22.126,1.5905,1.59108,1.70,1.60
2010.12.13 19:51:22.512,1.5905,1.59108,1.70,1.60
2010.12.13 19:51:23.826,1.5905,1.59108,1.80,1.80
2010.12.13 19:51:24.230,1.5905,1.59108,1.70,3.90
2010.12.13 19:51:25.514,1.5905,1.59108,1.70,1.90
2010.12.13 19:51:26.252,1.5905,1.59108,1.80,1.80
2010.12.13 19:51:26.705,1.5905,1.59108,1.70,1.90
2010.12.13 19:51:27.033,1.5905,1.59108,1.70,3.90
2010.12.13 19:51:27.389,1.5905,1.59108,4.00,1.60
2010.12.13 19:51:30.229,1.5905,1.59108,1.70,1.90
2010.12.13 19:51:31.262,1.5905,1.59108,1.60,1.60
2010.12.13 19:51:32.974,1.59049,1.59097,1.80,1.50
2010.12.13 19:51:33.085,1.59044,1.59097,1.70,1.50
2010.12.13 19:51:34.775,1.59044,1.59097,1.80,1.60
2010.12.13 19:51:35.103,1.59044,1.59097,1.70,1.60
2010.12.13 19:51:36.722,1.59044,1.59097,1.80,1.80
2010.12.13 19:51:38.378,1.59044,1.59097,4.00,1.60
2010.12.13 19:51:40.666,1.5905,1.59097,1.10,1.60
2010.12.13 19:51:40.780,1.5905,1.59097,1.10,1.50
2010.12.13 19:51:41.133,1.5905,1.59108,2.30,1.60
2010.12.13 19:51:41.354,1.5905,1.59108,1.10,1.60
2010.12.13 19:51:43.102,1.59069,1.59109,1.70,1.20
2010.12.13 19:51:43.212,1.59069,1.5912,1.70,1.60
2010.12.13 19:51:43.775,1.59069,1.5912,1.70,3.90
2010.12.13 19:51:44.316,1.59069,1.5912,1.70,1.60
2010.12.13 19:51:44.425,1.59069,1.5912,1.70,4.10
2010.12.13 19:51:46.761,1.59069,1.5912,1.70,4.10
2010.12.13 19:51:47.984,1.59069,1.5912,1.70,1.80
2010.12.13 19:51:52.553,1.59069,1.5912,1.70,4.10
2010.12.13 19:51:52.661,1.59069,1.5912,1.70,1.80
2010.12.13 19:51:56.744,1.59069,1.5912,1.70,4.10
2010.12.13 19:51:56.973,1.59069,1.5912,1.70,1.80
2010.12.13 19:51:57.082,1.59069,1.5912,1.70,4.10
2010.12.13 19:52:00.241,1.59069,1.5912,1.70,3.90
2010.12.13 19:52:01.892,1.59069,1.5912,1.70,1.60
2010.12.13 19:52:02.245,1.59069,1.5912,2.40,1.60
2010.12.13 19:52:02.355,1.59078,1.59127,1.70,1.50
2010.12.13 19:52:02.463,1.59078,1.59128,1.50,4.90
2010.12.13 19:52:02.575,1.59068,1.59127,2.50,1.60
2010.12.13 19:52:02.683,1.59073,1.59127,1.10,1.50
2010.12.13 19:52:03.017,1.5907,1.59127,3.20,1.50
2010.12.13 19:52:03.240,1.59074,1.59131,1.10,1.50
2010.12.13 19:52:03.353,1.59075,1.59138,1.40,1.70
2010.12.13 19:52:03.907,1.59076,1.59138,1.40,1.80
2010.12.13 19:52:04.232,1.59084,1.59143,1.70,1.80
2010.12.13 19:52:04.671,1.59084,1.59143,1.70,1.70
2010.12.13 19:52:05.716,1.59084,1.59143,4.10,1.80
2010.12.13 19:52:06.695,1.59084,1.59143,4.10,1.60
2010.12.13 19:52:08.834,1.59084,1.59143,4.60,1.60
2010.12.13 19:52:12.244,1.59079,1.59135,4.20,1.50
2010.12.13 19:52:13.229,1.59079,1.59135,4.20,1.50
2010.12.13 19:52:13.452,1.59076,1.59134,4.20,1.50
2010.12.13 19:52:14.122,1.59076,1.59134,4.80,1.50
2010.12.13 19:52:15.395,1.59078,1.59134,4.80,1.70
2010.12.13 19:52:17.767,1.59078,1.59134,4.80,1.50
2010.12.13 19:52:21.871,1.59077,1.59135,5.10,1.50
2010.12.13 19:52:22.829,1.59077,1.59128,4.60,1.50
2010.12.13 19:52:22.957,1.5907,1.59128,4.50,1.50
2010.12.13 19:52:24.844,1.59073,1.59128,3.90,1.50
2010.12.13 19:52:25.204,1.59073,1.59128,1.60,1.50
2010.12.13 19:52:25.761,1.5907,1.59127,4.80,1.60
2010.12.13 19:52:26.585,1.5907,1.59127,4.30,1.80
2010.12.13 19:52:26.950,1.59066,1.59119,8.00,1.50
2010.12.13 19:52:27.173,1.59066,1.59119,7.70,1.50
2010.12.13 19:52:27.824,1.59066,1.59119,7.80,1.50
2010.12.13 19:52:28.473,1.59066,1.59119,3.30,1.50
2010.12.13 19:52:28.832,1.59066,1.59119,4.00,1.60
2010.12.13 19:52:29.816,1.59066,1.59119,1.80,1.80
2010.12.13 19:52:31.991,1.59066,1.59119,1.70,3.90
2010.12.13 19:52:32.103,1.59066,1.59119,1.70,1.50
2010.12.13 19:52:32.716,1.59066,1.59119,1.70,1.60
2010.12.13 19:52:33.824,1.59066,1.59119,1.80,4.10
2010.12.13 19:52:34.748,1.59066,1.59119,1.80,1.80
2010.12.13 19:52:34.974,1.59066,1.59119,1.70,1.50
2010.12.13 19:52:35.082,1.59068,1.59119,1.10,1.50
2010.12.13 19:52:37.163,1.59071,1.59128,2.40,4.10
2010.12.13 19:52:37.602,1.59081,1.5913,1.70,1.70
2010.12.13 19:52:38.431,1.59081,1.59135,1.70,3.10
2010.12.13 19:52:39.792,1.59081,1.59135,4.00,3.10
2010.12.13 19:52:40.775,1.59081,1.59135,1.70,7.60
2010.12.13 19:52:44.708,1.59081,1.59135,1.80,3.30
2010.12.13 19:52:44.835,1.59081,1.59135,1.70,7.80
2010.12.13 19:52:46.288,1.59081,1.59135,1.70,7.80
2010.12.13 19:52:46.561,1.59081,1.59135,1.70,7.60
2010.12.13 19:52:47.216,1.59081,1.59135,1.70,7.80
2010.12.13 19:52:52.341,1.59081,1.59135,1.70,3.90
2010.12.13 19:52:52.452,1.59081,1.59135,1.70,4.10
2010.12.13 19:52:52.562,1.59079,1.59126,1.70,1.60
2010.12.13 19:52:54.915,1.59076,1.59126,1.70,3.90
2010.12.13 19:52:55.612,1.59076,1.59126,1.70,1.80
2010.12.13 19:52:56.203,1.59076,1.59126,1.70,3.90
2010.12.13 19:52:56.326,1.59076,1.59126,1.70,1.60
2010.12.13 19:52:57.676,1.59075,1.59126,1.70,7.60
2010.12.13 19:52:59.424,1.59075,1.59126,1.70,7.60
2010.12.13 19:53:01.284,1.59072,1.59118,1.50,1.80
2010.12.13 19:53:02.108,1.59068,1.59118,1.70,1.80
2010.12.13 19:53:02.797,1.59068,1.59118,1.80,3.90
2010.12.13 19:53:03.785,1.59068,1.59118,1.90,1.80
2010.12.13 19:53:04.809,1.59071,1.59129,2.50,4.10
2010.12.13 19:53:05.036,1.59079,1.59129,2.50,1.80
2010.12.13 19:53:08.628,1.59082,1.59134,1.70,1.60
2010.12.13 19:53:10.886,1.59082,1.59134,1.80,4.10
2010.12.13 19:53:11.767,1.59082,1.59134,1.80,1.80
2010.12.13 19:53:15.400,1.59082,1.59134,1.70,4.10
2010.12.13 19:53:15.514,1.59083,1.59134,1.50,1.60
2010.12.13 19:53:15.624,1.59083,1.59133,1.50,1.90
2010.12.13 19:53:15.734,1.59077,1.59133,1.70,1.70
2010.12.13 19:53:16.414,1.59076,1.59124,1.70,1.50
2010.12.13 19:53:17.244,1.59076,1.59124,1.70,1.80
2010.12.13 19:53:18.814,1.59076,1.59124,1.70,3.90
2010.12.13 19:53:19.724,1.59076,1.59124,1.70,1.80
2010.12.13 19:53:22.505,1.59076,1.59124,1.70,1.60
2010.12.13 19:53:22.979,1.59078,1.59125,1.80,1.50
2010.12.13 19:53:23.118,1.59075,1.59125,1.90,1.80
2010.12.13 19:53:25.564,1.59077,1.59129,1.70,1.60
2010.12.13 19:53:25.785,1.59079,1.59129,1.80,1.60
2010.12.13 19:53:26.113,1.59081,1.59129,1.50,3.90
2010.12.13 19:53:26.683,1.59074,1.59125,2.60,1.80
2010.12.13 19:53:29.114,1.59077,1.5913,1.90,1.80
2010.12.13 19:53:29.248,1.59077,1.5913,4.30,1.80
2010.12.13 19:53:29.473,1.59079,1.5913,1.70,1.60
2010.12.13 19:53:30.067,1.59076,1.59125,1.90,1.60
2010.12.13 19:53:30.753,1.59076,1.59125,1.50,1.80
2010.12.13 19:53:30.863,1.59071,1.59125,1.80,1.80
2010.12.13 19:53:30.973,1.5907,1.5912,1.70,1.50
2010.12.13 19:53:31.110,1.5907,1.5912,1.70,1.50
2010.12.13 19:53:31.333,1.5907,1.5912,1.70,1.50
2010.12.13 19:53:31.745,1.59069,1.5912,2.50,1.50
2010.12.13 19:53:33.427,1.59074,1.59125,1.70,1.50
2010.12.13 19:53:33.777,1.59077,1.59129,2.40,1.60
2010.12.13 19:53:34.422,1.59086,1.59134,1.70,1.60
2010.12.13 19:53:34.533,1.59086,1.59134,1.50,1.60
2010.12.13 19:53:34.980,1.5908,1.5913,1.70,1.50
2010.12.13 19:53:35.466,1.59084,1.59136,1.50,4.10
2010.12.13 19:53:35.828,1.59084,1.59138,2.40,1.80
2010.12.13 19:53:36.809,1.59084,1.59138,5.90,1.60
2010.12.13 19:53:37.223,1.59084,1.59138,2.60,1.80
2010.12.13 19:53:37.813,1.59084,1.59138,6.00,1.80
2010.12.13 19:53:40.934,1.59084,1.59138,2.50,3.90
2010.12.13 19:53:41.246,1.59078,1.59122,6.90,1.50
2010.12.13 19:53:41.652,1.59079,1.59129,1.70,1.60
2010.12.13 19:53:41.763,1.59079,1.59129,1.70,3.90
2010.12.13 19:53:42.003,1.59079,1.59129,1.70,1.50
2010.12.13 19:53:42.865,1.59079,1.59129,1.70,1.60
2010.12.13 19:53:44.489,1.59083,1.59129,1.10,1.80
2010.12.13 19:53:44.774,1.59082,1.59129,1.10,1.60
2010.12.13 19:53:45.265,1.59085,1.59135,1.70,3.90
2010.12.13 19:53:45.475,1.59085,1.59135,1.70,1.60
2010.12.13 19:53:45.687,1.59085,1.59135,1.70,3.90
2010.12.13 19:53:46.813,1.59088,1.59135,1.70,1.80
2010.12.13 19:53:46.923,1.59088,1.59135,1.70,4.10
2010.12.13 19:53:47.696,1.59088,1.59135,1.80,1.60
2010.12.13 19:53:48.175,1.59088,1.59135,1.70,3.90
2010.12.13 19:53:50.111,1.59088,1.59135,1.80,1.60
2010.12.13 19:53:56.290,1.59087,1.59133,1.50,4.10
2010.12.13 19:53:56.435,1.59079,1.59129,1.80,1.60
2010.12.13 19:53:56.544,1.59079,1.59129,1.90,1.60
2010.12.13 19:53:57.135,1.59087,1.59129,1.50,1.60
2010.12.13 19:53:57.467,1.59077,1.59133,1.70,3.00
2010.12.13 19:53:57.840,1.59077,1.59133,1.90,1.80
2010.12.13 19:53:58.063,1.59077,1.59133,3.00,1.60
2010.12.13 19:53:58.174,1.59077,1.59133,2.90,1.80
2010.12.13 19:53:58.538,1.59078,1.59133,1.40,1.50
2010.12.13 19:53:58.993,1.59077,1.59133,2.90,1.60
2010.12.13 19:53:59.437,1.59078,1.59133,1.40,1.50
2010.12.13 19:53:59.827,1.59078,1.59133,1.70,1.60
2010.12.13 19:54:00.668,1.59078,1.59133,1.40,1.60
2010.12.13 19:54:01.103,1.59078,1.59133,1.20,1.60
2010.12.13 19:54:01.218,1.59085,1.59133,1.50,1.50
2010.12.13 19:54:01.664,1.59085,1.59135,1.50,1.50
2010.12.13 19:54:01.774,1.59085,1.59135,1.50,1.50
2010.12.13 19:54:02.132,1.59085,1.59135,1.50,1.60
2010.12.13 19:54:02.918,1.59085,1.59135,1.50,4.10
2010.12.13 19:54:03.077,1.59085,1.59135,1.50,1.80
2010.12.13 19:54:03.186,1.59085,1.59135,2.50,4.10
2010.12.13 19:54:03.468,1.59089,1.59135,2.50,1.50
2010.12.13 19:54:03.589,1.59089,1.59143,3.90,1.80
2010.12.13 19:54:03.704,1.59089,1.59143,3.90,1.70
2010.12.13 19:54:04.638,1.59079,1.59135,2.60,1.50
2010.12.13 19:54:04.755,1.59083,1.59135,1.10,1.50
2010.12.13 19:54:04.864,1.5909,1.59142,2.40,1.50
2010.12.13 19:54:04.974,1.5909,1.59142,1.50,1.70
2010.12.13 19:54:05.084,1.59083,1.59134,1.40,1.50
2010.12.13 19:54:05.194,1.59077,1.59134,5.30,1.50
2010.12.13 19:54:05.305,1.59084,1.59136,1.80,1.50
2010.12.13 19:54:05.413,1.59084,1.59138,3.20,1.50
2010.12.13 19:54:05.739,1.59084,1.59136,1.70,1.50
2010.12.13 19:54:05.868,1.59076,1.59134,1.50,1.70
2010.12.13 19:54:06.094,1.59073,1.59127,1.50,1.50
2010.12.13 19:54:06.205,1.59068,1.59127,1.40,1.50
2010.12.13 19:54:06.318,1.59068,1.59119,2.50,1.50
2010.12.13 19:54:06.435,1.59075,1.59127,1.70,1.50
2010.12.13 19:54:06.985,1.5907,1.59127,4.30,1.50
2010.12.13 19:54:07.794,1.5907,1.59127,1.90,1.50
2010.12.13 19:54:07.904,1.5907,1.59127,1.80,1.60
2010.12.13 19:54:08.214,1.5907,1.59127,4.30,1.60
2010.12.13 19:54:08.603,1.5907,1.59127,4.80,1.50
2010.12.13 19:54:08.715,1.5907,1.59127,1.90,1.60
2010.12.13 19:54:08.937,1.5907,1.59127,4.10,1.50
2010.12.13 19:54:09.154,1.59063,1.59119,1.90,1.50
2010.12.13 19:54:09.803,1.59058,1.59119,3.80,1.50
2010.12.13 19:54:10.278,1.59063,1.59119,1.40,1.50
2010.12.13 19:54:10.430,1.59057,1.59119,6.30,1.50
2010.12.13 19:54:10.544,1.59066,1.5912,1.50,1.50
2010.12.13 19:54:10.654,1.59066,1.5912,1.60,1.50
2010.12.13 19:54:10.874,1.59066,1.5912,1.60,1.50
2010.12.13 19:54:11.817,1.59066,1.5912,1.70,1.60
2010.12.13 19:54:13.742,1.59066,1.5912,4.10,1.80
2010.12.13 19:54:14.180,1.59073,1.5912,1.10,1.80
2010.12.13 19:54:14.294,1.59072,1.5912,1.10,1.50
2010.12.13 19:54:14.404,1.59072,1.59129,1.10,1.30
2010.12.13 19:54:14.513,1.5907,1.59129,1.70,3.40
2010.12.13 19:54:14.717,1.59067,1.59119,1.80,1.50
2010.12.13 19:54:15.223,1.59067,1.59119,1.80,1.60
2010.12.13 19:54:15.808,1.59067,1.59119,1.70,1.50
2010.12.13 19:54:16.036,1.59059,1.59116,2.50,1.50
2010.12.13 19:54:16.473,1.59059,1.59116,1.10,1.50
2010.12.13 19:54:17.363,1.59059,1.59116,1.10,1.50
2010.12.13 19:54:18.475,1.59057,1.59116,1.10,1.50
2010.12.13 19:54:19.489,1.59056,1.59116,4.00,1.50
2010.12.13 19:54:19.882,1.59057,1.59119,1.80,1.60
2010.12.13 19:54:20.848,1.59057,1.59112,1.50,1.50
2010.12.13 19:54:20.964,1.59057,1.59112,1.20,1.50
2010.12.13 19:54:21.183,1.59052,1.59112,1.80,1.50
2010.12.13 19:54:21.294,1.59056,1.59112,3.20,1.50
2010.12.13 19:54:21.403,1.59057,1.59122,3.20,1.60
2010.12.13 19:54:22.337,1.59057,1.59112,1.20,1.50
2010.12.13 19:54:22.453,1.59052,1.59112,1.70,1.50
2010.12.13 19:54:22.786,1.59053,1.59112,1.10,1.50
2010.12.13 19:54:23.546,1.59052,1.59112,2.40,1.90
2010.12.13 19:54:24.177,1.59052,1.59112,2.50,1.60
2010.12.13 19:54:24.688,1.59053,1.59112,1.10,1.60
2010.12.13 19:54:25.024,1.59054,1.59121,2.10,3.90
2010.12.13 19:54:25.135,1.59054,1.59121,3.80,1.80
2010.12.13 19:54:25.794,1.59055,1.59121,6.80,2.70
2010.12.13 19:54:26.716,1.59055,1.59121,7.00,2.70
2010.12.13 19:54:27.162,1.59056,1.59121,3.20,3.90
2010.12.13 19:54:27.694,1.59057,1.59122,1.70,1.80
2010.12.13 19:54:28.045,1.59056,1.59122,1.50,7.20
2010.12.13 19:54:28.433,1.59058,1.59122,2.00,1.90
2010.12.13 19:54:28.546,1.59057,1.59122,1.40,4.00
2010.12.13 19:54:28.674,1.59057,1.59122,3.40,1.90
2010.12.13 19:54:28.915,1.59057,1.59122,1.50,4.10
2010.12.13 19:54:29.562,1.59057,1.59122,1.50,3.90
2010.12.13 19:54:30.002,1.59057,1.59122,3.40,1.90
2010.12.13 19:54:30.513,1.59062,1.59122,1.10,1.60
2010.12.13 19:54:31.503,1.59065,1.59131,1.40,2.70
2010.12.13 19:54:32.608,1.59065,1.59133,1.40,3.10
2010.12.13 19:54:32.835,1.59065,1.59132,1.40,1.60
2010.12.13 19:54:33.556,1.59065,1.59132,1.40,1.70
2010.12.13 19:54:33.669,1.59065,1.59132,1.40,1.60
2010.12.13 19:54:33.785,1.59065,1.59132,1.40,1.60
2010.12.13 19:54:34.464,1.59069,1.59136,1.70,3.10
2010.12.13 19:54:34.801,1.59071,1.59137,1.50,3.00
2010.12.13 19:54:35.834,1.59072,1.59137,1.70,1.60
2010.12.13 19:54:35.944,1.59072,1.59137,1.70,1.80
2010.12.13 19:54:36.287,1.59072,1.59137,3.40,1.50
2010.12.13 19:54:36.646,1.59072,1.59137,1.50,1.70
2010.12.13 19:54:37.018,1.59072,1.59137,3.30,1.70
2010.12.13 19:54:38.065,1.59072,1.59137,1.50,3.90
2010.12.13 19:54:39.563,1.59072,1.59137,3.50,1.90
2010.12.13 19:54:40.417,1.59072,1.59137,1.50,4.00
2010.12.13 19:54:40.757,1.59072,1.59137,3.40,1.60
2010.12.13 19:54:41.415,1.59072,1.59137,1.50,3.90
2010.12.13 19:54:41.764,1.59072,1.59137,3.50,1.90
2010.12.13 19:54:42.181,1.59071,1.59137,1.50,6.90
2010.12.13 19:54:45.148,1.59071,1.59137,3.40,6.90
2010.12.13 19:54:45.944,1.5907,1.59137,5.60,1.80
2010.12.13 19:54:46.688,1.5907,1.59133,1.40,4.10
2010.12.13 19:54:48.357,1.59062,1.5913,2.30,1.30
2010.12.13 19:54:48.464,1.59068,1.59133,1.40,1.60
2010.12.13 19:54:48.685,1.59069,1.59133,1.40,1.80
2010.12.13 19:54:48.998,1.59064,1.59125,2.60,1.50
2010.12.13 19:54:49.116,1.59069,1.5913,1.70,1.20
2010.12.13 19:54:49.224,1.59069,1.5913,1.70,1.30
2010.12.13 19:54:49.554,1.59072,1.59137,1.40,1.60
2010.12.13 19:54:49.904,1.59076,1.59137,2.10,1.50
2010.12.13 19:54:50.015,1.59078,1.59142,1.10,1.50
2010.12.13 19:54:50.604,1.59078,1.59141,1.10,1.50
2010.12.13 19:54:51.294,1.59072,1.5914,6.80,1.20
2010.12.13 19:54:51.306,1.59072,1.59138,6.80,1.50
2010.12.13 19:54:51.418,1.59072,1.59138,3.10,1.50
2010.12.13 19:54:52.373,1.59072,1.59134,1.80,1.20
2010.12.13 19:54:52.817,1.59071,1.5913,2.30,1.50
2010.12.13 19:54:53.036,1.59066,1.59128,1.50,1.50
2010.12.13 19:54:53.686,1.59062,1.59128,7.00,2.60
2010.12.13 19:54:54.234,1.59061,1.59123,6.80,1.50
2010.12.13 19:54:54.343,1.59061,1.59118,3.20,1.50
2010.12.13 19:54:54.914,1.59058,1.59118,4.10,1.50
2010.12.13 19:54:55.828,1.59058,1.59117,1.50,1.20
2010.12.13 19:54:56.115,1.59051,1.59114,1.40,1.50
2010.12.13 19:54:57.863,1.59049,1.59114,1.10,2.70
2010.12.13 19:55:01.414,1.59049,1.59114,2.20,1.50
2010.12.13 19:55:01.745,1.5905,1.59114,1.20,1.50
2010.12.13 19:55:01.871,1.59048,1.59106,2.90,1.50
2010.12.13 19:55:02.309,1.5905,1.59109,1.20,1.60
2010.12.13 19:55:02.454,1.59056,1.59118,1.40,1.50
2010.12.13 19:55:02.563,1.59062,1.59124,1.10,1.20
2010.12.13 19:55:02.673,1.59062,1.59128,2.20,1.20
2010.12.13 19:55:03.873,1.59062,1.59128,2.30,1.30
2010.12.13 19:55:04.093,1.59062,1.59128,5.60,1.30
2010.12.13 19:55:04.357,1.59062,1.59128,5.10,1.20
2010.12.13 19:55:06.779,1.59062,1.59128,5.60,1.30
2010.12.13 19:55:09.675,1.59066,1.59132,3.80,1.20
2010.12.13 19:55:09.785,1.59064,1.59127,1.30,2.60
2010.12.13 19:55:10.292,1.5906,1.59126,3.50,1.20
2010.12.13 19:55:11.080,1.59063,1.59123,1.40,1.20
2010.12.13 19:55:11.305,1.59059,1.59123,4.20,1.20
2010.12.13 19:55:11.414,1.59057,1.59119,4.40,1.50
2010.12.13 19:55:12.108,1.59058,1.59119,2.70,1.50
2010.12.13 19:55:13.534,1.59065,1.59123,2.50,2.70
2010.12.13 19:55:13.863,1.59065,1.59127,1.10,1.20
2010.12.13 19:55:14.814,1.59058,1.59118,2.00,1.50
2010.12.13 19:55:15.150,1.59058,1.59118,4.50,1.50
2010.12.13 19:55:15.734,1.59058,1.59118,1.80,1.50
2010.12.13 19:55:16.795,1.59058,1.59118,4.10,1.60
2010.12.13 19:55:18.983,1.59064,1.59123,1.10,6.90
2010.12.13 19:55:19.094,1.59064,1.59123,1.10,1.70
2010.12.13 19:55:21.174,1.59064,1.59128,1.10,2.70
2010.12.13 19:55:21.284,1.59063,1.59128,1.10,2.70
2010.12.13 19:55:21.503,1.59064,1.59128,1.10,2.70
2010.12.13 19:55:22.188,1.59063,1.59128,1.10,2.70
2010.12.13 19:55:23.414,1.59062,1.59128,3.70,3.00
2010.12.13 19:55:24.314,1.59064,1.59128,1.10,2.90
2010.12.13 19:55:24.655,1.59062,1.59128,2.90,2.70
2010.12.13 19:55:24.768,1.59061,1.59127,1.40,2.70
2010.12.13 19:55:25.310,1.59064,1.59128,1.50,1.70
2010.12.13 19:55:25.425,1.59066,1.59128,1.20,1.50
2010.12.13 19:55:26.458,1.59068,1.59128,1.20,1.60
2010.12.13 19:55:26.668,1.59068,1.59128,1.30,1.50
2010.12.13 19:55:26.894,1.59068,1.59128,1.20,1.60
2010.12.13 19:55:28.497,1.59071,1.59128,1.40,1.60
2010.12.13 19:55:28.786,1.59071,1.59128,1.40,1.50
2010.12.13 19:55:29.041,1.59071,1.59133,2.20,1.60
2010.12.13 19:55:29.155,1.59071,1.5913,2.70,1.50
2010.12.13 19:55:29.375,1.59071,1.5913,2.70,1.60
2010.12.13 19:55:30.325,1.59068,1.5913,1.40,1.60
2010.12.13 19:55:31.313,1.59068,1.5913,1.40,1.60
2010.12.13 19:55:32.046,1.59064,1.59128,4.10,1.30
2010.12.13 19:55:32.709,1.59064,1.59128,4.10,1.30
2010.12.13 19:55:33.421,1.59064,1.59128,1.70,1.20
2010.12.13 19:55:33.537,1.59064,1.59128,4.10,1.30
2010.12.13 19:55:34.339,1.59064,1.59128,4.10,1.30
2010.12.13 19:55:34.563,1.59064,1.59128,1.80,1.30
2010.12.13 19:55:34.974,1.59064,1.59128,4.10,1.30
2010.12.13 19:55:35.305,1.59064,1.59128,4.20,1.20
2010.12.13 19:55:35.414,1.59065,1.5913,3.50,1.50
2010.12.13 19:55:35.786,1.59064,1.59128,4.00,1.20
2010.12.13 19:55:37.517,1.59064,1.59128,4.20,1.20
2010.12.13 19:55:37.676,1.59064,1.59128,4.00,1.20
2010.12.13 19:55:38.783,1.59064,1.59128,4.50,1.20
2010.12.13 19:55:39.571,1.59062,1.59118,3.70,1.50
2010.12.13 19:55:39.688,1.59058,1.59118,4.10,1.50
2010.12.13 19:55:39.805,1.59058,1.59118,4.40,1.50
2010.12.13 19:55:39.914,1.59062,1.59123,1.70,2.70
2010.12.13 19:55:40.026,1.59067,1.59123,2.30,1.20
2010.12.13 19:55:40.133,1.59067,1.59128,2.30,2.60
2010.12.13 19:55:40.806,1.59067,1.59128,2.30,2.70
2010.12.13 19:55:42.419,1.59067,1.59128,2.80,2.60
2010.12.13 19:55:48.037,1.59062,1.59125,7.00,1.20
2010.12.13 19:55:48.303,1.59068,1.59118,1.10,1.50
2010.12.13 19:55:48.414,1.59068,1.59129,1.10,2.70
2010.12.13 19:55:48.961,1.59068,1.59129,2.30,2.60
2010.12.13 19:55:49.573,1.59061,1.59122,4.60,1.20
2010.12.13 19:55:49.947,1.59065,1.59123,2.40,1.20
2010.12.13 19:55:50.163,1.59065,1.59128,2.40,1.30
2010.12.13 19:55:50.746,1.59065,1.59128,2.30,1.20
2010.12.13 19:55:59.530,1.59065,1.59128,1.10,1.20
2010.12.13 19:56:00.107,1.59059,1.59127,3.90,1.20
2010.12.13 19:56:00.223,1.59059,1.59127,3.50,1.20
2010.12.13 19:56:00.444,1.59061,1.59129,7.00,2.60
2010.12.13 19:56:00.995,1.59068,1.59129,1.40,1.50
2010.12.13 19:56:01.507,1.59062,1.59128,3.50,1.20
2010.12.13 19:56:01.844,1.59062,1.59128,3.80,1.20
2010.12.13 19:56:03.257,1.59065,1.59129,3.60,1.50
2010.12.13 19:56:04.421,1.59067,1.59129,1.30,1.50
2010.12.13 19:56:05.093,1.59064,1.59129,3.60,1.50
2010.12.13 19:56:05.313,1.59067,1.59129,1.20,1.50
2010.12.13 19:56:05.998,1.59067,1.59129,1.30,1.50
2010.12.13 19:56:06.445,1.59067,1.59129,1.20,1.50
2010.12.13 19:56:07.221,1.59067,1.59129,1.50,1.50
2010.12.13 19:56:07.915,1.59067,1.59129,1.50,1.60
2010.12.13 19:56:11.891,1.59067,1.59129,1.30,1.60
2010.12.13 19:56:12.322,1.59067,1.59129,1.20,1.50
2010.12.13 19:56:13.206,1.59067,1.59129,1.20,1.60
2010.12.13 19:56:13.972,1.59067,1.59129,1.20,1.50
2010.12.13 19:56:14.426,1.59067,1.59129,1.30,1.50
2010.12.13 19:56:15.084,1.59067,1.59129,3.10,1.50
2010.12.13 19:56:16.312,1.59067,1.59129,1.30,1.60
2010.12.13 19:56:16.435,1.59067,1.59129,1.20,1.60
2010.12.13 19:56:16.807,1.59067,1.59129,1.30,1.50
2010.12.13 19:56:17.973,1.59067,1.59129,1.20,1.60
2010.12.13 19:56:18.239,1.59067,1.59129,1.50,1.60
2010.12.13 19:56:19.341,1.59067,1.59129,1.30,1.80
2010.12.13 19:56:19.456,1.59067,1.59129,1.30,1.50
2010.12.13 19:56:20.654,1.59067,1.59129,1.20,1.50
2010.12.13 19:56:20.765,1.59067,1.59129,1.30,1.50
2010.12.13 19:56:20.873,1.59067,1.59129,1.20,1.50
2010.12.13 19:56:21.500,1.59067,1.59129,1.30,1.60
2010.12.13 19:56:21.672,1.59067,1.59129,1.20,1.60
2010.12.13 19:56:22.115,1.59067,1.59129,1.20,3.90
2010.12.13 19:56:22.443,1.59067,1.59129,1.30,1.60
2010.12.13 19:56:22.785,1.59067,1.59129,1.50,4.10
2010.12.13 19:56:23.744,1.59078,1.59129,1.10,1.50
2010.12.13 19:56:23.854,1.59083,1.59139,1.70,1.70
2010.12.13 19:56:23.971,1.59079,1.5913,1.70,1.50
2010.12.13 19:56:24.086,1.59079,1.5913,1.70,1.50
2010.12.13 19:56:24.466,1.59078,1.59141,1.50,1.80
2010.12.13 19:56:24.582,1.5908,1.59141,1.40,1.50
2010.12.13 19:56:25.024,1.5908,1.59141,1.40,1.50
2010.12.13 19:56:26.140,1.5908,1.59141,1.20,1.50
2010.12.13 19:56:27.028,1.5908,1.59141,1.20,1.60
2010.12.13 19:56:27.254,1.59071,1.59139,3.50,1.20
2010.12.13 19:56:28.533,1.59083,1.59143,1.20,1.60
2010.12.13 19:56:29.103,1.59083,1.59143,1.20,1.60
2010.12.13 19:56:29.705,1.59083,1.59145,1.40,1.60
2010.12.13 19:56:29.947,1.59083,1.59141,1.40,1.50
2010.12.13 19:56:30.548,1.59078,1.59141,2.80,1.50
2010.12.13 19:56:30.788,1.59076,1.5914,1.20,1.50
2010.12.13 19:56:31.036,1.59079,1.5914,1.20,1.50
2010.12.13 19:56:31.364,1.59075,1.5914,1.40,1.60
2010.12.13 19:56:31.753,1.59077,1.59135,1.20,1.60
2010.12.13 19:56:32.186,1.59078,1.59144,1.20,1.60
2010.12.13 19:56:32.302,1.59078,1.59144,1.20,4.10
2010.12.13 19:56:32.527,1.59076,1.5914,1.40,1.80
2010.12.13 19:56:33.120,1.59078,1.59143,1.20,1.60
2010.12.13 19:56:33.241,1.59079,1.5914,1.20,1.60
2010.12.13 19:56:33.355,1.59076,1.5914,1.40,1.50
2010.12.13 19:56:33.676,1.59076,1.5914,1.20,1.60
2010.12.13 19:56:34.032,1.5907,1.59133,1.70,1.20
2010.12.13 19:56:34.394,1.59071,1.59129,3.30,1.50
2010.12.13 19:56:34.821,1.59096,1.59139,1.70,1.20
2010.12.13 19:56:34.937,1.59096,1.5915,3.20,1.60
2010.12.13 19:56:35.364,1.59097,1.59151,1.80,1.50
2010.12.13 19:56:35.504,1.59097,1.59151,1.70,1.60
2010.12.13 19:56:35.614,1.59098,1.59151,1.70,1.50
2010.12.13 19:56:35.751,1.59101,1.59151,1.50,1.50
2010.12.13 19:56:36.636,1.59101,1.59151,1.70,1.50
2010.12.13 19:56:37.113,1.59101,1.59151,1.80,1.60
2010.12.13 19:56:37.417,1.59101,1.59151,1.70,1.50
2010.12.13 19:56:37.546,1.59101,1.59151,1.70,3.90
2010.12.13 19:56:38.514,1.59101,1.59151,1.70,3.90
2010.12.13 19:56:39.674,1.59101,1.59151,1.90,1.50
2010.12.13 19:56:39.784,1.59107,1.59151,1.10,1.50
2010.12.13 19:56:40.004,1.59107,1.5916,1.10,1.20
2010.12.13 19:56:40.370,1.59099,1.59155,2.50,1.50
2010.12.13 19:56:40.595,1.59103,1.5916,1.10,1.20
2010.12.13 19:56:40.842,1.59107,1.5916,1.10,1.20
2010.12.13 19:56:40.953,1.59101,1.5916,7.90,1.20
2010.12.13 19:56:41.263,1.59101,1.5915,1.80,1.50
2010.12.13 19:56:41.784,1.59098,1.59145,1.60,1.50
2010.12.13 19:56:42.227,1.591,1.5915,1.90,1.50
2010.12.13 19:56:42.448,1.59098,1.5915,4.10,1.50
2010.12.13 19:56:42.676,1.59098,1.5915,1.70,1.50
2010.12.13 19:56:43.403,1.591,1.5915,4.30,1.50
2010.12.13 19:56:43.515,1.591,1.5915,1.90,1.60
2010.12.13 19:56:43.625,1.59098,1.5915,3.20,1.60
2010.12.13 19:56:43.975,1.59099,1.5915,1.80,1.50
2010.12.13 19:56:44.087,1.59102,1.59157,2.50,1.60
2010.12.13 19:56:44.634,1.59103,1.5916,1.10,2.70
2010.12.13 19:56:45.193,1.59102,1.5916,2.40,2.70
2010.12.13 19:56:45.510,1.591,1.59149,2.50,1.20
2010.12.13 19:56:45.613,1.59102,1.59151,2.40,1.20
2010.12.13 19:56:45.724,1.59102,1.5916,2.40,2.70
2010.12.13 19:56:46.163,1.59102,1.5916,1.50,6.80
2010.12.13 19:56:46.424,1.59102,1.59137,1.50,1.50
2010.12.13 19:56:46.644,1.59092,1.59146,4.10,1.50
2010.12.13 19:56:47.082,1.59097,1.59149,1.70,1.20
2010.12.13 19:56:47.202,1.59097,1.59154,2.00,1.20
2010.12.13 19:56:48.114,1.59097,1.59154,4.20,1.20
2010.12.13 19:56:48.487,1.59097,1.59154,2.00,1.20
2010.12.13 19:56:49.035,1.59097,1.59154,4.00,1.20
2010.12.13 19:56:50.215,1.59097,1.59154,4.50,1.20
2010.12.13 19:56:50.532,1.59097,1.59154,4.60,1.20
2010.12.13 19:56:51.763,1.59097,1.59152,4.60,1.20
2010.12.13 19:56:51.907,1.59097,1.59152,4.20,1.20
2010.12.13 19:56:52.091,1.59097,1.59152,4.60,1.20
2010.12.13 19:56:52.443,1.59097,1.59155,4.60,2.60
2010.12.13 19:56:53.870,1.59098,1.59155,4.40,2.60
2010.12.13 19:56:54.204,1.59098,1.59155,4.80,1.50
2010.12.13 19:56:55.075,1.59113,1.59155,1.10,1.50
2010.12.13 19:56:55.185,1.59116,1.59164,1.70,1.20
2010.12.13 19:56:55.294,1.59114,1.59162,1.10,1.50
2010.12.13 19:56:55.513,1.59108,1.59162,2.00,1.60
2010.12.13 19:56:56.759,1.59108,1.59162,4.10,1.50
2010.12.13 19:56:57.213,1.59108,1.59162,5.00,1.60
2010.12.13 19:56:57.323,1.59108,1.59162,1.80,1.50
2010.12.13 19:56:57.445,1.59108,1.59162,5.00,1.60
2010.12.13 19:56:58.415,1.59108,1.59162,4.50,1.60
2010.12.13 19:56:58.525,1.59108,1.59162,1.70,1.50
2010.12.13 19:56:59.790,1.59117,1.59163,1.50,2.70
2010.12.13 19:57:00.181,1.59123,1.59169,1.50,1.60
2010.12.13 19:57:00.293,1.59117,1.59166,1.70,1.60
2010.12.13 19:57:00.813,1.59117,1.59166,1.70,1.60
2010.12.13 19:57:01.035,1.59117,1.59165,4.00,1.50
2010.12.13 19:57:01.700,1.59123,1.59169,1.60,1.50
2010.12.13 19:57:01.815,1.59123,1.59169,1.70,1.80
2010.12.13 19:57:02.276,1.59117,1.59166,1.80,1.70
2010.12.13 19:57:02.920,1.59117,1.59166,1.80,1.60
2010.12.13 19:57:03.536,1.59122,1.59169,1.50,3.90
2010.12.13 19:57:03.768,1.59122,1.59169,1.50,2.00
2010.12.13 19:57:03.884,1.59111,1.59164,1.10,1.30
2010.12.13 19:57:04.214,1.5911,1.59167,1.90,1.70
2010.12.13 19:57:04.745,1.59102,1.59161,4.70,1.20
2010.12.13 19:57:05.304,1.59102,1.5916,1.80,1.70
2010.12.13 19:57:05.414,1.59102,1.59153,1.80,1.20
2010.12.13 19:57:05.746,1.59094,1.59154,4.80,1.20
2010.12.13 19:57:05.862,1.59094,1.59151,4.20,1.50
2010.12.13 19:57:06.747,1.59094,1.59146,4.20,1.50
2010.12.13 19:57:07.055,1.59093,1.59133,1.70,1.50
2010.12.13 19:57:07.383,1.59089,1.59142,4.00,3.20
2010.12.13 19:57:07.493,1.59089,1.59142,4.50,3.00
2010.12.13 19:57:08.673,1.59088,1.59141,8.70,1.50
2010.12.13 19:57:09.708,1.59091,1.59141,1.40,1.50
2010.12.13 19:57:10.703,1.59091,1.59142,1.40,3.00
2010.12.13 19:57:11.357,1.59103,1.59157,4.10,1.50
2010.12.13 19:57:11.465,1.59103,1.59157,4.10,1.50
2010.12.13 19:57:11.793,1.59108,1.59162,2.60,1.50
2010.12.13 19:57:12.014,1.59108,1.59162,2.60,1.80
2010.12.13 19:57:12.565,1.59108,1.59162,2.40,1.50
2010.12.13 19:57:12.935,1.59108,1.59162,5.90,1.50
2010.12.13 19:57:13.475,1.59108,1.59162,1.60,1.70
2010.12.13 19:57:13.585,1.59106,1.59153,1.70,1.50
2010.12.13 19:57:14.619,1.59106,1.59153,1.60,1.50
2010.12.13 19:57:14.734,1.59107,1.59153,1.10,1.50
2010.12.13 19:57:15.031,1.59116,1.59157,1.50,1.20
2010.12.13 19:57:15.158,1.59122,1.59169,1.50,1.80
2010.12.13 19:57:15.276,1.59122,1.59169,1.70,1.60
2010.12.13 19:57:15.595,1.59108,1.59162,1.80,1.50
2010.12.13 19:57:15.814,1.59102,1.59153,4.70,1.50
2010.12.13 19:57:17.164,1.59108,1.59162,1.80,1.60
2010.12.13 19:57:17.288,1.59108,1.59162,1.70,1.70
2010.12.13 19:57:17.403,1.59108,1.59162,1.70,1.50
2010.12.13 19:57:17.517,1.59112,1.59162,1.10,1.50
2010.12.13 19:57:17.825,1.59123,1.59169,1.50,1.60
2010.12.13 19:57:18.704,1.59123,1.59169,1.50,3.90
2010.12.13 19:57:19.518,1.59123,1.59169,1.50,1.60
2010.12.13 19:57:19.636,1.59123,1.59169,1.50,3.90
2010.12.13 19:57:20.877,1.59123,1.59169,1.50,4.10
2010.12.13 19:57:21.730,1.59117,1.59169,1.80,4.10
2010.12.13 19:57:22.547,1.59117,1.59169,1.80,1.80
2010.12.13 19:57:23.759,1.59117,1.59169,1.70,4.10
2010.12.13 19:57:24.420,1.59122,1.59169,1.50,3.90
2010.12.13 19:57:25.900,1.59109,1.59161,1.70,1.50
2010.12.13 19:57:26.815,1.59109,1.59161,1.80,1.50
2010.12.13 19:57:26.924,1.59109,1.59161,1.80,1.60
2010.12.13 19:57:27.264,1.59109,1.59161,1.70,1.60
2010.12.13 19:57:27.484,1.59109,1.59161,4.00,1.50
2010.12.13 19:57:28.003,1.59109,1.59161,1.70,1.60
2010.12.13 19:57:28.460,1.59122,1.59161,1.50,1.50
2010.12.13 19:57:28.584,1.59116,1.5917,1.70,2.70
2010.12.13 19:57:29.765,1.59116,1.5917,4.10,2.90
2010.12.13 19:57:30.461,1.59116,1.59159,1.50,1.40
2010.12.13 19:57:30.683,1.59107,1.59153,1.70,1.50
2010.12.13 19:57:30.795,1.59107,1.59153,2.60,1.50
2010.12.13 19:57:31.093,1.59108,1.59162,1.80,1.80
2010.12.13 19:57:31.944,1.59108,1.59162,1.70,1.70
2010.12.13 19:57:32.646,1.59108,1.59162,1.70,1.60
2010.12.13 19:57:33.208,1.59108,1.59162,2.50,1.60
2010.12.13 19:57:33.534,1.59122,1.59169,1.50,4.10
2010.12.13 19:57:34.214,1.59122,1.59161,1.50,1.50
2010.12.13 19:57:34.451,1.59109,1.59161,1.70,1.50
2010.12.13 19:57:34.566,1.59109,1.59161,1.70,1.50
2010.12.13 19:57:35.176,1.59109,1.59161,1.50,1.70
2010.12.13 19:57:35.396,1.59106,1.59154,1.50,1.60
2010.12.13 19:57:35.614,1.59106,1.59154,1.70,1.50
2010.12.13 19:57:35.724,1.59106,1.59154,1.70,1.70
2010.12.13 19:57:35.834,1.591,1.59154,1.50,3.20
2010.12.13 19:57:36.095,1.59094,1.59149,2.30,1.50
2010.12.13 19:57:36.580,1.59087,1.59145,4.80,1.20
2010.12.13 19:57:36.806,1.59085,1.59141,4.10,1.50
2010.12.13 19:57:36.915,1.59085,1.59141,4.70,1.50
2010.12.13 19:57:37.244,1.59085,1.59141,4.10,1.50
2010.12.13 19:57:37.906,1.59087,1.59143,1.70,3.00
2010.12.13 19:57:39.365,1.59087,1.59143,1.70,3.10
2010.12.13 19:57:39.754,1.59087,1.59143,4.30,3.10
2010.12.13 19:57:40.066,1.59094,1.5915,2.30,1.50
2010.12.13 19:57:40.394,1.59106,1.59154,1.50,1.50
2010.12.13 19:57:40.880,1.59106,1.59154,1.80,1.50
2010.12.13 19:57:41.629,1.59106,1.59154,1.80,1.60
2010.12.13 19:57:42.235,1.59107,1.59154,1.60,1.50
2010.12.13 19:57:42.345,1.59107,1.59154,6.00,1.50
2010.12.13 19:57:42.453,1.59109,1.59161,1.70,1.50
2010.12.13 19:57:42.756,1.59109,1.59161,1.70,1.60
2010.12.13 19:57:43.707,1.59109,1.59161,1.70,1.60
2010.12.13 19:57:44.706,1.59109,1.59161,1.80,1.60
2010.12.13 19:57:44.923,1.59109,1.59161,4.00,1.50
2010.12.13 19:57:45.474,1.59109,1.59161,2.00,1.60
2010.12.13 19:57:45.594,1.59109,1.59158,1.50,1.40
2010.12.13 19:57:45.704,1.59101,1.59154,4.10,1.50
2010.12.13 19:57:46.456,1.59108,1.59159,1.50,1.20
2010.12.13 19:57:46.564,1.59108,1.59162,2.60,2.70
2010.12.13 19:57:47.957,1.59108,1.59161,1.60,1.10
2010.12.13 19:57:48.174,1.59107,1.59154,1.70,1.70
2010.12.13 19:57:48.806,1.59101,1.59154,4.50,1.70
2010.12.13 19:57:49.201,1.59107,1.59149,2.00,1.50
2010.12.13 19:57:49.316,1.59096,1.59151,6.20,1.20
2010.12.13 19:57:49.429,1.591,1.59151,4.00,1.20
2010.12.13 19:57:49.735,1.591,1.59154,4.20,1.50
2010.12.13 19:57:49.846,1.591,1.59157,4.20,1.20
2010.12.13 19:57:49.956,1.59103,1.59157,1.40,1.20
2010.12.13 19:57:50.409,1.59103,1.59159,1.40,1.20
2010.12.13 19:57:50.527,1.59109,1.59161,1.70,1.50
2010.12.13 19:57:50.877,1.59109,1.59161,1.70,1.50
2010.12.13 19:57:51.204,1.59109,1.59161,4.60,1.50
2010.12.13 19:57:51.316,1.59109,1.59161,1.70,1.50
2010.12.13 19:57:51.707,1.59109,1.59161,4.00,1.50
2010.12.13 19:57:51.882,1.59109,1.59161,1.70,1.50
2010.12.13 19:57:51.995,1.59109,1.59161,4.00,1.50
2010.12.13 19:57:52.864,1.59109,1.59161,4.40,1.50
2010.12.13 19:57:52.979,1.59109,1.59161,4.10,1.50
2010.12.13 19:57:53.097,1.59109,1.59161,1.80,1.60
2010.12.13 19:57:53.241,1.59109,1.59161,4.10,1.50
2010.12.13 19:57:54.016,1.59109,1.59161,1.50,1.70
2010.12.13 19:57:54.667,1.59102,1.59158,2.30,1.20
2010.12.13 19:57:55.364,1.591,1.59158,5.90,1.30
2010.12.13 19:57:58.955,1.59097,1.5915,1.70,1.20
2010.12.13 19:57:59.063,1.591,1.59152,1.70,1.20
2010.12.13 19:57:59.282,1.591,1.59156,4.00,1.20
2010.12.13 19:57:59.613,1.591,1.59157,1.80,1.20
2010.12.13 19:57:59.834,1.591,1.59157,1.70,1.20
2010.12.13 19:58:00.504,1.591,1.59142,1.50,1.20
2010.12.13 19:58:00.628,1.59096,1.59144,1.70,1.20
2010.12.13 19:58:00.744,1.59096,1.5915,1.60,1.20
2010.12.13 19:58:00.963,1.59089,1.5915,1.10,1.20
2010.12.13 19:58:01.528,1.59088,1.59144,3.20,2.60
2010.12.13 19:58:01.866,1.59089,1.59144,1.10,1.20
2010.12.13 19:58:01.972,1.59089,1.59151,1.10,1.20
2010.12.13 19:58:03.263,1.59089,1.59151,6.20,1.20
2010.12.13 19:58:03.573,1.59089,1.59151,1.10,1.30
2010.12.13 19:58:03.958,1.59089,1.59151,1.70,1.20
2010.12.13 19:58:04.074,1.59089,1.59151,1.70,1.20
2010.12.13 19:58:04.405,1.59089,1.59151,1.70,1.30
2010.12.13 19:58:04.753,1.59089,1.59151,1.70,1.20
2010.12.13 19:58:05.082,1.59089,1.59151,1.70,1.20
2010.12.13 19:58:05.413,1.59089,1.59151,1.60,1.20
2010.12.13 19:58:05.523,1.59089,1.59151,1.70,1.20
2010.12.13 19:58:05.694,1.59089,1.59151,1.70,1.20
2010.12.13 19:58:05.889,1.59089,1.59151,1.80,1.30
2010.12.13 19:58:06.259,1.59089,1.59151,1.70,1.20
2010.12.13 19:58:06.542,1.59089,1.59151,1.60,1.20
2010.12.13 19:58:06.763,1.59089,1.59151,1.50,1.20
2010.12.13 19:58:07.717,1.59088,1.59151,1.70,1.20
2010.12.13 19:58:07.823,1.59088,1.59151,1.80,1.20
2010.12.13 19:58:09.235,1.59088,1.59151,2.60,1.70
2010.12.13 19:58:09.346,1.59088,1.59144,1.30,1.50
2010.12.13 19:58:09.620,1.59092,1.5915,1.60,1.80
2010.12.13 19:58:09.736,1.59092,1.5915,3.90,1.50
2010.12.13 19:58:09.978,1.59092,1.5915,1.60,1.50
2010.12.13 19:58:10.096,1.59091,1.5915,4.10,1.20
2010.12.13 19:58:10.685,1.59091,1.59151,3.90,1.20
2010.12.13 19:58:11.416,1.59091,1.59151,4.10,1.20
2010.12.13 19:58:12.553,1.59093,1.59151,1.20,1.20
2010.12.13 19:58:14.930,1.59091,1.59151,4.50,1.20
2010.12.13 19:58:16.264,1.59086,1.59151,4.10,1.20
2010.12.13 19:58:17.013,1.59083,1.59146,4.40,1.20
2010.12.13 19:58:18.575,1.59084,1.59141,1.70,1.20
2010.12.13 19:58:19.016,1.59083,1.59138,1.70,1.20
2010.12.13 19:58:20.009,1.59083,1.59138,1.80,1.20
2010.12.13 19:58:20.344,1.59084,1.5914,4.00,1.20
2010.12.13 19:58:20.455,1.59084,1.5914,1.80,1.20
2010.12.13 19:58:21.348,1.59084,1.59139,1.80,1.20
2010.12.13 19:58:21.755,1.59084,1.59126,1.80,1.50
2010.12.13 19:58:21.866,1.59075,1.59126,1.50,1.50
2010.12.13 19:58:22.195,1.59068,1.59126,4.20,1.50
2010.12.13 19:58:22.746,1.59074,1.59134,1.80,1.60
2010.12.13 19:58:23.419,1.59077,1.59134,1.10,1.50
2010.12.13 19:58:23.966,1.59077,1.59139,2.60,1.30
2010.12.13 19:58:24.294,1.59085,1.59146,2.30,1.20
2010.12.13 19:58:24.794,1.5908,1.59145,1.50,1.50
2010.12.13 19:58:25.432,1.5908,1.59145,1.50,1.60
2010.12.13 19:58:25.789,1.5908,1.5914,1.50,1.50
2010.12.13 19:58:25.911,1.59078,1.5914,1.60,1.20
2010.12.13 19:58:26.544,1.59078,1.5914,4.30,1.30
2010.12.13 19:58:26.890,1.59078,1.5914,4.80,1.20
2010.12.13 19:58:27.493,1.59082,1.59139,1.60,1.20
2010.12.13 19:58:28.174,1.59075,1.59138,4.20,1.20
2010.12.13 19:58:28.504,1.59077,1.59143,3.40,2.70
2010.12.13 19:58:28.798,1.59077,1.59143,3.40,2.70
2010.12.13 19:58:30.317,1.59087,1.59143,1.90,1.50
2010.12.13 19:58:31.629,1.59086,1.59148,1.90,1.40
2010.12.13 19:58:31.855,1.59086,1.5915,4.50,2.80
2010.12.13 19:58:36.954,1.59086,1.59149,1.90,3.10
2010.12.13 19:58:37.523,1.59086,1.59149,4.50,1.30
2010.12.13 19:58:37.854,1.59086,1.59149,4.10,3.10
2010.12.13 19:58:38.561,1.59086,1.59149,1.80,3.10
2010.12.13 19:58:40.237,1.59086,1.59149,4.10,3.10
2010.12.13 19:58:42.615,1.59086,1.59149,4.50,1.30
2010.12.13 19:58:43.036,1.59083,1.5914,4.10,1.50
2010.12.13 19:58:44.857,1.59083,1.5914,3.80,1.70
2010.12.13 19:58:46.487,1.59085,1.5914,2.80,1.50
2010.12.13 19:58:46.594,1.59091,1.59143,2.00,1.60
2010.12.13 19:58:47.015,1.59095,1.59151,1.50,3.20
2010.12.13 19:58:47.833,1.59095,1.59151,1.60,3.20
2010.12.13 19:58:50.798,1.59097,1.59151,1.50,3.90
2010.12.13 19:58:51.015,1.59092,1.59147,1.50,1.80
2010.12.13 19:58:52.366,1.59091,1.59143,1.80,1.50
2010.12.13 19:58:55.615,1.59091,1.59143,1.70,1.60
2010.12.13 19:58:55.968,1.59091,1.59143,2.00,1.60
2010.12.13 19:58:56.516,1.59091,1.59143,1.70,1.60
2010.12.13 19:58:56.847,1.59092,1.59147,1.10,1.70
2010.12.13 19:58:56.954,1.59096,1.59153,1.50,4.40
2010.12.13 19:58:57.064,1.5909,1.59144,3.20,1.60
2010.12.13 19:58:57.901,1.5909,1.59144,3.20,1.60
2010.12.13 19:58:58.543,1.5909,1.59144,7.90,1.60
2010.12.13 19:58:58.896,1.5909,1.59144,3.20,4.10
2010.12.13 19:58:59.365,1.5909,1.59144,1.70,1.60
2010.12.13 19:58:59.586,1.5909,1.59144,4.10,1.60
2010.12.13 19:59:00.039,1.5909,1.59144,1.70,1.50
2010.12.13 19:59:00.159,1.59079,1.59127,1.50,1.50
2010.12.13 19:59:00.493,1.59083,1.59135,1.70,1.60
2010.12.13 19:59:00.872,1.59083,1.59135,1.70,1.50
2010.12.13 19:59:01.116,1.59083,1.59135,1.70,1.60
2010.12.13 19:59:01.352,1.59083,1.59135,1.70,1.50
2010.12.13 19:59:02.271,1.59083,1.59135,1.70,1.60
2010.12.13 19:59:02.964,1.59083,1.59135,1.80,1.50
2010.12.13 19:59:04.367,1.59083,1.59135,4.10,1.50
2010.12.13 19:59:05.263,1.59091,1.59143,1.50,1.70
2010.12.13 19:59:05.564,1.59091,1.59143,1.70,1.50
2010.12.13 19:59:05.995,1.59091,1.59143,1.70,1.60
2010.12.13 19:59:06.324,1.59091,1.59143,4.10,1.50
2010.12.13 19:59:06.435,1.59091,1.59143,1.70,1.50
2010.12.13 19:59:06.804,1.59099,1.59151,1.70,1.50
2010.12.13 19:59:08.187,1.59099,1.59151,1.70,1.60
2010.12.13 19:59:08.584,1.59099,1.59151,1.70,1.60
2010.12.13 19:59:08.804,1.59099,1.59151,1.70,1.50
2010.12.13 19:59:09.265,1.59099,1.59151,1.70,1.60
2010.12.13 19:59:09.637,1.59099,1.59151,1.70,3.90
2010.12.13 19:59:10.877,1.59096,1.59146,2.50,1.50
2010.12.13 19:59:11.414,1.59099,1.59151,1.70,1.50
2010.12.13 19:59:11.524,1.59099,1.59151,1.70,1.60
2010.12.13 19:59:12.099,1.59099,1.59151,1.70,1.80
2010.12.13 19:59:12.906,1.59099,1.59151,1.70,4.10
2010.12.13 19:59:13.380,1.59099,1.59151,1.70,1.80
2010.12.13 19:59:14.338,1.59099,1.59151,1.70,1.60
2010.12.13 19:59:14.896,1.59099,1.59151,1.70,3.90
2010.12.13 19:59:15.704,1.59099,1.59151,1.80,1.80
2010.12.13 19:59:15.995,1.59103,1.59151,1.10,1.60
2010.12.13 19:59:16.520,1.59096,1.59146,1.80,1.50
2010.12.13 19:59:16.744,1.59099,1.59151,1.70,1.50
2010.12.13 19:59:16.965,1.591,1.59157,1.70,1.50
2010.12.13 19:59:17.425,1.591,1.59159,1.70,3.30
2010.12.13 19:59:17.534,1.591,1.59159,1.70,1.30
2010.12.13 19:59:17.754,1.591,1.59159,1.70,3.10
2010.12.13 19:59:18.140,1.591,1.59159,1.70,1.30
2010.12.13 19:59:19.933,1.59099,1.59158,2.60,3.30
2010.12.13 19:59:20.584,1.59099,1.59161,2.50,2.70
2010.12.13 19:59:20.693,1.59099,1.59161,2.40,6.90
2010.12.13 19:59:20.804,1.59099,1.59154,1.50,3.00
2010.12.13 19:59:21.324,1.59096,1.59153,1.80,1.60
2010.12.13 19:59:21.441,1.59096,1.59146,1.80,1.50
2010.12.13 19:59:22.816,1.59096,1.59146,1.90,1.60
2010.12.13 19:59:27.794,1.59105,1.59154,1.70,1.70
2010.12.13 19:59:28.015,1.59106,1.59159,1.70,1.60
2010.12.13 19:59:28.699,1.59106,1.59159,1.80,1.60
2010.12.13 19:59:30.451,1.59111,1.59159,1.50,1.80
2010.12.13 19:59:30.792,1.59118,1.59159,2.50,1.80
2010.12.13 19:59:30.907,1.59115,1.59166,1.90,1.60
2010.12.13 19:59:31.014,1.59115,1.59166,2.00,1.50
2010.12.13 19:59:32.100,1.59115,1.59166,1.70,1.50
2010.12.13 19:59:32.369,1.59115,1.59164,1.90,1.50
2010.12.13 19:59:32.824,1.59112,1.59164,1.10,1.60
2010.12.13 19:59:32.934,1.59117,1.59164,1.80,1.50
2010.12.13 19:59:33.800,1.59117,1.59164,1.80,1.60
2010.12.13 19:59:34.921,1.59102,1.59159,4.00,1.30
2010.12.13 19:59:35.036,1.591,1.59158,2.40,1.30
2010.12.13 19:59:35.445,1.59099,1.59151,1.80,1.50
2010.12.13 19:59:35.775,1.59099,1.59151,4.10,1.50
2010.12.13 19:59:37.443,1.59099,1.59151,1.80,1.50
2010.12.13 19:59:38.648,1.59099,1.59151,4.30,1.50
2010.12.13 19:59:38.764,1.59101,1.59151,4.10,1.50
2010.12.13 19:59:39.097,1.59112,1.59158,1.80,1.20
2010.12.13 19:59:39.429,1.59114,1.5917,1.70,1.80
2010.12.13 19:59:39.549,1.59119,1.59167,1.50,1.40
2010.12.13 19:59:40.096,1.59119,1.59172,1.50,2.70
2010.12.13 19:59:40.649,1.59115,1.59167,1.70,1.50
2010.12.13 19:59:40.763,1.59115,1.59167,1.70,1.60
2010.12.13 19:59:41.355,1.59108,1.59166,1.10,1.80
2010.12.13 19:59:41.471,1.59113,1.59166,2.50,1.60
2010.12.13 19:59:41.917,1.59115,1.59167,1.80,1.60
2010.12.13 19:59:42.031,1.59115,1.59167,1.70,1.50
2010.12.13 19:59:42.271,1.59115,1.59167,1.70,1.50
2010.12.13 19:59:42.495,1.59118,1.59171,1.10,1.70
2010.12.13 19:59:42.874,1.59119,1.59171,1.10,1.20
2010.12.13 19:59:43.097,1.59119,1.59171,2.30,1.20
2010.12.13 19:59:43.590,1.59116,1.59172,1.30,2.70
2010.12.13 19:59:43.705,1.59116,1.59172,2.60,1.20
2010.12.13 19:59:44.118,1.59116,1.59171,5.90,1.20
2010.12.13 19:59:44.565,1.59116,1.59176,6.10,2.70
2010.12.13 19:59:45.068,1.59116,1.59176,5.90,2.70
2010.12.13 19:59:45.188,1.59116,1.59176,5.90,2.70
2010.12.13 19:59:45.312,1.59129,1.59176,1.80,1.20
2010.12.13 19:59:45.682,1.59133,1.59183,1.50,1.80
2010.12.13 19:59:46.018,1.59122,1.59176,8.00,1.50
2010.12.13 19:59:46.235,1.59122,1.59176,1.80,1.50
2010.12.13 19:59:46.632,1.59119,1.59176,2.80,1.50
2010.12.13 19:59:47.571,1.59119,1.59176,1.10,1.50
2010.12.13 19:59:47.685,1.59124,1.59182,3.30,1.80
2010.12.13 19:59:48.029,1.59124,1.59182,7.90,1.70
2010.12.13 19:59:48.561,1.59124,1.59182,7.70,1.70
2010.12.13 19:59:49.141,1.59132,1.59182,4.00,1.60
2010.12.13 19:59:50.152,1.59132,1.59186,4.20,1.50
2010.12.13 19:59:50.270,1.59132,1.59186,1.80,1.50
2010.12.13 19:59:50.385,1.59132,1.59186,1.80,1.80
2010.12.13 19:59:50.496,1.59132,1.59186,2.00,1.60
2010.12.13 19:59:50.939,1.59132,1.59186,4.50,1.60
2010.12.13 19:59:51.061,1.59132,1.59186,2.00,1.60
2010.12.13 19:59:51.284,1.59132,1.59186,4.20,1.50
2010.12.13 19:59:52.078,1.59132,1.59186,1.80,1.50
2010.12.13 19:59:52.238,1.59132,1.59186,4.10,1.50
2010.12.13 19:59:53.015,1.59132,1.59179,1.50,1.20
2010.12.13 19:59:53.497,1.59125,1.59178,2.80,1.50
2010.12.13 19:59:54.883,1.59133,1.59185,1.80,1.50
2010.12.13 19:59:55.692,1.59133,1.59185,1.70,1.50
2010.12.13 19:59:55.915,1.59133,1.59185,1.70,1.60
2010.12.13 19:59:56.167,1.59133,1.59185,1.80,1.60
2010.12.13 19:59:56.801,1.59133,1.59185,1.80,1.50
2010.12.13 19:59:57.744,1.59132,1.59169,1.20,1.50
2010.12.13 19:59:57.916,1.59131,1.59169,1.50,1.50
2010.12.13 19:59:58.082,1.59125,1.59175,2.50,1.50
2010.12.13 19:59:58.194,1.59125,1.59177,2.50,1.50
2010.12.13 19:59:58.725,1.59125,1.59177,6.00,1.50
2010.12.13 19:59:59.425,1.59125,1.59177,6.10,1.50
