2016.04.22 16:00:00.082,1.86533,1.86566,1.00,1.00
2016.04.22 16:00:00.386,1.86525,1.86561,1.00,1.00
2016.04.22 16:00:00.560,1.86526,1.86564,1.00,1.12
2016.04.22 16:00:00.813,1.86522,1.86565,1.75,1.87
2016.04.22 16:00:01.116,1.86527,1.86565,1.12,1.00
2016.04.22 16:00:01.530,1.86535,1.86572,1.34,1.50
2016.04.22 16:00:01.637,1.86538,1.86573,1.09,1.00
2016.04.22 16:00:01.789,1.86538,1.86577,1.09,1.12
2016.04.22 16:00:01.840,1.86539,1.86577,1.34,1.12
2016.04.22 16:00:01.941,1.86543,1.86579,1.00,1.00
2016.04.22 16:00:02.589,1.86543,1.86578,1.00,1.00
2016.04.22 16:00:03.104,1.86543,1.86579,1.00,1.00
2016.04.22 16:00:03.753,1.86543,1.8658,1.00,1.00
2016.04.22 16:00:04.008,1.86544,1.86582,1.00,1.00
2016.04.22 16:00:04.110,1.86546,1.86583,1.00,1.50
2016.04.22 16:00:04.657,1.86547,1.86583,1.00,1.00
2016.04.22 16:00:05.234,1.86548,1.86583,1.00,1.00
2016.04.22 16:00:05.537,1.86551,1.86584,1.09,1.00
2016.04.22 16:00:07.309,1.86551,1.86586,1.09,1.50
2016.04.22 16:00:07.536,1.86552,1.86587,1.00,1.00
2016.04.22 16:00:07.637,1.86551,1.86589,1.00,1.50
2016.04.22 16:00:07.688,1.86551,1.86587,1.00,1.10
2016.04.22 16:00:07.991,1.86543,1.86571,1.00,1.00
2016.04.22 16:00:08.243,1.86532,1.86571,1.09,1.00
2016.04.22 16:00:09.139,1.86532,1.8657,1.09,1.00
2016.04.22 16:00:09.642,1.86532,1.86571,1.00,1.00
2016.04.22 16:00:10.962,1.86532,1.86568,1.00,1.00
2016.04.22 16:00:11.164,1.86529,1.86568,1.00,1.00
2016.04.22 16:00:11.781,1.86529,1.86567,1.00,1.00
2016.04.22 16:00:11.948,1.86528,1.86565,1.00,1.00
2016.04.22 16:00:12.150,1.86532,1.86571,1.00,1.12
2016.04.22 16:00:12.252,1.86532,1.86569,1.00,1.00
2016.04.22 16:00:12.454,1.86532,1.86571,1.00,1.00
2016.04.22 16:00:13.456,1.86532,1.86567,1.00,1.00
2016.04.22 16:00:13.766,1.86532,1.8656,1.00,1.00
2016.04.22 16:00:13.867,1.86521,1.86558,1.00,1.12
2016.04.22 16:00:13.969,1.86518,1.86556,1.00,1.00
2016.04.22 16:00:14.646,1.86521,1.86556,1.00,1.50
2016.04.22 16:00:14.898,1.86524,1.86561,1.50,1.00
2016.04.22 16:00:15.150,1.86528,1.86565,1.00,1.50
2016.04.22 16:00:15.617,1.86531,1.86569,1.00,1.50
2016.04.22 16:00:15.926,1.86531,1.86563,1.00,1.00
2016.04.22 16:00:16.027,1.86522,1.8656,1.00,1.00
2016.04.22 16:00:16.078,1.86522,1.86551,1.00,1.37
2016.04.22 16:00:16.129,1.86516,1.86551,1.00,1.37
2016.04.22 16:00:16.180,1.86514,1.86551,1.00,1.37
2016.04.22 16:00:17.463,1.86518,1.86552,1.00,1.00
2016.04.22 16:00:17.514,1.86521,1.86557,1.00,1.00
2016.04.22 16:00:17.565,1.86525,1.86557,1.12,1.00
2016.04.22 16:00:17.738,1.86526,1.86564,2.25,1.00
2016.04.22 16:00:17.844,1.86528,1.86564,1.00,1.00
2016.04.22 16:00:17.895,1.8653,1.86568,1.00,1.12
2016.04.22 16:00:18.706,1.8653,1.86565,1.00,1.00
2016.04.22 16:00:20.469,1.8653,1.86569,1.00,2.62
2016.04.22 16:00:20.671,1.86534,1.86569,1.00,1.37
2016.04.22 16:00:20.722,1.86535,1.86572,1.00,1.00
2016.04.22 16:00:21.068,1.86538,1.86573,1.00,1.00
2016.04.22 16:00:21.610,1.86534,1.86571,1.50,1.00
2016.04.22 16:00:21.863,1.86536,1.86573,1.00,1.00
2016.04.22 16:00:22.567,1.86536,1.86571,1.00,1.00
2016.04.22 16:00:22.618,1.86532,1.86571,1.50,1.00
2016.04.22 16:00:23.468,1.86532,1.86568,1.50,1.12
2016.04.22 16:00:23.670,1.86528,1.86566,1.00,1.00
2016.04.22 16:00:23.941,1.86528,1.8656,1.00,1.00
2016.04.22 16:00:24.093,1.86528,1.86562,1.00,1.00
2016.04.22 16:00:24.194,1.86528,1.86564,1.00,1.00
2016.04.22 16:00:24.295,1.86529,1.86567,1.00,1.12
2016.04.22 16:00:24.820,1.86528,1.86567,1.50,1.12
2016.04.22 16:00:26.086,1.86533,1.8657,1.00,1.75
2016.04.22 16:00:27.729,1.86536,1.8657,1.00,1.37
2016.04.22 16:00:27.779,1.86536,1.86571,1.50,1.00
2016.04.22 16:00:27.830,1.86536,1.86574,1.00,1.37
2016.04.22 16:00:29.712,1.86531,1.86571,2.25,1.00
2016.04.22 16:00:29.914,1.86531,1.86566,1.00,1.00
2016.04.22 16:00:30.116,1.86531,1.86571,1.00,1.00
2016.04.22 16:00:31.596,1.86531,1.86565,1.00,1.00
2016.04.22 16:00:32.206,1.86531,1.86566,1.00,1.00
2016.04.22 16:00:32.560,1.86528,1.86564,1.87,1.00
2016.04.22 16:00:32.662,1.86525,1.86562,1.00,1.00
2016.04.22 16:00:32.965,1.86528,1.86562,1.00,1.75
2016.04.22 16:00:33.225,1.86538,1.86575,1.00,1.50
2016.04.22 16:00:33.428,1.86541,1.86578,1.00,1.12
2016.04.22 16:00:34.377,1.86543,1.86581,1.00,1.00
2016.04.22 16:00:35.083,1.86543,1.86583,1.00,1.50
2016.04.22 16:00:35.916,1.86541,1.86578,1.12,1.00
2016.04.22 16:00:36.218,1.8654,1.86576,1.50,1.12
2016.04.22 16:00:36.420,1.86537,1.86573,1.00,1.00
2016.04.22 16:00:36.925,1.86537,1.86574,1.00,1.00
2016.04.22 16:00:37.752,1.86537,1.86573,1.00,1.00
2016.04.22 16:00:38.284,1.86537,1.86574,1.00,1.50
2016.04.22 16:00:40.942,1.86541,1.8657,1.00,1.00
2016.04.22 16:00:41.094,1.86528,1.86565,1.00,1.87
2016.04.22 16:00:41.196,1.86523,1.86561,1.00,1.12
2016.04.22 16:00:41.398,1.86522,1.86558,1.00,1.00
2016.04.22 16:00:42.154,1.86519,1.86558,1.00,1.00
2016.04.22 16:00:42.633,1.86528,1.86562,1.50,1.00
2016.04.22 16:00:42.785,1.86535,1.86572,1.00,1.00
2016.04.22 16:00:42.983,1.86537,1.86575,1.00,1.00
2016.04.22 16:00:43.285,1.86537,1.86572,1.00,1.00
2016.04.22 16:00:43.336,1.86534,1.86572,1.12,1.00
2016.04.22 16:00:43.875,1.86534,1.86571,1.12,1.00
2016.04.22 16:00:45.409,1.86531,1.86569,1.00,1.00
2016.04.22 16:00:48.783,1.86531,1.86568,1.00,1.00
2016.04.22 16:00:48.985,1.86537,1.86568,1.00,1.00
2016.04.22 16:00:49.087,1.86537,1.86572,1.00,1.00
2016.04.22 16:00:49.424,1.86538,1.86574,1.00,1.00
2016.04.22 16:00:49.485,1.86536,1.86571,1.00,1.00
2016.04.22 16:00:49.940,1.8653,1.86568,1.00,1.00
2016.04.22 16:00:50.152,1.86533,1.86572,1.00,3.37
2016.04.22 16:00:50.772,1.86529,1.86567,1.50,1.00
2016.04.22 16:00:51.075,1.86529,1.86564,1.00,1.00
2016.04.22 16:00:51.379,1.86527,1.86558,1.09,1.00
2016.04.22 16:00:51.429,1.86526,1.86558,1.00,1.00
2016.04.22 16:00:51.480,1.86523,1.86558,1.00,1.00
2016.04.22 16:00:51.531,1.86519,1.86559,1.00,2.25
2016.04.22 16:00:51.733,1.86516,1.86553,1.00,1.00
2016.04.22 16:00:51.784,1.86516,1.86555,1.00,1.00
2016.04.22 16:00:52.260,1.86522,1.86559,1.00,1.37
2016.04.22 16:00:52.563,1.86524,1.86558,1.00,1.00
2016.04.22 16:00:52.961,1.86522,1.86559,1.09,1.00
2016.04.22 16:00:53.471,1.86522,1.86558,1.09,1.00
2016.04.22 16:00:54.171,1.86522,1.86559,1.09,1.50
2016.04.22 16:00:54.751,1.86522,1.86559,1.00,1.87
2016.04.22 16:00:55.054,1.86522,1.86553,1.00,1.00
2016.04.22 16:00:57.179,1.86522,1.86555,1.00,1.00
2016.04.22 16:00:57.801,1.86522,1.86558,1.00,1.37
2016.04.22 16:00:58.306,1.86522,1.86554,1.00,1.00
2016.04.22 16:00:58.973,1.86522,1.86553,1.50,1.00
2016.04.22 16:00:59.218,1.86522,1.86558,1.00,1.50
2016.04.22 16:00:59.471,1.86522,1.86558,1.00,1.37
2016.04.22 16:00:59.623,1.86522,1.86557,1.00,1.00
2016.04.22 16:01:00.097,1.86517,1.86553,1.50,1.00
2016.04.22 16:01:00.928,1.86513,1.86553,1.00,1.00
2016.04.22 16:01:01.030,1.86513,1.86549,1.34,1.00
2016.04.22 16:01:01.534,1.86513,1.86548,1.00,1.00
2016.04.22 16:01:01.736,1.86513,1.86553,1.00,1.00
2016.04.22 16:01:01.920,1.86513,1.8655,1.00,1.00
2016.04.22 16:01:02.173,1.86513,1.86553,1.84,1.50
2016.04.22 16:01:03.108,1.86518,1.86554,1.00,1.50
2016.04.22 16:01:03.814,1.86518,1.86553,1.00,1.00
2016.04.22 16:01:04.391,1.86518,1.86555,1.00,1.87
2016.04.22 16:01:04.498,1.86518,1.86553,1.00,1.00
2016.04.22 16:01:05.494,1.86518,1.86548,1.00,1.00
2016.04.22 16:01:05.596,1.86518,1.86552,1.00,1.00
2016.04.22 16:01:05.802,1.86518,1.86554,1.00,1.50
2016.04.22 16:01:06.004,1.86511,1.86551,2.96,1.00
2016.04.22 16:01:06.156,1.86515,1.86553,1.09,1.00
2016.04.22 16:01:07.257,1.86515,1.86554,1.09,2.25
2016.04.22 16:01:07.770,1.86515,1.86553,1.09,1.00
2016.04.22 16:01:08.444,1.86515,1.86554,1.09,1.50
2016.04.22 16:01:08.797,1.86519,1.86554,1.00,1.00
2016.04.22 16:01:08.848,1.86519,1.86557,1.00,1.00
2016.04.22 16:01:09.000,1.86519,1.86557,2.59,1.00
2016.04.22 16:01:09.309,1.86529,1.86566,1.12,1.00
2016.04.22 16:01:09.363,1.86531,1.8657,1.00,2.62
2016.04.22 16:01:09.616,1.86525,1.86562,1.00,1.00
2016.04.22 16:01:10.123,1.86526,1.86562,1.00,1.50
2016.04.22 16:01:10.585,1.86525,1.86562,1.84,1.00
2016.04.22 16:01:10.838,1.86527,1.86562,1.00,1.00
2016.04.22 16:01:10.939,1.86528,1.86568,1.00,3.00
2016.04.22 16:01:11.293,1.86528,1.86567,1.00,1.37
2016.04.22 16:01:11.395,1.86528,1.86568,1.00,1.00
2016.04.22 16:01:12.398,1.86532,1.8657,1.00,1.00
2016.04.22 16:01:13.155,1.86532,1.86569,1.50,1.00
2016.04.22 16:01:13.499,1.86533,1.86571,1.00,1.50
2016.04.22 16:01:13.600,1.86533,1.86571,1.37,1.00
2016.04.22 16:01:14.256,1.86536,1.86571,1.00,1.00
2016.04.22 16:01:14.357,1.86535,1.86575,2.25,1.50
2016.04.22 16:01:18.297,1.86535,1.86574,1.50,1.00
2016.04.22 16:01:18.830,1.86536,1.86575,1.00,1.50
2016.04.22 16:01:18.932,1.86536,1.86573,1.00,1.00
2016.04.22 16:01:19.235,1.86539,1.86574,1.87,1.00
2016.04.22 16:01:19.337,1.86544,1.86578,1.00,1.00
2016.04.22 16:01:19.387,1.8655,1.86578,1.00,1.00
2016.04.22 16:01:19.589,1.86551,1.86584,1.00,1.00
2016.04.22 16:01:20.118,1.86551,1.86585,1.00,1.00
2016.04.22 16:01:20.623,1.8655,1.86585,1.50,1.00
2016.04.22 16:01:21.174,1.8655,1.86584,1.50,1.00
2016.04.22 16:01:21.370,1.8655,1.86587,1.50,1.00
2016.04.22 16:01:22.877,1.86551,1.86587,1.00,1.00
2016.04.22 16:01:22.979,1.86556,1.86588,1.37,1.00
2016.04.22 16:01:23.282,1.86558,1.8659,1.00,1.00
2016.04.22 16:01:23.383,1.86558,1.86595,1.00,1.50
2016.04.22 16:01:24.056,1.86556,1.86593,1.37,1.00
2016.04.22 16:01:24.359,1.86559,1.86595,1.00,1.00
2016.04.22 16:01:24.586,1.86559,1.86598,1.00,1.00
2016.04.22 16:01:24.789,1.86559,1.86595,1.00,1.00
2016.04.22 16:01:25.268,1.86559,1.86593,1.00,1.00
2016.04.22 16:01:25.472,1.86547,1.86582,1.00,1.00
2016.04.22 16:01:25.977,1.86547,1.86583,1.00,1.00
2016.04.22 16:01:27.984,1.86547,1.86584,1.00,1.00
2016.04.22 16:01:28.085,1.86547,1.86587,1.00,2.25
2016.04.22 16:01:28.489,1.86547,1.86583,1.00,1.00
2016.04.22 16:01:28.640,1.86548,1.86586,1.00,1.00
2016.04.22 16:01:28.691,1.86548,1.86586,1.50,1.37
2016.04.22 16:01:29.125,1.86554,1.86588,1.37,1.50
2016.04.22 16:01:29.327,1.86557,1.8659,1.00,1.00
2016.04.22 16:01:30.354,1.8656,1.8659,1.00,1.00
2016.04.22 16:01:30.404,1.8656,1.86594,1.37,1.00
2016.04.22 16:01:30.758,1.86561,1.8659,1.00,1.00
2016.04.22 16:01:31.062,1.86561,1.86592,1.00,1.12
2016.04.22 16:01:31.314,1.8656,1.86589,1.00,1.00
2016.04.22 16:01:31.458,1.8656,1.86593,1.00,1.00
2016.04.22 16:01:31.613,1.8656,1.86596,1.00,1.00
2016.04.22 16:01:32.118,1.8656,1.86594,1.00,1.00
2016.04.22 16:01:32.656,1.8656,1.86598,1.00,1.87
2016.04.22 16:01:33.234,1.86561,1.86593,1.00,1.00
2016.04.22 16:01:33.537,1.86564,1.86593,1.00,1.00
2016.04.22 16:01:36.915,1.86562,1.86593,1.00,1.00
2016.04.22 16:01:37.465,1.86562,1.86594,1.00,1.00
2016.04.22 16:01:38.059,1.86563,1.86594,1.50,1.00
2016.04.22 16:01:38.110,1.86563,1.86594,1.84,1.00
2016.04.22 16:01:38.161,1.86562,1.866,1.87,1.37
2016.04.22 16:01:38.212,1.86567,1.86604,1.00,2.25
2016.04.22 16:01:38.263,1.86567,1.86603,1.00,1.37
2016.04.22 16:01:38.364,1.86563,1.86599,1.12,1.00
2016.04.22 16:01:38.951,1.86563,1.86598,1.12,1.00
2016.04.22 16:01:39.556,1.86563,1.86594,1.00,1.00
2016.04.22 16:01:39.859,1.86556,1.86591,1.00,1.12
2016.04.22 16:01:39.910,1.86554,1.86591,1.00,1.50
2016.04.22 16:01:40.012,1.86549,1.86587,1.00,1.50
2016.04.22 16:01:40.365,1.86549,1.86587,1.00,2.25
2016.04.22 16:01:40.467,1.86549,1.86587,1.87,1.87
2016.04.22 16:01:40.568,1.86553,1.86592,1.00,1.12
2016.04.22 16:01:40.669,1.86556,1.86593,1.00,1.87
2016.04.22 16:01:41.017,1.86558,1.86593,1.00,1.00
2016.04.22 16:01:41.654,1.86558,1.86591,1.00,1.00
2016.04.22 16:01:41.997,1.86554,1.86592,1.46,1.00
2016.04.22 16:01:42.048,1.86554,1.86589,1.00,1.00
2016.04.22 16:01:42.574,1.86554,1.86588,1.00,1.00
2016.04.22 16:01:43.085,1.86554,1.86589,1.00,1.00
2016.04.22 16:01:43.768,1.86554,1.86588,1.00,1.00
2016.04.22 16:01:44.300,1.86554,1.86589,1.00,1.00
2016.04.22 16:01:44.801,1.86554,1.86588,1.00,1.00
2016.04.22 16:01:45.330,1.86554,1.86589,1.00,1.00
2016.04.22 16:01:45.634,1.86554,1.86584,1.00,1.00
2016.04.22 16:01:46.149,1.86554,1.86583,1.00,1.00
2016.04.22 16:01:46.479,1.86555,1.86589,1.37,1.00
2016.04.22 16:01:46.580,1.86561,1.86593,1.00,1.10
2016.04.22 16:01:47.235,1.86564,1.86593,1.00,1.00
2016.04.22 16:01:47.626,1.86564,1.86597,1.00,1.00
2016.04.22 16:01:48.735,1.86563,1.86598,1.00,1.00
2016.04.22 16:01:48.954,1.86559,1.86593,1.00,1.00
2016.04.22 16:01:49.257,1.86564,1.86593,1.00,1.00
2016.04.22 16:01:49.560,1.86563,1.86589,1.50,1.00
2016.04.22 16:01:49.913,1.86563,1.86594,1.50,1.00
2016.04.22 16:01:50.301,1.86563,1.86599,2.25,1.00
2016.04.22 16:01:50.352,1.86567,1.86599,1.00,1.00
2016.04.22 16:01:50.503,1.86567,1.86605,1.00,1.00
2016.04.22 16:01:50.756,1.86573,1.86604,1.00,1.00
2016.04.22 16:01:51.059,1.86569,1.86604,1.00,1.00
2016.04.22 16:01:51.385,1.86565,1.86603,1.00,1.37
2016.04.22 16:01:51.571,1.86558,1.86594,1.00,1.00
2016.04.22 16:01:51.622,1.86558,1.86591,1.00,1.00
2016.04.22 16:01:51.824,1.86553,1.86591,1.00,1.00
2016.04.22 16:01:52.709,1.86553,1.86583,1.00,1.00
2016.04.22 16:01:52.761,1.8655,1.86583,1.12,1.00
2016.04.22 16:01:52.812,1.8655,1.86578,1.12,1.00
2016.04.22 16:01:53.670,1.8655,1.86579,1.12,1.00
2016.04.22 16:01:54.140,1.86554,1.86579,1.00,1.00
2016.04.22 16:01:55.680,1.86554,1.86578,1.00,1.00
2016.04.22 16:01:56.784,1.86554,1.86573,1.00,1.00
2016.04.22 16:01:56.885,1.86554,1.86578,1.00,1.00
2016.04.22 16:01:57.435,1.86554,1.86579,1.00,1.00
2016.04.22 16:01:59.493,1.86554,1.86578,1.00,1.00
2016.04.22 16:02:01.497,1.86554,1.86583,1.00,1.00
2016.04.22 16:02:01.548,1.86557,1.86583,1.00,1.00
2016.04.22 16:02:02.053,1.86557,1.86584,1.00,1.00
2016.04.22 16:02:03.128,1.86557,1.86583,1.00,1.00
2016.04.22 16:02:03.563,1.86557,1.86588,1.00,1.00
2016.04.22 16:02:03.715,1.86558,1.86584,1.00,1.00
2016.04.22 16:02:04.018,1.86559,1.86578,1.00,1.00
2016.04.22 16:02:04.333,1.86554,1.86578,1.75,1.00
2016.04.22 16:02:04.837,1.86554,1.86579,1.75,1.00
2016.04.22 16:02:06.223,1.86554,1.86589,2.25,1.00
2016.04.22 16:02:06.681,1.86554,1.86593,1.75,1.00
2016.04.22 16:02:07.005,1.86559,1.86588,1.00,1.00
2016.04.22 16:02:07.106,1.86559,1.86594,1.00,1.00
2016.04.22 16:02:07.360,1.86563,1.86593,1.00,1.00
2016.04.22 16:02:07.864,1.86563,1.86594,1.87,1.00
2016.04.22 16:02:08.181,1.86563,1.86589,1.12,1.00
2016.04.22 16:02:08.333,1.86558,1.86588,1.00,1.00
2016.04.22 16:02:09.825,1.86558,1.86584,1.00,1.00
2016.04.22 16:02:10.078,1.86558,1.86588,1.00,1.00
2016.04.22 16:02:10.582,1.86557,1.86588,1.00,1.00
2016.04.22 16:02:10.752,1.86557,1.86593,1.00,1.00
2016.04.22 16:02:10.954,1.86557,1.86595,1.00,1.00
2016.04.22 16:02:11.055,1.86557,1.86597,1.00,1.50
2016.04.22 16:02:11.365,1.86557,1.86593,1.50,1.00
2016.04.22 16:02:11.517,1.86557,1.86597,1.50,1.00
2016.04.22 16:02:11.618,1.86558,1.86593,1.00,1.00
2016.04.22 16:02:12.048,1.86557,1.86595,1.00,1.00
2016.04.22 16:02:12.363,1.86557,1.86593,1.00,1.00
2016.04.22 16:02:12.573,1.86557,1.86596,1.00,1.00
2016.04.22 16:02:13.200,1.86557,1.86597,1.00,1.50
2016.04.22 16:02:13.719,1.86557,1.86596,1.00,1.00
2016.04.22 16:02:14.407,1.86557,1.86597,1.00,1.50
2016.04.22 16:02:14.925,1.86557,1.86596,1.00,1.00
2016.04.22 16:02:15.794,1.86557,1.86597,1.00,1.50
2016.04.22 16:02:16.784,1.86557,1.86596,1.00,1.00
2016.04.22 16:02:17.969,1.86557,1.86597,1.00,1.50
2016.04.22 16:02:18.871,1.86557,1.86596,1.00,1.00
2016.04.22 16:02:19.892,1.86557,1.86597,1.00,1.50
2016.04.22 16:02:21.093,1.86557,1.86596,1.00,1.00
2016.04.22 16:02:21.596,1.86557,1.86597,1.00,2.25
2016.04.22 16:02:22.220,1.86557,1.86596,1.00,1.00
2016.04.22 16:02:22.400,1.86557,1.86583,1.00,1.00
2016.04.22 16:02:22.603,1.86557,1.86588,1.00,1.00
2016.04.22 16:02:25.859,1.86554,1.86588,1.71,1.00
2016.04.22 16:02:27.210,1.86554,1.86589,1.71,1.00
2016.04.22 16:02:27.711,1.86554,1.86588,2.21,1.00
2016.04.22 16:02:28.090,1.86558,1.86588,1.00,1.00
2016.04.22 16:02:28.595,1.86558,1.86589,1.00,1.00
2016.04.22 16:02:30.068,1.86558,1.86593,1.00,1.00
2016.04.22 16:02:31.169,1.86558,1.86588,1.00,1.00
2016.04.22 16:02:35.262,1.86558,1.86584,1.00,1.00
2016.04.22 16:02:37.018,1.86558,1.86583,1.00,1.00
2016.04.22 16:02:37.069,1.86556,1.86583,1.09,1.00
2016.04.22 16:02:38.010,1.86556,1.86588,1.09,1.00
2016.04.22 16:02:38.162,1.86557,1.86588,1.34,1.00
2016.04.22 16:02:38.738,1.86561,1.86589,1.00,1.00
2016.04.22 16:02:38.991,1.86561,1.86594,1.00,1.00
2016.04.22 16:02:39.344,1.86561,1.86589,1.00,1.00
2016.04.22 16:02:39.547,1.86561,1.86594,1.00,1.00
2016.04.22 16:02:39.878,1.86561,1.86596,1.00,1.00
2016.04.22 16:02:40.383,1.86561,1.86595,1.00,1.00
2016.04.22 16:02:40.433,1.86555,1.86588,1.00,1.00
2016.04.22 16:02:41.507,1.86555,1.86594,1.00,2.25
2016.04.22 16:02:42.274,1.86555,1.86593,1.00,1.00
2016.04.22 16:02:44.035,1.86555,1.86589,1.00,1.00
2016.04.22 16:02:44.599,1.86555,1.86588,1.00,1.00
2016.04.22 16:02:48.872,1.86555,1.86583,1.00,1.00
2016.04.22 16:02:49.407,1.86553,1.86583,1.34,1.00
2016.04.22 16:02:49.884,1.86553,1.86589,1.00,1.00
2016.04.22 16:02:50.036,1.86557,1.86594,1.00,1.00
2016.04.22 16:02:53.931,1.86557,1.86593,1.00,1.00
2016.04.22 16:02:54.084,1.86557,1.8659,1.00,1.00
2016.04.22 16:02:54.299,1.86552,1.8659,1.00,1.75
2016.04.22 16:02:54.400,1.86556,1.86591,1.00,1.75
2016.04.22 16:02:54.451,1.86554,1.86591,1.00,1.00
2016.04.22 16:02:54.502,1.86554,1.86589,1.00,1.37
2016.04.22 16:02:54.730,1.86549,1.86586,1.37,1.00
2016.04.22 16:02:54.781,1.86554,1.86585,1.00,1.00
2016.04.22 16:02:54.831,1.86551,1.86585,1.00,1.00
2016.04.22 16:02:54.883,1.86551,1.8659,1.87,1.87
2016.04.22 16:02:55.100,1.86552,1.86589,1.00,1.47
2016.04.22 16:02:55.252,1.86546,1.86582,1.00,1.50
2016.04.22 16:02:56.609,1.8654,1.8658,1.00,1.00
2016.04.22 16:02:58.404,1.8654,1.8658,1.87,1.50
2016.04.22 16:02:58.707,1.8655,1.86581,1.00,1.00
2016.04.22 16:02:58.809,1.86549,1.86585,1.00,1.47
2016.04.22 16:02:58.910,1.86541,1.86576,1.37,1.00
2016.04.22 16:02:58.961,1.86541,1.86576,1.00,1.00
2016.04.22 16:02:59.794,1.86541,1.8658,1.00,1.87
2016.04.22 16:03:00.667,1.86541,1.86578,1.00,1.00
2016.04.22 16:03:00.868,1.86539,1.86576,1.50,1.00
2016.04.22 16:03:02.554,1.86545,1.86582,1.00,1.75
2016.04.22 16:03:02.655,1.8654,1.86579,1.00,1.50
2016.04.22 16:03:02.705,1.8654,1.86575,1.00,1.12
2016.04.22 16:03:02.908,1.86543,1.8658,1.50,1.37
2016.04.22 16:03:02.968,1.86549,1.86584,1.00,1.75
2016.04.22 16:03:03.070,1.86552,1.86586,1.00,1.10
2016.04.22 16:03:03.788,1.86557,1.86586,1.00,1.10
2016.04.22 16:03:04.091,1.86559,1.86586,1.50,1.10
2016.04.22 16:03:05.144,1.86559,1.86595,1.50,1.00
2016.04.22 16:03:05.649,1.86559,1.86594,1.50,1.00
2016.04.22 16:03:06.158,1.86559,1.86595,1.50,1.50
2016.04.22 16:03:07.724,1.86559,1.86594,1.50,1.00
2016.04.22 16:03:08.491,1.86559,1.86593,1.12,1.00
2016.04.22 16:03:09.042,1.86559,1.86592,1.00,1.00
2016.04.22 16:03:09.245,1.86557,1.86592,1.00,1.00
2016.04.22 16:03:09.749,1.86557,1.86593,1.00,2.25
2016.04.22 16:03:10.103,1.86554,1.86593,1.46,1.00
2016.04.22 16:03:10.763,1.86554,1.86592,1.46,1.00
2016.04.22 16:03:11.298,1.86554,1.86593,1.46,2.62
2016.04.22 16:03:12.111,1.86557,1.86595,1.00,1.37
2016.04.22 16:03:12.450,1.86553,1.86593,1.84,1.87
2016.04.22 16:03:12.552,1.86553,1.86591,1.84,1.00
2016.04.22 16:03:14.100,1.86553,1.86593,1.84,1.87
2016.04.22 16:03:14.607,1.86553,1.86591,1.50,1.00
2016.04.22 16:03:14.860,1.86553,1.86593,1.50,1.00
2016.04.22 16:03:15.276,1.86553,1.86588,1.50,1.00
2016.04.22 16:03:15.781,1.86552,1.86589,1.75,1.12
2016.04.22 16:03:16.163,1.86552,1.86587,1.75,1.00
2016.04.22 16:03:18.279,1.86551,1.86589,1.75,1.00
2016.04.22 16:03:18.672,1.86551,1.86589,1.00,1.00
2016.04.22 16:03:19.172,1.86547,1.86584,1.50,1.00
2016.04.22 16:03:20.625,1.86547,1.86582,1.00,1.00
2016.04.22 16:03:20.922,1.86522,1.86558,1.50,1.00
2016.04.22 16:03:21.125,1.86522,1.86558,1.00,1.87
2016.04.22 16:03:21.226,1.86517,1.86556,1.34,1.50
2016.04.22 16:03:21.640,1.86521,1.86558,1.00,1.00
2016.04.22 16:03:24.746,1.86521,1.8656,1.00,1.00
2016.04.22 16:03:25.704,1.86531,1.8656,1.09,1.00
2016.04.22 16:03:25.907,1.86545,1.8658,1.50,1.00
2016.04.22 16:03:25.958,1.86545,1.86582,3.00,1.00
2016.04.22 16:03:26.477,1.86545,1.86583,1.00,1.00
2016.04.22 16:03:27.972,1.86545,1.86584,1.00,1.87
2016.04.22 16:03:29.264,1.86545,1.86584,1.37,1.00
2016.04.22 16:03:29.961,1.86549,1.86584,1.00,1.00
2016.04.22 16:03:30.502,1.86549,1.86585,1.00,1.00
2016.04.22 16:03:30.924,1.86549,1.86583,1.00,1.00
2016.04.22 16:03:32.169,1.8655,1.86583,1.00,2.25
2016.04.22 16:03:32.577,1.86545,1.86583,1.75,2.25
2016.04.22 16:03:32.678,1.86545,1.86581,1.00,1.00
2016.04.22 16:03:33.319,1.86545,1.86583,1.50,3.00
2016.04.22 16:03:33.774,1.86545,1.86581,1.50,1.00
2016.04.22 16:03:34.108,1.86545,1.86578,1.00,1.00
2016.04.22 16:03:34.610,1.86544,1.86578,1.00,1.00
2016.04.22 16:03:34.661,1.86544,1.8658,1.00,1.50
2016.04.22 16:03:35.304,1.86545,1.8658,1.00,1.00
2016.04.22 16:03:35.406,1.86542,1.8658,1.00,1.37
2016.04.22 16:03:35.507,1.86542,1.86575,1.00,1.00
2016.04.22 16:03:35.609,1.8654,1.86575,1.00,1.00
2016.04.22 16:03:35.659,1.86541,1.86579,1.00,2.25
2016.04.22 16:03:37.101,1.86541,1.8658,2.25,1.00
2016.04.22 16:03:39.305,1.86541,1.86579,1.75,1.00
2016.04.22 16:03:39.722,1.86541,1.86577,1.75,1.37
2016.04.22 16:03:39.823,1.86534,1.86572,1.12,1.00
2016.04.22 16:03:40.328,1.86533,1.86573,1.00,2.25
2016.04.22 16:03:40.540,1.86533,1.86573,1.12,1.50
2016.04.22 16:03:41.374,1.86533,1.8657,1.12,1.00
2016.04.22 16:03:41.627,1.8653,1.86568,1.00,1.00
2016.04.22 16:03:43.402,1.8653,1.86567,1.00,1.00
2016.04.22 16:03:43.945,1.8653,1.86568,1.00,1.00
2016.04.22 16:03:45.206,1.86528,1.86563,1.00,1.00
2016.04.22 16:03:45.713,1.86527,1.86563,1.00,1.00
2016.04.22 16:03:46.673,1.86527,1.86562,1.00,1.00
2016.04.22 16:03:47.612,1.86527,1.86563,1.00,1.00
2016.04.22 16:03:47.961,1.86527,1.86561,1.00,1.00
2016.04.22 16:03:49.170,1.86521,1.8656,1.00,1.00
2016.04.22 16:03:49.222,1.86521,1.86555,1.00,1.00
2016.04.22 16:03:49.273,1.86521,1.86559,1.00,1.00
2016.04.22 16:03:49.778,1.86521,1.86558,1.00,1.00
2016.04.22 16:03:50.122,1.86527,1.86562,1.00,1.00
2016.04.22 16:03:50.223,1.86531,1.86568,1.00,2.62
2016.04.22 16:03:57.034,1.86531,1.86568,2.25,1.50
2016.04.22 16:03:57.337,1.86542,1.86573,1.87,1.00
2016.04.22 16:03:58.560,1.86542,1.86579,1.00,1.00
2016.04.22 16:03:58.661,1.86544,1.86579,1.00,1.00
2016.04.22 16:03:58.964,1.86546,1.8658,1.00,1.00
2016.04.22 16:03:59.065,1.86544,1.8658,1.00,1.00
2016.04.22 16:03:59.690,1.86542,1.86579,1.00,1.00
2016.04.22 16:03:59.740,1.86542,1.86577,1.00,1.00
2016.04.22 16:04:00.245,1.86541,1.86577,1.00,1.00
2016.04.22 16:04:00.447,1.86539,1.86576,1.00,1.00
2016.04.22 16:04:00.498,1.86543,1.86577,1.00,1.00
2016.04.22 16:04:00.725,1.86543,1.86579,1.00,1.00
2016.04.22 16:04:01.195,1.86543,1.86576,1.00,1.37
2016.04.22 16:04:01.246,1.86537,1.86574,1.50,1.12
2016.04.22 16:04:01.297,1.86537,1.86568,1.00,1.00
2016.04.22 16:04:01.349,1.86533,1.86568,1.00,1.00
2016.04.22 16:04:01.450,1.86533,1.8657,1.00,1.12
2016.04.22 16:04:01.776,1.86537,1.86574,1.00,1.75
2016.04.22 16:04:02.763,1.86537,1.86574,1.00,1.00
2016.04.22 16:04:02.814,1.86537,1.86576,1.00,1.50
2016.04.22 16:04:04.121,1.86537,1.86576,1.87,1.50
2016.04.22 16:04:04.171,1.86539,1.86576,1.37,1.00
2016.04.22 16:04:04.539,1.86542,1.8658,1.50,1.50
2016.04.22 16:04:05.054,1.86542,1.86579,1.00,1.00
2016.04.22 16:04:05.357,1.86539,1.86577,1.37,1.00
2016.04.22 16:04:05.705,1.86532,1.86572,2.62,1.75
2016.04.22 16:04:05.885,1.86531,1.86566,1.00,1.00
2016.04.22 16:04:06.206,1.86529,1.86566,1.00,1.50
2016.04.22 16:04:06.257,1.86524,1.86564,2.25,1.00
2016.04.22 16:04:08.014,1.8653,1.86564,1.00,1.00
2016.04.22 16:04:08.065,1.8653,1.86567,1.00,1.50
2016.04.22 16:04:08.599,1.86529,1.86568,1.50,1.50
2016.04.22 16:04:09.114,1.8653,1.86568,1.00,1.00
2016.04.22 16:04:09.640,1.86529,1.86568,1.50,1.50
2016.04.22 16:04:10.188,1.86529,1.86568,1.50,1.12
2016.04.22 16:04:10.592,1.86533,1.86568,1.00,1.12
2016.04.22 16:04:10.894,1.86533,1.8657,1.50,1.00
2016.04.22 16:04:11.443,1.86533,1.86568,1.00,1.00
2016.04.22 16:04:11.972,1.86533,1.86571,1.00,1.87
2016.04.22 16:04:12.224,1.86528,1.86567,2.25,1.00
2016.04.22 16:04:13.220,1.86533,1.86567,1.00,1.00
2016.04.22 16:04:13.321,1.86532,1.86571,1.00,2.25
2016.04.22 16:04:13.608,1.86532,1.8657,1.87,1.00
2016.04.22 16:04:13.660,1.86536,1.86574,1.75,1.00
2016.04.22 16:04:13.812,1.86536,1.86575,1.37,1.50
2016.04.22 16:04:14.342,1.86536,1.86574,1.00,1.00
2016.04.22 16:04:14.503,1.86536,1.86568,1.00,1.00
2016.04.22 16:04:14.655,1.86527,1.86564,1.00,1.00
2016.04.22 16:04:15.009,1.86536,1.86564,1.00,1.00
2016.04.22 16:04:15.060,1.86536,1.86567,1.00,1.00
2016.04.22 16:04:15.260,1.86535,1.86569,1.00,1.00
2016.04.22 16:04:15.315,1.86533,1.86569,1.12,1.00
2016.04.22 16:04:15.418,1.86534,1.86569,1.12,1.12
2016.04.22 16:04:15.519,1.86534,1.86567,1.12,2.25
2016.04.22 16:04:15.671,1.86527,1.86567,1.00,3.82
2016.04.22 16:04:16.410,1.86531,1.86566,1.00,1.37
2016.04.22 16:04:16.461,1.86531,1.8657,1.00,1.00
2016.04.22 16:04:16.570,1.86529,1.86566,1.50,1.00
2016.04.22 16:04:17.170,1.86533,1.8657,1.00,1.50
2016.04.22 16:04:17.479,1.86541,1.86578,1.00,1.00
2016.04.22 16:04:17.986,1.86542,1.86578,1.00,1.00
2016.04.22 16:04:18.491,1.86541,1.86578,1.00,1.00
2016.04.22 16:04:18.794,1.86544,1.86581,1.34,1.00
2016.04.22 16:04:19.204,1.86555,1.86589,1.00,1.00
2016.04.22 16:04:19.306,1.86555,1.86594,1.00,1.00
2016.04.22 16:04:19.364,1.86555,1.86589,1.00,1.00
2016.04.22 16:04:19.515,1.86543,1.86582,1.00,1.00
2016.04.22 16:04:19.566,1.86548,1.86582,1.00,1.00
2016.04.22 16:04:19.819,1.86554,1.86592,1.50,1.12
2016.04.22 16:04:20.744,1.86555,1.86594,1.00,1.12
2016.04.22 16:04:21.291,1.86554,1.86594,1.87,1.00
2016.04.22 16:04:21.797,1.86555,1.86594,1.00,1.50
2016.04.22 16:04:22.793,1.86559,1.86594,1.00,1.00
2016.04.22 16:04:22.844,1.86555,1.86594,1.00,1.00
2016.04.22 16:04:23.147,1.86552,1.8659,1.50,1.00
2016.04.22 16:04:23.299,1.86551,1.8659,1.00,1.00
2016.04.22 16:04:23.684,1.8655,1.86588,1.00,1.00
2016.04.22 16:04:24.189,1.86551,1.8659,1.00,1.50
2016.04.22 16:04:24.565,1.86555,1.86594,1.00,3.00
2016.04.22 16:04:24.615,1.86555,1.86594,1.00,2.25
2016.04.22 16:04:25.019,1.8656,1.86596,1.00,1.00
2016.04.22 16:04:25.321,1.86566,1.86601,1.00,1.00
2016.04.22 16:04:26.295,1.86564,1.86601,1.00,1.00
2016.04.22 16:04:26.346,1.8656,1.86598,1.50,1.00
2016.04.22 16:04:27.175,1.86563,1.86598,1.00,1.00
2016.04.22 16:04:29.811,1.86564,1.86598,1.00,1.00
2016.04.22 16:04:29.862,1.86564,1.86602,1.00,1.00
2016.04.22 16:04:30.497,1.86563,1.86602,1.50,1.00
2016.04.22 16:04:30.699,1.86564,1.86598,1.00,1.00
2016.04.22 16:04:30.901,1.86558,1.86598,2.25,1.00
2016.04.22 16:04:31.054,1.86558,1.86597,1.50,1.00
2016.04.22 16:04:31.206,1.86558,1.86598,1.50,1.37
2016.04.22 16:04:31.542,1.86556,1.86594,1.37,1.37
2016.04.22 16:04:31.594,1.86556,1.86594,1.37,1.87
2016.04.22 16:04:31.644,1.86555,1.86592,1.50,1.00
2016.04.22 16:04:32.162,1.86555,1.86591,1.50,1.00
2016.04.22 16:04:32.465,1.86555,1.86588,1.50,1.00
2016.04.22 16:04:32.702,1.86561,1.86597,1.00,1.75
2016.04.22 16:04:32.804,1.86556,1.86591,1.37,1.00
2016.04.22 16:04:32.854,1.86556,1.86591,1.00,1.00
2016.04.22 16:04:33.434,1.86556,1.8659,1.00,1.00
2016.04.22 16:04:33.485,1.86552,1.8659,1.00,1.50
2016.04.22 16:04:34.437,1.86551,1.8659,1.00,1.00
2016.04.22 16:04:35.500,1.86551,1.86585,1.00,1.00
2016.04.22 16:04:35.551,1.86548,1.86585,1.00,1.00
2016.04.22 16:04:35.601,1.86544,1.86581,1.37,1.00
2016.04.22 16:04:35.652,1.86543,1.86581,1.00,1.00
2016.04.22 16:04:36.013,1.86541,1.8658,1.00,1.00
2016.04.22 16:04:36.568,1.86545,1.8658,1.00,1.00
2016.04.22 16:04:36.771,1.86552,1.86589,1.00,1.12
2016.04.22 16:04:36.822,1.86558,1.86592,1.00,1.87
2016.04.22 16:04:36.873,1.86558,1.86592,1.00,1.00
2016.04.22 16:04:37.057,1.86562,1.86593,1.00,1.00
2016.04.22 16:04:37.445,1.86559,1.86592,1.00,1.00
2016.04.22 16:04:37.546,1.86557,1.86592,1.00,1.00
2016.04.22 16:04:37.597,1.86557,1.8659,1.00,1.00
2016.04.22 16:04:37.648,1.8655,1.86589,1.00,1.12
2016.04.22 16:04:37.749,1.86548,1.86584,1.00,1.00
2016.04.22 16:04:38.298,1.86547,1.86584,1.00,1.00
2016.04.22 16:04:39.133,1.86549,1.86586,1.00,1.00
2016.04.22 16:04:39.788,1.86546,1.86584,1.00,1.00
2016.04.22 16:04:41.347,1.86548,1.86587,1.50,1.00
2016.04.22 16:04:41.550,1.8655,1.86588,1.00,1.37
2016.04.22 16:04:41.651,1.86554,1.86592,1.00,1.00
2016.04.22 16:04:41.954,1.86553,1.86589,1.00,1.00
2016.04.22 16:04:42.151,1.86551,1.86589,1.00,1.00
2016.04.22 16:04:42.770,1.86551,1.86583,1.00,1.50
2016.04.22 16:04:42.821,1.86547,1.86582,1.37,1.00
2016.04.22 16:04:42.872,1.86541,1.86576,1.75,1.00
2016.04.22 16:04:43.097,1.86539,1.86576,1.00,1.00
2016.04.22 16:04:43.148,1.86539,1.86576,1.00,1.50
2016.04.22 16:04:43.300,1.86533,1.86571,1.00,1.50
2016.04.22 16:04:43.956,1.8653,1.86568,1.00,1.00
2016.04.22 16:04:45.296,1.86534,1.8657,1.00,1.12
2016.04.22 16:04:45.623,1.86537,1.86574,1.00,1.75
2016.04.22 16:04:46.131,1.86532,1.86572,1.00,1.75
2016.04.22 16:04:46.476,1.86538,1.86574,1.00,1.75
2016.04.22 16:04:46.630,1.86533,1.86573,1.00,1.75
2016.04.22 16:04:46.782,1.86535,1.86573,1.00,2.25
2016.04.22 16:04:47.331,1.86536,1.86573,1.00,2.25
2016.04.22 16:04:47.862,1.86538,1.86573,1.00,1.75
2016.04.22 16:04:48.166,1.86538,1.86574,1.00,1.50
2016.04.22 16:04:49.456,1.86538,1.86573,1.00,1.00
2016.04.22 16:04:51.216,1.86538,1.86573,1.00,1.75
2016.04.22 16:04:51.368,1.86538,1.86573,1.00,1.00
2016.04.22 16:04:51.872,1.86538,1.86572,1.00,1.00
2016.04.22 16:04:53.468,1.86532,1.86572,1.00,1.50
2016.04.22 16:04:55.046,1.86532,1.86572,1.34,1.50
2016.04.22 16:04:55.097,1.86541,1.8658,1.87,1.75
2016.04.22 16:04:55.149,1.86545,1.86582,1.00,1.37
2016.04.22 16:04:55.200,1.86545,1.86583,1.00,1.12
2016.04.22 16:04:56.060,1.86542,1.86579,1.00,1.00
2016.04.22 16:04:56.280,1.86545,1.86583,1.00,1.87
2016.04.22 16:04:56.482,1.86545,1.86579,1.00,1.00
2016.04.22 16:04:56.684,1.8654,1.86579,1.12,1.50
2016.04.22 16:04:56.886,1.86543,1.86579,1.00,1.00
2016.04.22 16:04:57.201,1.86546,1.86584,1.12,1.50
2016.04.22 16:04:59.415,1.86546,1.8658,1.00,1.00
2016.04.22 16:04:59.471,1.86543,1.8658,1.00,1.00
2016.04.22 16:04:59.522,1.86543,1.8658,1.37,1.00
2016.04.22 16:04:59.573,1.86547,1.86583,1.75,1.50
2016.04.22 16:04:59.624,1.86552,1.86583,1.00,1.00
2016.04.22 16:04:59.675,1.86552,1.86589,1.00,1.50
2016.04.22 16:04:59.928,1.86547,1.86585,1.37,1.00
2016.04.22 16:04:59.979,1.86545,1.86585,1.50,1.00
2016.04.22 16:05:00.233,1.86545,1.86583,1.00,1.00
2016.04.22 16:05:00.802,1.86545,1.86584,1.00,1.00
2016.04.22 16:05:01.104,1.86545,1.86585,1.00,2.25
2016.04.22 16:05:01.155,1.8654,1.86577,1.87,1.00
2016.04.22 16:05:01.206,1.8654,1.86575,1.00,1.00
2016.04.22 16:05:01.257,1.86538,1.86574,1.00,1.00
2016.04.22 16:05:01.664,1.86536,1.86573,1.00,1.00
2016.04.22 16:05:01.920,1.86536,1.86569,1.00,1.00
2016.04.22 16:05:02.906,1.86536,1.86574,1.00,2.25
2016.04.22 16:05:03.410,1.86536,1.86573,1.00,1.87
2016.04.22 16:05:04.559,1.86536,1.86569,1.00,1.00
2016.04.22 16:05:04.789,1.86536,1.86573,1.00,1.12
2016.04.22 16:05:05.172,1.86538,1.86575,1.00,1.37
2016.04.22 16:05:05.325,1.86538,1.86577,1.00,1.00
2016.04.22 16:05:05.940,1.86538,1.86578,1.00,1.00
2016.04.22 16:05:06.483,1.86538,1.86578,1.00,1.87
2016.04.22 16:05:06.788,1.86543,1.86576,1.12,1.00
2016.04.22 16:05:06.839,1.86543,1.86581,1.50,1.00
2016.04.22 16:05:06.941,1.86545,1.8658,1.00,1.00
2016.04.22 16:05:07.093,1.8654,1.86579,1.00,1.00
2016.04.22 16:05:07.194,1.86538,1.86576,1.00,1.00
2016.04.22 16:05:07.849,1.86538,1.86573,1.00,1.00
2016.04.22 16:05:08.152,1.86536,1.86571,1.00,1.00
2016.04.22 16:05:09.145,1.86533,1.86571,1.50,1.50
2016.04.22 16:05:09.196,1.86533,1.86568,1.00,1.00
2016.04.22 16:05:09.530,1.86529,1.86568,1.09,1.50
2016.04.22 16:05:09.733,1.86528,1.86564,2.25,1.00
2016.04.22 16:05:09.834,1.86527,1.86563,1.00,1.00
2016.04.22 16:05:09.885,1.86524,1.86561,1.12,1.10
2016.04.22 16:05:09.987,1.86524,1.86552,1.12,1.00
2016.04.22 16:05:10.038,1.86514,1.86552,1.00,1.12
2016.04.22 16:05:10.089,1.86511,1.86548,1.46,1.00
2016.04.22 16:05:10.191,1.86513,1.86551,1.00,1.00
2016.04.22 16:05:10.615,1.8651,1.86547,1.84,1.00
2016.04.22 16:05:12.185,1.8651,1.86547,1.00,1.00
2016.04.22 16:05:13.463,1.86514,1.86547,1.00,1.00
2016.04.22 16:05:13.514,1.86515,1.86552,1.00,1.12
2016.04.22 16:05:13.565,1.86526,1.86557,1.00,1.75
2016.04.22 16:05:13.667,1.86526,1.86561,1.12,1.00
2016.04.22 16:05:13.768,1.86529,1.86566,1.00,1.00
2016.04.22 16:05:13.920,1.86526,1.86564,1.12,1.00
2016.04.22 16:05:14.444,1.86534,1.86569,1.00,1.00
2016.04.22 16:05:14.747,1.86545,1.86579,1.00,1.00
2016.04.22 16:05:14.849,1.86549,1.86585,1.00,1.50
2016.04.22 16:05:14.900,1.86549,1.86583,1.00,1.00
2016.04.22 16:05:15.001,1.86549,1.86585,1.00,1.00
2016.04.22 16:05:15.052,1.86546,1.86584,1.00,1.00
2016.04.22 16:05:15.102,1.86546,1.86582,1.00,1.00
2016.04.22 16:05:15.223,1.86544,1.86581,1.00,1.00
2016.04.22 16:05:15.274,1.86544,1.86579,1.00,1.00
2016.04.22 16:05:15.774,1.86544,1.86582,1.00,1.00
2016.04.22 16:05:16.387,1.86543,1.86579,1.00,1.00
2016.04.22 16:05:16.996,1.86547,1.86585,1.00,1.50
2016.04.22 16:05:17.097,1.8655,1.86586,1.00,1.00
2016.04.22 16:05:17.422,1.86553,1.86587,1.00,1.00
2016.04.22 16:05:17.776,1.86549,1.86588,2.25,1.00
2016.04.22 16:05:18.616,1.86549,1.86583,1.50,1.00
2016.04.22 16:05:18.768,1.86541,1.86579,1.00,1.00
2016.04.22 16:05:18.920,1.86547,1.86585,1.00,1.37
2016.04.22 16:05:18.971,1.86547,1.86585,1.00,1.00
2016.04.22 16:05:19.123,1.86552,1.86585,1.00,1.00
2016.04.22 16:05:19.225,1.86548,1.86585,1.00,1.00
2016.04.22 16:05:19.513,1.86546,1.86585,1.50,3.00
2016.04.22 16:05:21.440,1.86542,1.86582,1.00,1.12
2016.04.22 16:05:23.669,1.86544,1.86582,1.00,1.12
2016.04.22 16:05:23.871,1.86542,1.86582,1.50,1.12
2016.04.22 16:05:24.698,1.86542,1.86582,1.50,1.50
2016.04.22 16:05:24.749,1.86541,1.86578,1.00,1.00
2016.04.22 16:05:24.901,1.86538,1.86578,1.12,1.50
2016.04.22 16:05:25.305,1.86538,1.86575,1.12,1.00
2016.04.22 16:05:25.647,1.86529,1.86568,1.00,1.12
2016.04.22 16:05:26.154,1.86528,1.86568,1.50,1.12
2016.04.22 16:05:26.852,1.86529,1.86568,1.00,1.12
2016.04.22 16:05:27.367,1.86528,1.86568,2.25,1.12
2016.04.22 16:05:29.538,1.86529,1.86568,1.00,1.87
2016.04.22 16:05:31.064,1.86528,1.86567,1.00,1.00
2016.04.22 16:05:32.257,1.86528,1.86566,1.00,1.00
2016.04.22 16:05:32.308,1.86525,1.86562,1.12,1.00
2016.04.22 16:05:32.611,1.86532,1.86571,1.00,1.00
2016.04.22 16:05:32.762,1.86537,1.86571,1.00,1.00
2016.04.22 16:05:32.863,1.86537,1.86573,1.50,1.00
2016.04.22 16:05:33.372,1.86537,1.86572,1.00,1.00
2016.04.22 16:05:33.625,1.86533,1.8657,1.75,1.00
2016.04.22 16:05:33.828,1.86528,1.86567,1.50,1.00
2016.04.22 16:05:34.030,1.86532,1.86567,1.00,1.00
2016.04.22 16:05:34.310,1.86538,1.86574,1.00,1.00
2016.04.22 16:05:34.816,1.86539,1.86573,1.00,1.00
2016.04.22 16:05:34.867,1.86534,1.86573,3.00,1.00
2016.04.22 16:05:37.050,1.86542,1.86581,1.00,1.75
2016.04.22 16:05:37.555,1.86541,1.86579,1.00,1.12
2016.04.22 16:05:38.453,1.86539,1.86576,1.00,1.00
2016.04.22 16:05:38.756,1.86535,1.86573,3.00,1.00
2016.04.22 16:05:41.882,1.86536,1.86567,1.12,1.00
2016.04.22 16:05:42.034,1.86527,1.86564,1.12,1.00
2016.04.22 16:05:43.270,1.86528,1.86564,1.00,1.00
2016.04.22 16:05:43.472,1.86521,1.86559,1.50,1.00
2016.04.22 16:05:44.265,1.86519,1.86555,1.50,1.00
2016.04.22 16:05:44.905,1.8652,1.86555,1.00,1.50
2016.04.22 16:05:45.006,1.86514,1.86552,1.12,1.00
2016.04.22 16:05:45.993,1.86514,1.86551,1.87,1.00
2016.04.22 16:05:46.347,1.86519,1.86551,1.00,1.00
2016.04.22 16:05:46.549,1.86519,1.86554,1.50,1.00
2016.04.22 16:05:46.650,1.8652,1.86551,1.00,1.00
2016.04.22 16:05:46.701,1.86515,1.86551,1.00,1.37
2016.04.22 16:05:47.737,1.86515,1.86551,1.00,1.12
2016.04.22 16:05:47.939,1.86512,1.86549,1.00,1.00
2016.04.22 16:05:47.990,1.86514,1.86552,1.00,1.50
2016.04.22 16:05:49.418,1.86511,1.86548,2.25,1.00
2016.04.22 16:05:49.520,1.86511,1.86548,1.00,1.00
2016.04.22 16:05:49.622,1.86511,1.86547,1.00,1.37
2016.04.22 16:05:49.673,1.86505,1.86544,2.25,1.00
2016.04.22 16:05:49.825,1.86505,1.86542,1.00,1.00
2016.04.22 16:05:49.877,1.86502,1.86539,1.00,1.00
2016.04.22 16:05:50.180,1.86501,1.86537,1.00,1.00
2016.04.22 16:05:51.448,1.865,1.86537,1.00,1.50
2016.04.22 16:05:51.843,1.86497,1.86537,1.00,1.50
2016.04.22 16:05:52.148,1.86499,1.86536,1.00,1.00
2016.04.22 16:05:52.653,1.865,1.86536,1.00,1.00
2016.04.22 16:05:52.805,1.86497,1.86536,1.00,1.00
2016.04.22 16:05:53.749,1.86497,1.86537,1.00,1.50
2016.04.22 16:05:54.261,1.86497,1.86536,1.00,1.00
2016.04.22 16:05:54.515,1.86497,1.86536,1.34,1.00
2016.04.22 16:05:54.617,1.86505,1.86543,1.00,1.00
2016.04.22 16:05:54.667,1.86514,1.86543,1.00,1.00
2016.04.22 16:05:54.718,1.86514,1.86548,1.00,1.00
2016.04.22 16:05:54.870,1.86513,1.8655,1.37,1.00
2016.04.22 16:05:55.073,1.86515,1.86546,1.00,1.00
2016.04.22 16:05:55.258,1.86509,1.86544,1.00,1.00
2016.04.22 16:05:55.410,1.86509,1.86547,1.00,1.00
2016.04.22 16:06:02.675,1.86513,1.86547,1.00,1.00
2016.04.22 16:06:02.902,1.86514,1.8655,1.12,1.12
2016.04.22 16:06:05.400,1.86513,1.8655,1.50,1.00
2016.04.22 16:06:05.710,1.86507,1.86545,1.75,1.00
2016.04.22 16:06:05.812,1.86507,1.86545,1.00,1.00
2016.04.22 16:06:06.165,1.86505,1.86541,1.00,1.00
2016.04.22 16:06:06.216,1.86503,1.86541,1.00,1.50
2016.04.22 16:06:06.368,1.86505,1.86541,1.00,1.50
2016.04.22 16:06:06.894,1.86504,1.86541,1.12,1.00
2016.04.22 16:06:07.202,1.865,1.86537,1.75,1.00
2016.04.22 16:06:08.486,1.865,1.86537,1.37,1.00
2016.04.22 16:06:08.537,1.865,1.86537,1.00,1.00
2016.04.22 16:06:08.789,1.86505,1.86537,1.00,1.00
2016.04.22 16:06:10.311,1.86505,1.86541,1.00,1.00
2016.04.22 16:06:12.721,1.86507,1.86539,1.00,1.00
2016.04.22 16:06:13.802,1.86507,1.86541,1.00,1.00
2016.04.22 16:06:15.131,1.86503,1.86538,1.87,1.00
2016.04.22 16:06:16.510,1.86502,1.86538,1.00,1.00
2016.04.22 16:06:16.662,1.86503,1.86542,1.00,1.12
2016.04.22 16:06:17.337,1.86504,1.86542,1.00,1.12
2016.04.22 16:06:17.439,1.86507,1.86545,1.00,1.37
2016.04.22 16:06:17.540,1.86507,1.86545,1.00,1.00
2016.04.22 16:06:17.771,1.86505,1.86541,1.50,1.00
2016.04.22 16:06:19.623,1.86506,1.86546,1.12,1.00
2016.04.22 16:06:19.940,1.86508,1.86546,1.00,1.00
2016.04.22 16:06:20.470,1.86507,1.86546,1.00,1.00
2016.04.22 16:06:21.146,1.86508,1.86546,1.00,1.00
2016.04.22 16:06:21.349,1.86506,1.86546,1.12,2.25
2016.04.22 16:06:21.399,1.86502,1.86542,2.25,1.00
2016.04.22 16:06:22.415,1.86502,1.86541,1.75,1.00
2016.04.22 16:06:22.617,1.865,1.86537,1.12,1.00
2016.04.22 16:06:22.888,1.865,1.86534,1.00,1.00
2016.04.22 16:06:23.141,1.865,1.86537,1.00,1.12
2016.04.22 16:06:24.568,1.865,1.86537,1.00,1.50
2016.04.22 16:06:24.619,1.86497,1.86535,1.00,1.75
2016.04.22 16:06:24.670,1.86495,1.86534,1.50,1.75
2016.04.22 16:06:24.721,1.86493,1.8653,1.00,1.00
2016.04.22 16:06:24.823,1.86491,1.8653,1.00,1.00
2016.04.22 16:06:24.873,1.86491,1.8653,1.37,1.00
2016.04.22 16:06:25.411,1.8649,1.8653,2.25,1.00
2016.04.22 16:06:26.614,1.8649,1.8653,1.50,1.00
2016.04.22 16:06:27.115,1.86493,1.86533,1.00,1.12
2016.04.22 16:06:29.463,1.86495,1.86533,1.37,1.12
2016.04.22 16:06:29.766,1.86503,1.86537,1.00,1.00
2016.04.22 16:06:31.278,1.86502,1.86537,1.00,1.00
2016.04.22 16:06:31.782,1.86498,1.86537,1.50,1.00
2016.04.22 16:06:32.420,1.86497,1.86534,1.50,1.00
2016.04.22 16:06:32.723,1.86499,1.86537,1.00,1.75
2016.04.22 16:06:33.118,1.86495,1.86532,1.00,1.00
2016.04.22 16:06:35.187,1.86491,1.86529,1.12,1.50
2016.04.22 16:06:35.238,1.86486,1.86525,2.25,1.00
2016.04.22 16:06:35.340,1.86488,1.86525,1.00,1.50
2016.04.22 16:06:35.492,1.86491,1.86525,1.00,1.50
2016.04.22 16:06:35.660,1.86492,1.86529,1.00,1.00
2016.04.22 16:06:35.711,1.86495,1.86533,1.00,1.00
2016.04.22 16:06:35.863,1.86495,1.86533,1.00,1.87
2016.04.22 16:06:35.914,1.86491,1.8653,1.00,1.37
2016.04.22 16:06:36.016,1.86487,1.86526,1.37,1.00
2016.04.22 16:06:36.218,1.86483,1.86523,1.00,1.50
2016.04.22 16:06:36.270,1.86483,1.86523,1.00,1.37
2016.04.22 16:06:36.472,1.86483,1.86523,1.00,1.50
2016.04.22 16:06:39.726,1.8648,1.86519,1.37,1.00
2016.04.22 16:06:39.978,1.86483,1.86523,1.00,1.00
2016.04.22 16:06:40.080,1.8648,1.86518,1.37,1.00
2016.04.22 16:06:40.131,1.86484,1.86522,1.00,1.00
2016.04.22 16:06:40.383,1.86488,1.86525,1.00,1.12
2016.04.22 16:06:40.919,1.86488,1.86524,1.12,1.00
2016.04.22 16:06:41.122,1.86482,1.86519,1.50,1.00
2016.04.22 16:06:42.735,1.86482,1.86516,1.00,1.00
2016.04.22 16:06:42.786,1.86478,1.86516,1.00,1.00
2016.04.22 16:06:43.956,1.86475,1.86512,1.50,1.00
2016.04.22 16:06:44.841,1.86474,1.86509,1.37,1.00
2016.04.22 16:06:44.892,1.86469,1.86507,1.00,1.00
2016.04.22 16:06:46.827,1.8647,1.86507,1.00,1.00
2016.04.22 16:06:46.928,1.86474,1.86507,1.00,1.00
2016.04.22 16:06:47.441,1.86472,1.86511,1.75,1.00
2016.04.22 16:06:47.745,1.8648,1.86515,1.00,1.50
2016.04.22 16:06:48.832,1.86477,1.86515,1.12,1.00
2016.04.22 16:06:48.934,1.86481,1.86515,1.00,1.00
2016.04.22 16:06:49.187,1.8649,1.86527,2.25,1.12
2016.04.22 16:06:49.238,1.86495,1.86529,1.00,1.37
2016.04.22 16:06:49.289,1.86495,1.86529,1.00,1.00
2016.04.22 16:06:49.391,1.86496,1.86531,1.12,1.00
2016.04.22 16:06:49.441,1.86493,1.86531,1.37,1.00
2016.04.22 16:06:49.543,1.86496,1.86531,1.00,1.00
2016.04.22 16:06:49.594,1.86499,1.86531,1.00,1.00
2016.04.22 16:06:49.695,1.86493,1.8653,1.00,1.00
2016.04.22 16:06:49.975,1.86492,1.86528,1.00,1.00
2016.04.22 16:06:51.199,1.86491,1.86528,1.00,1.00
2016.04.22 16:06:51.401,1.86483,1.86521,1.00,1.12
2016.04.22 16:06:52.130,1.86482,1.86521,1.00,1.50
2016.04.22 16:06:53.349,1.86483,1.86521,1.00,1.00
2016.04.22 16:06:53.400,1.86483,1.86516,1.00,1.00
2016.04.22 16:06:53.451,1.86478,1.86516,1.75,1.00
2016.04.22 16:06:55.882,1.86478,1.86515,1.75,1.00
2016.04.22 16:06:56.481,1.86478,1.86516,1.00,1.00
2016.04.22 16:06:56.885,1.8648,1.86516,1.00,1.00
2016.04.22 16:06:57.290,1.86482,1.8652,1.00,2.25
2016.04.22 16:06:57.643,1.86479,1.86516,1.00,1.00
2016.04.22 16:06:57.795,1.8648,1.86505,1.00,1.00
2016.04.22 16:06:58.004,1.86462,1.86492,1.00,1.00
2016.04.22 16:06:58.106,1.86458,1.86486,1.00,1.00
2016.04.22 16:06:58.207,1.86453,1.86488,1.00,1.50
2016.04.22 16:06:58.309,1.86448,1.86484,1.50,1.00
2016.04.22 16:06:58.410,1.86452,1.86487,1.00,1.00
2016.04.22 16:06:58.461,1.86448,1.86484,1.00,1.00
2016.04.22 16:06:58.613,1.86443,1.8648,1.46,1.00
2016.04.22 16:06:59.215,1.86445,1.86483,1.00,1.00
2016.04.22 16:06:59.266,1.86449,1.86483,1.00,1.00
2016.04.22 16:06:59.367,1.86449,1.86488,1.00,1.37
2016.04.22 16:06:59.418,1.86449,1.86488,1.09,1.00
2016.04.22 16:06:59.469,1.86456,1.86492,1.50,1.00
2016.04.22 16:06:59.621,1.86458,1.86495,1.00,1.00
2016.04.22 16:06:59.773,1.8646,1.86495,1.00,1.00
2016.04.22 16:07:00.722,1.8646,1.86495,1.50,1.00
2016.04.22 16:07:00.874,1.86461,1.865,1.12,1.12
2016.04.22 16:07:01.146,1.86473,1.86504,1.00,1.00
2016.04.22 16:07:01.197,1.86468,1.86504,1.00,1.00
2016.04.22 16:07:01.812,1.86469,1.86504,1.00,1.00
2016.04.22 16:07:02.721,1.86468,1.86504,1.00,1.00
2016.04.22 16:07:03.687,1.86469,1.86504,1.00,1.00
2016.04.22 16:07:04.197,1.86468,1.86504,1.00,1.00
2016.04.22 16:07:04.400,1.86467,1.86497,1.00,1.00
2016.04.22 16:07:04.501,1.86458,1.86493,1.00,1.00
2016.04.22 16:07:05.123,1.86458,1.86494,1.00,1.00
2016.04.22 16:07:05.174,1.86456,1.86488,1.12,1.00
2016.04.22 16:07:05.326,1.86445,1.8648,1.00,1.50
2016.04.22 16:07:05.427,1.86442,1.86479,1.00,1.50
2016.04.22 16:07:05.881,1.86446,1.86483,1.00,1.00
2016.04.22 16:07:06.184,1.8645,1.86484,1.00,1.00
2016.04.22 16:07:06.897,1.86449,1.86484,1.00,1.00
2016.04.22 16:07:07.200,1.86462,1.86484,1.00,1.00
2016.04.22 16:07:07.251,1.86462,1.86492,1.00,1.75
2016.04.22 16:07:07.302,1.86462,1.86492,1.00,1.00
2016.04.22 16:07:07.403,1.86462,1.86498,1.00,1.00
2016.04.22 16:07:07.930,1.86461,1.86498,1.50,1.00
2016.04.22 16:07:09.753,1.86462,1.86498,1.00,1.00
2016.04.22 16:07:10.106,1.86461,1.86498,1.00,1.75
2016.04.22 16:07:10.157,1.86459,1.86498,1.00,2.25
2016.04.22 16:07:10.208,1.86463,1.86498,1.00,2.25
2016.04.22 16:07:10.434,1.86464,1.86498,1.00,1.00
2016.04.22 16:07:10.535,1.86464,1.86502,1.50,1.00
2016.04.22 16:07:11.919,1.86466,1.86502,1.00,1.00
2016.04.22 16:07:12.761,1.86464,1.86502,3.37,1.00
2016.04.22 16:07:13.156,1.86466,1.86502,1.00,1.00
2016.04.22 16:07:13.358,1.86464,1.86502,1.50,1.00
2016.04.22 16:07:14.217,1.86465,1.86502,1.00,1.00
2016.04.22 16:07:15.019,1.86464,1.86502,1.50,1.50
2016.04.22 16:07:16.194,1.86464,1.86501,1.00,1.00
2016.04.22 16:07:17.275,1.86464,1.86502,1.50,1.00
2016.04.22 16:07:17.841,1.86465,1.86502,1.00,1.00
2016.04.22 16:07:18.428,1.86464,1.86502,1.50,1.00
2016.04.22 16:07:21.537,1.86465,1.86502,1.00,1.00
2016.04.22 16:07:22.084,1.86464,1.86502,2.25,1.00
2016.04.22 16:07:22.187,1.86464,1.86502,1.87,1.00
2016.04.22 16:07:23.257,1.86465,1.86502,1.87,1.00
2016.04.22 16:07:24.522,1.86466,1.86502,1.00,1.00
2016.04.22 16:07:25.024,1.86465,1.86502,1.87,1.00
2016.04.22 16:07:25.717,1.86464,1.86502,1.00,1.00
2016.04.22 16:07:25.869,1.86466,1.86502,1.00,1.00
2016.04.22 16:07:26.200,1.86466,1.86506,1.50,1.50
2016.04.22 16:07:42.378,1.86467,1.86506,1.00,1.00
2016.04.22 16:07:44.310,1.86474,1.86506,1.00,1.00
2016.04.22 16:07:44.411,1.86474,1.86511,1.00,1.37
2016.04.22 16:07:44.916,1.86474,1.86511,1.00,1.00
2016.04.22 16:07:50.627,1.86473,1.86511,1.00,1.00
2016.04.22 16:07:50.981,1.86471,1.86511,1.00,1.50
2016.04.22 16:07:51.526,1.86471,1.8651,1.00,1.00
2016.04.22 16:07:52.278,1.86469,1.86506,1.50,1.00
2016.04.22 16:07:54.422,1.86469,1.86503,1.12,1.00
2016.04.22 16:07:55.941,1.86464,1.86503,1.50,1.00
2016.04.22 16:07:57.898,1.86466,1.86504,1.00,1.00
2016.04.22 16:07:58.352,1.86469,1.86506,1.00,1.00
2016.04.22 16:08:00.303,1.86477,1.86506,1.00,1.50
2016.04.22 16:08:00.405,1.86483,1.86518,1.00,1.00
2016.04.22 16:08:00.506,1.86485,1.86518,1.50,1.00
2016.04.22 16:08:00.809,1.8649,1.86519,1.00,1.00
2016.04.22 16:08:01.305,1.86482,1.8652,3.37,1.00
2016.04.22 16:08:01.812,1.86482,1.86521,2.25,1.00
2016.04.22 16:08:03.911,1.86487,1.86524,1.34,1.00
2016.04.22 16:08:04.012,1.86498,1.86534,1.00,1.50
2016.04.22 16:08:04.063,1.86501,1.86534,1.00,1.00
2016.04.22 16:08:04.265,1.86501,1.86538,1.00,1.00
2016.04.22 16:08:07.631,1.86503,1.86538,1.00,1.50
2016.04.22 16:08:07.934,1.86512,1.86547,1.00,1.00
2016.04.22 16:08:07.992,1.86512,1.86549,1.00,1.50
2016.04.22 16:08:08.043,1.86512,1.86546,1.00,1.00
2016.04.22 16:08:08.144,1.86505,1.86543,1.50,1.50
2016.04.22 16:08:08.428,1.86502,1.86539,1.00,1.00
2016.04.22 16:08:09.085,1.86505,1.86543,1.00,1.50
2016.04.22 16:08:09.409,1.8651,1.86543,1.00,1.37
2016.04.22 16:08:09.461,1.86508,1.86543,1.00,1.00
2016.04.22 16:08:09.562,1.86508,1.86548,1.50,1.00
2016.04.22 16:08:09.865,1.86505,1.86543,1.37,1.00
2016.04.22 16:08:09.966,1.86505,1.86543,1.00,1.00
2016.04.22 16:08:10.882,1.865,1.8654,2.25,1.00
2016.04.22 16:08:13.920,1.865,1.86538,2.62,1.00
2016.04.22 16:08:14.392,1.86506,1.86538,1.00,1.00
2016.04.22 16:08:14.711,1.86517,1.86547,1.37,1.10
2016.04.22 16:08:14.813,1.8652,1.86558,1.00,1.00
2016.04.22 16:08:15.318,1.8652,1.86559,1.00,1.00
2016.04.22 16:08:16.816,1.86517,1.86559,2.62,1.50
2016.04.22 16:08:17.442,1.86517,1.8656,1.37,1.00
2016.04.22 16:08:17.599,1.86517,1.86561,1.37,1.37
2016.04.22 16:08:18.205,1.86517,1.86558,1.87,1.00
2016.04.22 16:08:19.707,1.86517,1.86559,1.37,1.50
2016.04.22 16:08:20.329,1.86516,1.86559,1.50,1.37
2016.04.22 16:08:23.213,1.86516,1.86556,1.50,1.00
2016.04.22 16:08:23.765,1.86516,1.86555,1.50,1.00
2016.04.22 16:08:25.300,1.86516,1.86554,1.50,1.00
2016.04.22 16:08:26.028,1.86518,1.86554,1.09,1.00
2016.04.22 16:08:26.210,1.86528,1.86568,1.75,1.00
2016.04.22 16:08:26.311,1.86531,1.8657,1.12,1.00
2016.04.22 16:08:26.564,1.86533,1.86574,1.57,1.50
2016.04.22 16:08:26.615,1.86538,1.86575,1.00,1.00
2016.04.22 16:08:26.716,1.86535,1.86577,1.12,1.50
2016.04.22 16:08:27.327,1.86535,1.86578,1.00,1.12
2016.04.22 16:08:27.680,1.86535,1.86576,1.00,1.00
2016.04.22 16:08:27.983,1.86535,1.86574,1.00,1.00
2016.04.22 16:08:28.286,1.86538,1.86579,1.00,1.87
2016.04.22 16:08:28.405,1.86538,1.86579,1.00,1.87
2016.04.22 16:08:28.456,1.86538,1.86579,1.00,1.12
2016.04.22 16:08:29.132,1.86537,1.86579,1.00,1.12
2016.04.22 16:08:29.284,1.86534,1.86579,1.12,1.12
2016.04.22 16:08:30.742,1.86533,1.86579,1.87,1.12
2016.04.22 16:08:31.103,1.86542,1.86579,1.00,1.12
2016.04.22 16:08:31.356,1.86551,1.86592,1.00,1.00
2016.04.22 16:08:31.710,1.86554,1.86592,1.00,1.00
2016.04.22 16:08:32.035,1.86557,1.86595,1.50,1.00
2016.04.22 16:08:32.353,1.8656,1.86594,1.00,1.00
2016.04.22 16:08:32.706,1.86557,1.86594,1.00,1.00
2016.04.22 16:08:32.757,1.86556,1.86598,1.00,1.00
2016.04.22 16:08:32.908,1.86559,1.86598,1.00,1.00
2016.04.22 16:08:33.231,1.86555,1.86597,1.00,1.00
2016.04.22 16:08:33.333,1.86556,1.86599,1.00,1.00
2016.04.22 16:08:33.587,1.86555,1.86596,1.00,1.00
2016.04.22 16:08:33.790,1.86556,1.866,1.00,1.12
2016.04.22 16:08:33.841,1.86563,1.86603,1.00,1.75
2016.04.22 16:08:35.129,1.86562,1.86604,1.00,1.12
2016.04.22 16:08:35.762,1.86563,1.86605,1.00,2.62
2016.04.22 16:08:35.964,1.86562,1.86603,1.00,1.00
2016.04.22 16:08:40.637,1.86562,1.866,1.00,1.00
2016.04.22 16:08:40.687,1.86557,1.866,1.75,1.50
2016.04.22 16:08:40.738,1.86557,1.866,1.37,1.37
2016.04.22 16:08:40.840,1.86556,1.86597,1.50,1.00
2016.04.22 16:08:42.394,1.86556,1.86597,2.62,1.00
2016.04.22 16:08:42.765,1.86555,1.86593,2.59,1.00
2016.04.22 16:08:42.867,1.86553,1.86593,2.25,1.00
2016.04.22 16:08:43.020,1.86553,1.86589,1.00,1.00
2016.04.22 16:08:43.222,1.86551,1.86594,1.50,1.50
2016.04.22 16:08:43.753,1.86552,1.86594,1.00,1.50
2016.04.22 16:08:43.908,1.86554,1.86594,1.00,1.50
2016.04.22 16:08:44.413,1.86553,1.86594,1.00,1.50
2016.04.22 16:08:45.222,1.86552,1.86594,1.00,1.00
2016.04.22 16:08:45.757,1.86551,1.86594,1.00,1.00
2016.04.22 16:08:46.259,1.86551,1.86593,1.00,1.00
2016.04.22 16:08:46.679,1.86556,1.86594,1.00,1.50
2016.04.22 16:08:46.830,1.86553,1.86594,1.00,1.00
2016.04.22 16:08:48.125,1.86555,1.86597,1.00,1.00
2016.04.22 16:08:48.176,1.86559,1.86597,1.00,1.00
2016.04.22 16:08:48.515,1.86556,1.86594,1.00,1.00
2016.04.22 16:08:49.318,1.86556,1.86597,1.50,1.00
2016.04.22 16:08:51.172,1.86556,1.86598,2.62,1.37
2016.04.22 16:08:51.223,1.8656,1.86599,1.37,1.37
2016.04.22 16:08:51.364,1.86565,1.86605,1.12,1.75
2016.04.22 16:08:51.466,1.86568,1.86606,1.00,3.00
2016.04.22 16:08:51.770,1.86569,1.86606,1.00,1.00
2016.04.22 16:08:52.274,1.86569,1.86605,1.00,1.00
2016.04.22 16:08:52.426,1.86567,1.86605,1.00,1.00
2016.04.22 16:08:52.630,1.86567,1.86608,1.00,1.00
2016.04.22 16:08:52.682,1.86569,1.86608,1.00,1.00
2016.04.22 16:08:52.783,1.86569,1.8661,1.00,1.50
2016.04.22 16:08:52.834,1.86569,1.86607,1.00,1.00
2016.04.22 16:08:52.885,1.86566,1.86607,1.12,1.00
2016.04.22 16:08:53.036,1.86566,1.86601,1.00,1.50
2016.04.22 16:08:53.087,1.86563,1.86601,1.00,1.50
2016.04.22 16:08:53.239,1.86563,1.86597,1.00,1.00
2016.04.22 16:08:53.450,1.8656,1.86597,1.12,1.00
2016.04.22 16:08:53.971,1.86564,1.86597,1.00,1.00
2016.04.22 16:08:54.072,1.86565,1.86599,1.00,1.00
2016.04.22 16:08:54.426,1.86562,1.86599,1.00,1.00
2016.04.22 16:08:55.383,1.86562,1.86602,1.00,1.50
2016.04.22 16:08:55.434,1.86567,1.86603,1.00,1.00
2016.04.22 16:08:55.738,1.86562,1.86599,1.75,1.50
2016.04.22 16:08:55.789,1.86562,1.86599,1.00,2.25
2016.04.22 16:08:56.269,1.86557,1.86598,1.87,2.25
2016.04.22 16:08:58.311,1.86563,1.86598,1.00,1.50
2016.04.22 16:08:58.412,1.86566,1.86601,1.00,1.00
2016.04.22 16:08:58.601,1.86571,1.86601,1.00,1.00
2016.04.22 16:08:58.803,1.86566,1.86601,1.00,1.00
2016.04.22 16:08:59.727,1.8657,1.86601,1.00,1.00
2016.04.22 16:09:01.351,1.8657,1.86606,1.37,1.50
2016.04.22 16:09:01.452,1.86574,1.86606,1.00,1.00
2016.04.22 16:09:01.705,1.86569,1.86606,1.00,1.00
2016.04.22 16:09:02.008,1.86574,1.86606,1.00,1.00
2016.04.22 16:09:02.160,1.86574,1.86608,1.00,1.00
2016.04.22 16:09:02.362,1.86571,1.86608,1.00,1.00
2016.04.22 16:09:02.559,1.86574,1.86608,1.00,1.00
2016.04.22 16:09:02.912,1.86568,1.86607,1.50,1.00
2016.04.22 16:09:02.963,1.86568,1.86602,1.00,1.00
2016.04.22 16:09:03.115,1.8656,1.86601,1.37,1.00
2016.04.22 16:09:03.702,1.8656,1.866,1.37,1.00
2016.04.22 16:09:03.758,1.8656,1.866,1.37,1.00
2016.04.22 16:09:04.108,1.86568,1.866,1.00,1.00
2016.04.22 16:09:05.096,1.86566,1.866,1.00,1.00
2016.04.22 16:09:05.712,1.86566,1.86601,1.00,1.00
2016.04.22 16:09:05.763,1.86576,1.86601,1.00,1.00
2016.04.22 16:09:05.814,1.86576,1.86604,1.00,1.00
2016.04.22 16:09:05.865,1.8658,1.86612,1.00,1.00
2016.04.22 16:09:05.966,1.8658,1.86608,1.00,1.00
2016.04.22 16:09:06.067,1.86571,1.86608,1.00,1.50
2016.04.22 16:09:06.118,1.86571,1.86605,1.00,1.00
2016.04.22 16:09:06.169,1.86564,1.86605,1.37,1.00
2016.04.22 16:09:06.270,1.86564,1.86605,1.50,1.00
2016.04.22 16:09:06.467,1.86568,1.86606,1.00,1.00
2016.04.22 16:09:07.014,1.86568,1.86605,1.00,1.00
2016.04.22 16:09:08.785,1.86568,1.86605,1.37,1.00
2016.04.22 16:09:09.112,1.86572,1.86605,1.00,1.00
2016.04.22 16:09:09.972,1.86572,1.86607,1.00,1.00
2016.04.22 16:09:10.022,1.8658,1.86607,1.00,1.00
2016.04.22 16:09:10.174,1.86577,1.86607,1.00,1.00
2016.04.22 16:09:10.376,1.86572,1.86607,1.00,1.00
2016.04.22 16:09:10.891,1.86572,1.86606,1.00,1.00
2016.04.22 16:09:11.043,1.86574,1.86606,1.00,1.00
2016.04.22 16:09:14.549,1.86573,1.86606,1.00,1.00
2016.04.22 16:09:14.650,1.86568,1.86606,1.50,1.00
2016.04.22 16:09:14.965,1.86571,1.86606,1.00,1.00
2016.04.22 16:09:15.299,1.86571,1.86602,1.00,1.00
2016.04.22 16:09:15.501,1.86571,1.86606,1.00,1.00
2016.04.22 16:09:17.417,1.8657,1.86606,1.37,1.00
2016.04.22 16:09:17.518,1.86573,1.86611,1.37,1.00
2016.04.22 16:09:17.619,1.86574,1.86611,1.00,1.00
2016.04.22 16:09:17.720,1.86578,1.86611,1.00,1.00
2016.04.22 16:09:18.844,1.86574,1.86611,1.87,1.00
2016.04.22 16:09:19.197,1.86574,1.86608,1.00,1.00
2016.04.22 16:09:19.374,1.86571,1.86608,1.00,1.00
2016.04.22 16:09:19.697,1.86573,1.86608,1.00,1.00
2016.04.22 16:09:20.165,1.86576,1.86608,1.00,1.00
2016.04.22 16:09:20.316,1.8658,1.86616,1.00,1.00
2016.04.22 16:09:20.367,1.86583,1.86616,1.00,1.00
2016.04.22 16:09:21.603,1.86585,1.86616,1.00,1.00
2016.04.22 16:09:22.453,1.86585,1.86621,1.00,1.50
2016.04.22 16:09:23.879,1.86586,1.86619,1.00,1.00
2016.04.22 16:09:24.186,1.86586,1.86615,1.00,1.00
2016.04.22 16:09:24.338,1.86584,1.86615,1.00,1.00
2016.04.22 16:09:24.790,1.86583,1.86619,1.00,1.00
2016.04.22 16:09:26.497,1.86583,1.86618,1.00,1.00
2016.04.22 16:09:27.109,1.86582,1.86618,1.00,1.00
2016.04.22 16:09:27.311,1.86575,1.8661,1.50,1.50
2016.04.22 16:09:27.635,1.86567,1.86597,1.87,1.00
2016.04.22 16:09:27.939,1.86583,1.86609,1.00,1.00
2016.04.22 16:09:27.999,1.86579,1.86609,1.00,1.00
2016.04.22 16:09:28.100,1.86579,1.86615,1.00,1.00
2016.04.22 16:09:28.202,1.86581,1.86615,1.00,1.00
2016.04.22 16:09:28.303,1.86581,1.86617,1.00,1.00
2016.04.22 16:09:28.511,1.86585,1.86618,1.00,1.00
2016.04.22 16:09:28.714,1.86585,1.86622,1.00,1.50
2016.04.22 16:09:29.222,1.86587,1.86627,1.37,1.37
2016.04.22 16:09:29.273,1.86587,1.86627,1.37,1.00
2016.04.22 16:09:29.324,1.86587,1.86627,1.37,1.00
2016.04.22 16:09:29.436,1.86592,1.86629,1.50,1.00
2016.04.22 16:09:29.537,1.86596,1.86629,1.00,1.00
2016.04.22 16:09:29.638,1.86598,1.86633,1.00,1.00
2016.04.22 16:09:30.275,1.86599,1.86633,1.00,1.00
2016.04.22 16:09:30.629,1.86599,1.86634,1.37,1.00
2016.04.22 16:09:30.679,1.86601,1.86639,1.87,2.25
2016.04.22 16:09:30.730,1.86603,1.86639,1.85,1.00
2016.04.22 16:09:30.781,1.86607,1.86645,1.37,1.50
2016.04.22 16:09:30.832,1.86611,1.86644,1.12,1.00
2016.04.22 16:09:31.080,1.86611,1.86647,1.00,1.12
2016.04.22 16:09:31.686,1.86608,1.86642,1.12,1.00
2016.04.22 16:09:31.989,1.86612,1.86646,1.37,1.00
2016.04.22 16:09:32.222,1.86612,1.86648,1.37,1.00
2016.04.22 16:09:32.273,1.86618,1.86648,1.00,1.00
2016.04.22 16:09:32.324,1.86618,1.86657,1.37,1.87
2016.04.22 16:09:32.376,1.86621,1.86657,1.00,1.00
2016.04.22 16:09:32.729,1.86622,1.86659,1.00,1.00
2016.04.22 16:09:33.133,1.86625,1.86663,1.00,1.00
2016.04.22 16:09:33.428,1.86625,1.86665,1.00,1.50
2016.04.22 16:09:33.479,1.86628,1.86665,1.00,1.00
2016.04.22 16:09:34.276,1.86628,1.86672,1.37,1.87
2016.04.22 16:09:34.327,1.86634,1.86672,1.00,1.87
2016.04.22 16:09:34.479,1.86637,1.86678,1.00,1.00
2016.04.22 16:09:34.848,1.86637,1.86678,1.37,1.00
2016.04.22 16:09:35.151,1.86642,1.86679,1.00,1.00
2016.04.22 16:09:35.555,1.86645,1.86684,1.00,1.57
2016.04.22 16:09:35.657,1.86645,1.86685,1.37,1.12
2016.04.22 16:09:35.986,1.86651,1.86685,1.00,1.00
2016.04.22 16:09:36.038,1.86651,1.86692,1.00,1.00
2016.04.22 16:09:36.240,1.86648,1.86689,1.00,1.00
2016.04.22 16:09:36.544,1.86653,1.86688,1.00,1.00
2016.04.22 16:09:36.645,1.86649,1.86689,1.12,1.50
2016.04.22 16:09:36.898,1.86653,1.86689,1.00,1.00
2016.04.22 16:09:36.948,1.86653,1.86692,1.00,1.00
2016.04.22 16:09:37.327,1.86641,1.86683,1.87,1.00
2016.04.22 16:09:37.380,1.86641,1.86672,1.00,1.00
2016.04.22 16:09:37.684,1.86614,1.86649,1.00,1.00
2016.04.22 16:09:37.786,1.86604,1.86644,1.37,1.00
2016.04.22 16:09:37.888,1.86615,1.8665,1.00,1.00
2016.04.22 16:09:37.989,1.86615,1.86658,1.00,3.00
2016.04.22 16:09:38.091,1.86621,1.86662,1.37,1.00
2016.04.22 16:09:38.245,1.86626,1.86664,1.37,1.00
2016.04.22 16:09:38.296,1.86626,1.86664,1.00,1.50
2016.04.22 16:09:38.398,1.8662,1.86663,1.00,1.00
2016.04.22 16:09:38.449,1.8662,1.86659,1.00,1.00
2016.04.22 16:09:38.671,1.8662,1.86663,1.00,1.00
2016.04.22 16:09:38.772,1.8662,1.86663,1.37,1.00
2016.04.22 16:09:39.075,1.86623,1.86662,1.37,1.00
2016.04.22 16:09:39.680,1.86628,1.86665,1.00,1.00
2016.04.22 16:09:39.831,1.86632,1.86665,1.00,1.00
2016.04.22 16:09:39.983,1.86628,1.86669,1.37,1.00
2016.04.22 16:09:40.084,1.86628,1.8667,1.37,1.00
2016.04.22 16:09:40.186,1.86629,1.86667,1.00,1.00
2016.04.22 16:09:40.609,1.86633,1.86667,1.00,1.00
2016.04.22 16:09:40.934,1.86636,1.86666,1.00,1.00
2016.04.22 16:09:41.186,1.86632,1.86664,1.00,1.00
2016.04.22 16:09:41.237,1.86632,1.86666,1.00,1.00
2016.04.22 16:09:41.288,1.86627,1.86667,1.37,1.00
2016.04.22 16:09:41.490,1.86634,1.86669,1.00,1.00
2016.04.22 16:09:41.591,1.86638,1.86675,1.00,1.00
2016.04.22 16:09:41.692,1.86638,1.86678,1.00,1.00
2016.04.22 16:09:41.743,1.86642,1.86678,1.00,1.00
2016.04.22 16:09:42.284,1.86638,1.86675,1.00,1.50
2016.04.22 16:09:42.385,1.86633,1.86675,1.12,1.50
2016.04.22 16:09:42.587,1.86636,1.86672,1.00,1.00
2016.04.22 16:09:42.688,1.86628,1.86672,1.50,1.00
2016.04.22 16:09:43.212,1.86628,1.86672,1.00,1.00
2016.04.22 16:09:44.172,1.86628,1.86671,1.00,1.00
2016.04.22 16:09:44.603,1.86624,1.86668,1.50,1.00
2016.04.22 16:09:45.110,1.86624,1.86667,1.00,1.50
2016.04.22 16:09:45.626,1.86624,1.86666,1.00,1.00
2016.04.22 16:09:45.677,1.86624,1.86668,1.00,1.50
2016.04.22 16:09:46.005,1.86624,1.86666,1.00,1.00
2016.04.22 16:09:47.331,1.86624,1.86667,1.00,1.50
2016.04.22 16:09:47.652,1.86622,1.86667,1.00,1.00
2016.04.22 16:09:47.703,1.86622,1.86663,1.00,1.00
2016.04.22 16:09:48.106,1.86618,1.86659,1.00,1.00
2016.04.22 16:09:48.616,1.86618,1.86656,1.00,1.00
2016.04.22 16:09:48.667,1.86615,1.86656,1.00,1.00
2016.04.22 16:09:49.741,1.86615,1.86659,1.00,1.00
2016.04.22 16:09:50.045,1.86615,1.86657,1.00,1.00
2016.04.22 16:09:50.387,1.86608,1.86656,2.25,2.25
2016.04.22 16:09:50.438,1.86609,1.86656,1.12,1.75
2016.04.22 16:09:50.539,1.86613,1.86656,1.00,1.75
2016.04.22 16:09:51.044,1.86612,1.86658,1.00,1.75
2016.04.22 16:09:51.961,1.86608,1.86658,1.37,1.75
2016.04.22 16:09:52.347,1.86612,1.86658,1.37,1.37
2016.04.22 16:09:52.398,1.86612,1.86658,1.75,1.00
2016.04.22 16:09:52.828,1.86612,1.86653,1.75,1.00
2016.04.22 16:09:53.348,1.86612,1.86654,1.75,1.00
2016.04.22 16:09:53.924,1.86619,1.86653,1.00,1.00
2016.04.22 16:09:54.026,1.86619,1.86656,1.00,1.00
2016.04.22 16:09:55.266,1.86619,1.86658,1.00,1.00
2016.04.22 16:09:57.357,1.86618,1.86661,1.00,1.87
2016.04.22 16:09:58.065,1.86618,1.86658,1.50,1.00
2016.04.22 16:09:58.414,1.86619,1.86655,1.00,1.00
2016.04.22 16:09:58.869,1.86619,1.86658,1.00,1.87
2016.04.22 16:09:59.596,1.86618,1.8666,1.00,1.87
2016.04.22 16:09:59.697,1.86622,1.86656,1.00,1.00
2016.04.22 16:09:59.748,1.86624,1.86661,1.50,1.37
2016.04.22 16:09:59.799,1.86627,1.86663,1.50,2.25
2016.04.22 16:09:59.850,1.86627,1.86663,1.50,1.87
2016.04.22 16:10:00.002,1.86627,1.86667,1.00,1.00
2016.04.22 16:10:00.212,1.8663,1.86668,1.00,1.50
2016.04.22 16:10:00.517,1.86627,1.86664,1.50,1.87
2016.04.22 16:10:00.823,1.86621,1.86661,1.50,1.87
2016.04.22 16:10:00.874,1.86622,1.86661,1.00,1.87
2016.04.22 16:10:01.380,1.86622,1.86658,1.00,1.00
2016.04.22 16:10:01.596,1.86622,1.86661,1.00,2.25
2016.04.22 16:10:02.138,1.86621,1.86661,1.50,1.00
2016.04.22 16:10:02.975,1.86621,1.86657,1.50,1.00
2016.04.22 16:10:03.507,1.86622,1.86658,1.00,1.12
2016.04.22 16:10:04.009,1.86621,1.86658,1.00,1.12
2016.04.22 16:10:04.363,1.86618,1.86656,1.50,1.00
2016.04.22 16:10:04.909,1.86618,1.8665,1.50,1.00
2016.04.22 16:10:05.111,1.86606,1.86646,1.00,1.50
2016.04.22 16:10:05.212,1.86606,1.86645,1.00,1.00
2016.04.22 16:10:05.821,1.86606,1.86646,1.00,1.12
2016.04.22 16:10:06.024,1.86613,1.8665,1.00,1.75
2016.04.22 16:10:06.074,1.86613,1.8665,1.00,1.37
2016.04.22 16:10:06.125,1.86614,1.8665,1.00,1.00
2016.04.22 16:10:06.866,1.86617,1.86656,1.00,2.25
2016.04.22 16:10:07.731,1.8662,1.86656,1.00,1.50
2016.04.22 16:10:07.984,1.86617,1.86656,1.12,1.87
2016.04.22 16:10:08.035,1.86617,1.86653,1.00,1.00
2016.04.22 16:10:08.237,1.86617,1.86656,1.00,1.87
2016.04.22 16:10:08.769,1.86618,1.86656,1.00,1.12
2016.04.22 16:10:09.353,1.8662,1.86658,1.00,1.37
2016.04.22 16:10:10.783,1.86618,1.86655,1.00,1.00
2016.04.22 16:10:11.477,1.86621,1.86658,1.00,1.00
2016.04.22 16:10:14.090,1.86623,1.86658,1.00,1.00
2016.04.22 16:10:14.785,1.86624,1.86658,1.00,1.00
2016.04.22 16:10:15.290,1.86623,1.86658,1.00,1.00
2016.04.22 16:10:15.593,1.86621,1.86658,1.00,1.00
2016.04.22 16:10:17.418,1.86621,1.86654,1.00,1.00
2016.04.22 16:10:17.468,1.86616,1.86653,2.25,1.00
2016.04.22 16:10:17.519,1.86616,1.86649,1.00,1.00
2016.04.22 16:10:17.570,1.8661,1.86649,1.50,1.50
2016.04.22 16:10:18.189,1.8661,1.86648,1.00,1.00
2016.04.22 16:10:19.329,1.8661,1.86649,1.00,1.50
2016.04.22 16:10:19.487,1.86612,1.86649,1.00,1.00
2016.04.22 16:10:19.639,1.8661,1.86649,1.00,1.00
2016.04.22 16:10:20.819,1.8661,1.86649,1.00,1.75
2016.04.22 16:10:22.310,1.86608,1.86645,1.50,1.00
2016.04.22 16:10:24.463,1.86608,1.86642,1.00,1.00
2016.04.22 16:10:24.514,1.866,1.86638,1.50,1.00
2016.04.22 16:10:24.565,1.86599,1.86635,1.00,1.00
2016.04.22 16:10:25.069,1.86599,1.86636,1.00,1.00
2016.04.22 16:10:25.271,1.866,1.86638,1.00,1.12
2016.04.22 16:10:25.777,1.866,1.86637,1.87,1.00
2016.04.22 16:10:26.382,1.86602,1.86637,1.00,1.00
2016.04.22 16:10:26.433,1.86604,1.86643,1.00,1.00
2016.04.22 16:10:27.500,1.86602,1.86639,1.50,1.00
2016.04.22 16:10:27.753,1.86597,1.86636,1.00,1.37
2016.04.22 16:10:28.056,1.866,1.8664,1.50,1.75
2016.04.22 16:10:28.359,1.866,1.86635,1.00,1.00
2016.04.22 16:10:28.410,1.86598,1.86635,1.00,1.50
2016.04.22 16:10:29.328,1.86596,1.86635,1.00,1.50
2016.04.22 16:10:29.841,1.86593,1.86631,1.50,1.00
2016.04.22 16:10:30.295,1.86593,1.86631,1.12,1.00
2016.04.22 16:10:30.616,1.86597,1.86634,1.00,1.00
2016.04.22 16:10:32.011,1.86592,1.86631,1.75,1.00
2016.04.22 16:10:32.112,1.86596,1.86634,1.00,1.50
2016.04.22 16:10:33.724,1.86593,1.86631,1.87,1.00
2016.04.22 16:10:34.027,1.86595,1.86635,1.12,1.50
2016.04.22 16:10:34.078,1.86597,1.86635,1.00,1.50
2016.04.22 16:10:34.415,1.866,1.86639,2.25,1.00
2016.04.22 16:10:34.466,1.86603,1.86642,1.00,1.87
2016.04.22 16:10:34.517,1.86603,1.86638,1.00,1.00
2016.04.22 16:10:34.568,1.866,1.86638,1.50,1.00
2016.04.22 16:10:34.821,1.866,1.86636,1.00,1.00
2016.04.22 16:10:35.113,1.86597,1.86634,1.00,1.00
2016.04.22 16:10:35.315,1.86597,1.86634,1.00,1.37
2016.04.22 16:10:35.769,1.86592,1.86631,1.00,1.00
2016.04.22 16:10:36.629,1.86592,1.86632,1.50,1.00
2016.04.22 16:10:36.781,1.86596,1.86635,1.00,1.50
2016.04.22 16:10:37.842,1.86603,1.86643,1.00,2.25
2016.04.22 16:10:37.892,1.86603,1.86643,1.00,2.25
2016.04.22 16:10:38.884,1.86603,1.8664,1.00,1.00
2016.04.22 16:10:39.188,1.86606,1.86644,1.00,1.75
2016.04.22 16:10:39.289,1.86603,1.8664,1.00,1.00
2016.04.22 16:10:39.931,1.8661,1.86645,1.00,1.75
2016.04.22 16:10:40.083,1.86614,1.86648,1.00,1.00
2016.04.22 16:10:40.236,1.86614,1.86652,1.00,1.00
2016.04.22 16:10:41.268,1.86614,1.86652,1.00,1.75
2016.04.22 16:10:41.420,1.86609,1.86648,1.50,1.12
2016.04.22 16:10:42.864,1.86612,1.86648,1.00,1.12
2016.04.22 16:10:43.125,1.86614,1.86651,1.50,1.00
2016.04.22 16:10:43.328,1.86616,1.86651,1.00,1.00
2016.04.22 16:10:43.430,1.86614,1.86651,1.50,1.00
2016.04.22 16:10:43.583,1.8662,1.86655,1.00,1.00
2016.04.22 16:10:43.685,1.86623,1.86661,1.00,1.12
2016.04.22 16:10:43.736,1.86627,1.86665,1.00,2.25
2016.04.22 16:10:43.888,1.86624,1.86661,1.00,1.00
2016.04.22 16:10:44.041,1.86626,1.86661,1.00,1.00
2016.04.22 16:10:44.271,1.86636,1.86673,1.00,1.00
2016.04.22 16:10:45.258,1.86636,1.86673,1.00,1.37
2016.04.22 16:10:45.483,1.86622,1.86661,1.00,1.00
2016.04.22 16:10:45.689,1.86624,1.86661,1.00,1.00
2016.04.22 16:10:45.740,1.86626,1.86665,1.00,1.87
2016.04.22 16:10:45.841,1.86628,1.86665,1.00,1.12
2016.04.22 16:10:46.144,1.86635,1.86672,1.00,1.00
2016.04.22 16:10:46.447,1.86641,1.86678,1.00,1.00
2016.04.22 16:10:46.780,1.86648,1.86684,1.00,1.00
2016.04.22 16:10:47.487,1.86647,1.86684,1.00,1.00
2016.04.22 16:10:48.381,1.86648,1.86684,1.00,1.00
2016.04.22 16:10:48.684,1.86648,1.86688,1.00,1.50
2016.04.22 16:10:48.785,1.86653,1.86688,1.12,1.00
2016.04.22 16:10:48.886,1.86654,1.86691,1.00,1.00
2016.04.22 16:10:49.417,1.86653,1.86691,1.12,1.00
2016.04.22 16:10:49.922,1.86654,1.86691,1.00,1.00
2016.04.22 16:10:50.426,1.86653,1.86691,1.12,1.00
2016.04.22 16:10:51.006,1.86658,1.86691,1.00,1.00
2016.04.22 16:10:51.057,1.86658,1.86694,1.00,1.00
2016.04.22 16:10:51.159,1.86666,1.867,1.00,1.00
2016.04.22 16:10:51.260,1.8666,1.867,3.00,1.00
2016.04.22 16:10:51.311,1.8666,1.867,3.75,1.00
2016.04.22 16:10:51.362,1.86661,1.86705,3.00,1.37
2016.04.22 16:10:51.665,1.86661,1.86701,1.75,1.37
2016.04.22 16:10:51.938,1.86658,1.86702,1.37,1.00
2016.04.22 16:10:51.989,1.86658,1.86705,1.00,1.00
2016.04.22 16:10:52.090,1.86658,1.86705,1.87,1.00
2016.04.22 16:10:52.141,1.86663,1.86709,1.00,1.50
2016.04.22 16:10:52.243,1.86659,1.86709,1.37,1.00
2016.04.22 16:10:52.344,1.8666,1.86705,1.37,1.00
2016.04.22 16:10:52.546,1.86659,1.86707,1.75,1.00
2016.04.22 16:10:53.051,1.8666,1.86707,1.50,1.37
2016.04.22 16:10:53.253,1.8666,1.86709,2.25,1.00
2016.04.22 16:10:54.103,1.86662,1.86709,1.50,1.00
2016.04.22 16:10:54.685,1.86663,1.86709,1.00,1.00
2016.04.22 16:10:54.989,1.86663,1.86711,1.00,1.00
2016.04.22 16:10:55.090,1.86666,1.86711,1.00,1.00
2016.04.22 16:10:55.191,1.86665,1.86713,2.25,1.00
2016.04.22 16:10:55.242,1.86667,1.86713,1.00,1.00
2016.04.22 16:10:55.444,1.86665,1.86712,1.50,1.00
2016.04.22 16:10:55.495,1.86668,1.86712,1.00,1.00
2016.04.22 16:10:55.863,1.86666,1.86711,3.00,1.00
2016.04.22 16:10:55.964,1.86666,1.86715,1.50,1.50
2016.04.22 16:10:56.015,1.86667,1.86713,1.00,1.00
2016.04.22 16:10:56.268,1.86665,1.86714,2.70,1.12
2016.04.22 16:10:56.319,1.86672,1.86717,1.87,1.00
2016.04.22 16:10:56.420,1.8667,1.86718,1.50,1.50
2016.04.22 16:10:56.523,1.86672,1.86718,1.12,1.00
2016.04.22 16:10:56.675,1.86672,1.86721,1.00,1.12
2016.04.22 16:10:56.726,1.86672,1.86718,1.00,1.00
2016.04.22 16:10:57.060,1.86672,1.86713,1.00,1.00
2016.04.22 16:10:57.363,1.86664,1.86703,1.84,1.00
2016.04.22 16:10:57.867,1.86666,1.86703,1.00,1.00
2016.04.22 16:10:57.918,1.86666,1.86709,1.00,1.00
2016.04.22 16:10:58.454,1.86665,1.86708,1.12,1.00
2016.04.22 16:10:58.909,1.86664,1.86704,1.50,1.00
2016.04.22 16:10:59.061,1.86664,1.86708,1.50,1.00
2016.04.22 16:10:59.605,1.86663,1.86709,2.25,1.50
2016.04.22 16:11:00.110,1.86662,1.86708,1.75,1.37
2016.04.22 16:11:00.459,1.86662,1.86703,2.25,1.00
2016.04.22 16:11:00.762,1.86675,1.86708,1.00,1.00
2016.04.22 16:11:00.812,1.86675,1.8671,1.50,1.00
2016.04.22 16:11:00.913,1.86675,1.86713,1.50,1.00
2016.04.22 16:11:01.015,1.86677,1.86713,1.00,1.00
2016.04.22 16:11:01.216,1.86676,1.86719,1.50,1.00
2016.04.22 16:11:01.533,1.86679,1.86719,1.00,1.00
2016.04.22 16:11:01.836,1.86679,1.86714,1.00,1.00
2016.04.22 16:11:02.456,1.86674,1.86718,1.00,1.87
2016.04.22 16:11:02.984,1.86674,1.86717,1.00,1.37
2016.04.22 16:11:03.146,1.86674,1.86717,1.00,1.37
2016.04.22 16:11:03.561,1.86672,1.86717,2.25,1.37
2016.04.22 16:11:04.213,1.86672,1.86717,2.59,1.37
2016.04.22 16:11:04.532,1.86675,1.86718,1.00,1.00
2016.04.22 16:11:04.764,1.86675,1.86713,1.00,1.00
2016.04.22 16:11:05.268,1.86677,1.86713,1.00,1.00
2016.04.22 16:11:05.760,1.86677,1.86719,1.00,1.00
2016.04.22 16:11:05.861,1.86677,1.86713,1.00,1.00
2016.04.22 16:11:05.963,1.86675,1.86715,1.00,1.00
2016.04.22 16:11:06.178,1.86672,1.86717,1.34,1.00
2016.04.22 16:11:06.329,1.86672,1.86717,1.00,1.00
2016.04.22 16:11:06.834,1.86672,1.86717,1.00,1.37
2016.04.22 16:11:07.036,1.8667,1.86712,1.50,1.00
2016.04.22 16:11:08.369,1.8667,1.86708,1.09,1.00
2016.04.22 16:11:08.896,1.86667,1.86709,1.34,1.00
2016.04.22 16:11:09.429,1.86668,1.86714,1.34,1.87
2016.04.22 16:11:09.480,1.86668,1.86714,1.00,1.37
2016.04.22 16:11:09.885,1.86667,1.86713,1.00,1.12
2016.04.22 16:11:10.577,1.86668,1.86711,1.00,1.00
2016.04.22 16:11:10.628,1.86668,1.86713,1.00,1.87
2016.04.22 16:11:10.780,1.86669,1.86713,1.00,1.87
2016.04.22 16:11:11.497,1.86667,1.86713,1.00,1.87
2016.04.22 16:11:13.703,1.86666,1.86711,1.00,1.00
2016.04.22 16:11:14.354,1.86667,1.86711,1.00,1.12
2016.04.22 16:11:14.405,1.86667,1.86714,1.00,1.87
2016.04.22 16:11:14.672,1.86672,1.86714,1.00,1.37
2016.04.22 16:11:14.975,1.8669,1.86714,1.00,1.00
2016.04.22 16:11:15.127,1.86696,1.86731,1.00,1.37
2016.04.22 16:11:15.179,1.86702,1.86736,1.00,1.37
2016.04.22 16:11:15.230,1.86702,1.86739,1.00,1.50
2016.04.22 16:11:15.282,1.86706,1.86739,1.00,1.00
2016.04.22 16:11:15.383,1.86704,1.86743,1.00,1.50
2016.04.22 16:11:15.434,1.86701,1.86743,1.50,1.87
2016.04.22 16:11:15.563,1.86701,1.86734,1.50,1.00
2016.04.22 16:11:15.665,1.86701,1.86738,1.00,1.00
2016.04.22 16:11:16.019,1.86701,1.86733,1.00,1.00
2016.04.22 16:11:16.120,1.867,1.86739,1.50,1.00
2016.04.22 16:11:16.221,1.867,1.86733,1.50,1.00
2016.04.22 16:11:16.655,1.86701,1.86738,1.50,1.00
2016.04.22 16:11:16.706,1.86704,1.86738,1.00,1.00
2016.04.22 16:11:16.757,1.86704,1.86744,1.00,1.87
2016.04.22 16:11:16.808,1.86704,1.86742,1.00,1.00
2016.04.22 16:11:17.111,1.86717,1.86744,1.00,1.00
2016.04.22 16:11:17.162,1.86715,1.86751,1.00,1.00
2016.04.22 16:11:17.213,1.86713,1.8675,1.00,1.00
2016.04.22 16:11:17.314,1.86713,1.86745,1.00,1.00
2016.04.22 16:11:17.578,1.86716,1.86753,1.50,1.00
2016.04.22 16:11:17.680,1.86717,1.86748,1.00,1.00
2016.04.22 16:11:17.882,1.86717,1.86754,1.00,1.00
2016.04.22 16:11:17.932,1.86722,1.86754,1.00,1.00
2016.04.22 16:11:18.185,1.86722,1.86758,1.00,1.00
2016.04.22 16:11:18.535,1.86722,1.86754,1.00,1.00
2016.04.22 16:11:18.749,1.86713,1.86748,1.00,1.00
2016.04.22 16:11:18.850,1.86714,1.86742,1.00,1.00
2016.04.22 16:11:19.153,1.86714,1.86747,1.00,1.75
2016.04.22 16:11:19.254,1.86714,1.86752,1.00,1.50
2016.04.22 16:11:19.546,1.86714,1.86747,1.00,1.00
2016.04.22 16:11:19.852,1.86716,1.86747,1.00,1.00
2016.04.22 16:11:20.155,1.86721,1.86752,1.00,1.00
2016.04.22 16:11:20.256,1.86717,1.86753,1.00,1.12
2016.04.22 16:11:20.308,1.86717,1.86753,1.34,1.12
2016.04.22 16:11:20.589,1.86733,1.86766,1.00,1.00
2016.04.22 16:11:20.640,1.86737,1.86766,1.00,1.00
2016.04.22 16:11:20.843,1.86748,1.86778,1.00,1.00
2016.04.22 16:11:21.247,1.86746,1.86779,1.00,1.00
2016.04.22 16:11:21.728,1.86747,1.86784,1.00,1.00
2016.04.22 16:11:21.930,1.86747,1.86778,1.00,1.00
2016.04.22 16:11:22.284,1.86748,1.86786,1.00,1.50
2016.04.22 16:11:22.335,1.86755,1.86788,1.00,1.00
2016.04.22 16:11:22.487,1.86756,1.86794,1.12,1.00
2016.04.22 16:11:22.538,1.8676,1.86794,1.00,1.00
2016.04.22 16:11:22.915,1.86757,1.8679,1.00,1.37
2016.04.22 16:11:22.966,1.86753,1.86786,1.00,1.00
2016.04.22 16:11:23.068,1.86756,1.86789,1.00,1.12
2016.04.22 16:11:23.270,1.86754,1.8679,1.00,1.37
2016.04.22 16:11:23.372,1.86759,1.86783,1.00,1.00
2016.04.22 16:11:23.474,1.86755,1.86793,1.00,1.00
2016.04.22 16:11:23.575,1.86759,1.86793,1.00,1.00
2016.04.22 16:11:23.925,1.8676,1.86796,1.00,1.12
2016.04.22 16:11:24.026,1.86762,1.86796,1.00,1.12
2016.04.22 16:11:24.330,1.86757,1.86789,1.00,1.12
2016.04.22 16:11:24.746,1.86752,1.86789,1.00,1.12
2016.04.22 16:11:24.847,1.86751,1.86786,1.00,1.00
2016.04.22 16:11:25.253,1.86751,1.86783,1.00,1.00
2016.04.22 16:11:25.354,1.86751,1.86786,1.00,1.00
2016.04.22 16:11:25.858,1.86751,1.86785,1.00,1.00
2016.04.22 16:11:26.750,1.86752,1.86785,1.00,1.00
2016.04.22 16:11:27.990,1.86757,1.86785,1.00,1.00
2016.04.22 16:11:30.203,1.86755,1.86785,1.00,1.00
2016.04.22 16:11:30.354,1.86755,1.86785,1.00,1.37
2016.04.22 16:11:30.657,1.86753,1.86779,1.00,1.00
2016.04.22 16:11:31.595,1.86754,1.86779,1.00,1.00
2016.04.22 16:11:32.534,1.86752,1.86779,1.00,1.00
2016.04.22 16:11:32.585,1.86744,1.86768,1.00,1.00
2016.04.22 16:11:33.828,1.8674,1.86768,1.00,1.00
2016.04.22 16:11:33.930,1.8674,1.86773,1.00,1.75
2016.04.22 16:11:35.720,1.86739,1.8677,1.00,1.12
2016.04.22 16:11:35.771,1.86737,1.8677,1.00,1.12
2016.04.22 16:11:35.923,1.86733,1.86761,1.00,1.00
2016.04.22 16:11:36.109,1.8673,1.86761,1.00,1.00
2016.04.22 16:11:36.214,1.86728,1.86762,1.00,1.00
2016.04.22 16:11:36.722,1.86727,1.86762,1.00,1.00
2016.04.22 16:11:36.976,1.86729,1.86761,1.00,1.00
2016.04.22 16:11:37.128,1.86722,1.86755,1.00,1.00
2016.04.22 16:11:37.230,1.86717,1.86755,1.00,1.50
2016.04.22 16:11:37.331,1.86715,1.86755,1.00,1.00
2016.04.22 16:11:37.863,1.86714,1.86755,1.50,1.50
2016.04.22 16:11:38.015,1.86717,1.86755,1.00,1.50
2016.04.22 16:11:39.382,1.86717,1.86756,1.00,1.00
2016.04.22 16:11:39.754,1.86735,1.8676,1.00,1.37
2016.04.22 16:11:39.805,1.86735,1.86766,1.00,1.00
2016.04.22 16:11:39.855,1.86736,1.86763,1.00,1.00
2016.04.22 16:11:39.957,1.86728,1.86763,1.00,1.00
2016.04.22 16:11:42.058,1.86724,1.86763,1.37,1.00
2016.04.22 16:11:42.160,1.86724,1.86762,1.00,1.37
2016.04.22 16:11:42.479,1.86728,1.86763,1.00,1.75
2016.04.22 16:11:42.631,1.86726,1.86763,1.00,1.75
2016.04.22 16:11:43.368,1.86729,1.86762,1.00,1.75
2016.04.22 16:11:43.671,1.86746,1.86781,1.00,2.55
2016.04.22 16:11:43.722,1.86747,1.86781,1.00,1.00
2016.04.22 16:11:44.279,1.86748,1.86781,1.00,1.00
2016.04.22 16:11:44.786,1.86748,1.8678,1.00,1.00
2016.04.22 16:11:46.116,1.86745,1.8678,1.00,1.00
2016.04.22 16:11:46.218,1.86745,1.86785,1.00,1.75
2016.04.22 16:11:46.589,1.86747,1.86786,1.00,1.75
2016.04.22 16:11:48.434,1.86745,1.86787,1.00,2.25
2016.04.22 16:11:51.167,1.8675,1.86785,1.00,1.75
2016.04.22 16:11:51.343,1.8675,1.86785,1.00,1.00
2016.04.22 16:11:51.869,1.8675,1.86787,1.00,1.00
2016.04.22 16:11:52.500,1.86745,1.86783,1.12,1.00
2016.04.22 16:11:52.601,1.86745,1.86779,1.00,1.00
2016.04.22 16:11:52.703,1.86743,1.86779,1.00,1.00
2016.04.22 16:11:53.640,1.86743,1.86778,1.00,1.00
2016.04.22 16:11:53.744,1.86738,1.86778,1.00,1.00
2016.04.22 16:11:53.845,1.86738,1.86776,1.00,1.00
2016.04.22 16:11:53.947,1.86738,1.86779,1.50,1.00
2016.04.22 16:11:54.476,1.86738,1.86778,1.87,1.00
2016.04.22 16:11:55.122,1.86738,1.8678,1.87,1.00
2016.04.22 16:11:55.173,1.86742,1.8678,1.00,1.00
2016.04.22 16:11:55.476,1.86759,1.86787,1.00,1.00
2016.04.22 16:11:55.894,1.86759,1.86795,1.00,1.00
2016.04.22 16:11:56.045,1.8676,1.86793,1.00,1.00
2016.04.22 16:11:56.724,1.8676,1.86794,1.00,1.00
2016.04.22 16:11:57.051,1.86763,1.86799,1.00,1.00
2016.04.22 16:11:57.355,1.8676,1.86793,1.00,1.00
2016.04.22 16:11:57.863,1.8676,1.86794,1.00,1.00
2016.04.22 16:11:58.116,1.86748,1.86788,1.37,1.87
2016.04.22 16:11:58.167,1.86748,1.86788,1.00,3.00
2016.04.22 16:11:58.268,1.86748,1.86783,1.00,1.00
2016.04.22 16:11:58.370,1.8675,1.86787,1.00,1.12
2016.04.22 16:11:58.917,1.86754,1.86787,1.00,1.12
2016.04.22 16:11:59.442,1.86755,1.86787,1.00,1.12
2016.04.22 16:12:00.080,1.8675,1.86787,1.00,1.12
2016.04.22 16:12:00.595,1.86751,1.86787,1.00,1.12
2016.04.22 16:12:03.925,1.86752,1.86787,1.00,1.12
2016.04.22 16:12:04.026,1.86752,1.86793,1.00,4.09
2016.04.22 16:12:04.077,1.86758,1.86792,1.00,1.34
2016.04.22 16:12:04.127,1.86758,1.86792,1.00,1.00
2016.04.22 16:12:04.482,1.86755,1.86794,1.00,1.84
2016.04.22 16:12:04.633,1.86759,1.86794,1.00,1.50
2016.04.22 16:12:04.978,1.86782,1.86807,1.00,1.12
2016.04.22 16:12:05.029,1.86782,1.86813,1.00,1.00
2016.04.22 16:12:05.080,1.86778,1.86813,1.12,1.00
2016.04.22 16:12:05.283,1.86772,1.86812,1.00,1.00
2016.04.22 16:12:05.384,1.86772,1.86803,1.00,1.00
2016.04.22 16:12:05.485,1.86772,1.86805,1.00,1.12
2016.04.22 16:12:05.637,1.86772,1.86803,1.00,1.00
2016.04.22 16:12:05.976,1.86772,1.86799,1.00,1.37
2016.04.22 16:12:06.027,1.86757,1.868,1.84,1.37
2016.04.22 16:12:06.078,1.86766,1.86799,1.00,1.00
2016.04.22 16:12:06.129,1.8677,1.86799,1.00,1.00
2016.04.22 16:12:06.180,1.8677,1.86808,1.00,1.50
2016.04.22 16:12:06.282,1.86766,1.86808,1.00,1.50
2016.04.22 16:12:06.383,1.86766,1.86803,1.00,1.00
2016.04.22 16:12:06.484,1.86763,1.86802,1.50,1.00
2016.04.22 16:12:06.694,1.86765,1.86802,1.00,1.00
2016.04.22 16:12:06.997,1.86765,1.86804,1.12,1.37
2016.04.22 16:12:07.048,1.86765,1.86804,1.12,1.00
2016.04.22 16:12:07.301,1.86765,1.86802,1.12,1.00
2016.04.22 16:12:07.794,1.86764,1.86789,1.00,1.46
2016.04.22 16:12:07.895,1.86758,1.86782,1.00,1.12
2016.04.22 16:12:07.946,1.8675,1.86782,1.00,1.12
2016.04.22 16:12:08.006,1.86741,1.86783,1.50,1.87
2016.04.22 16:12:08.057,1.86741,1.86778,1.50,1.00
2016.04.22 16:12:08.259,1.86741,1.8678,1.00,1.00
2016.04.22 16:12:08.310,1.86742,1.86784,1.71,1.50
2016.04.22 16:12:08.565,1.86753,1.86791,2.25,1.00
2016.04.22 16:12:08.618,1.86766,1.86799,1.00,1.00
2016.04.22 16:12:08.719,1.8676,1.86803,2.62,1.50
2016.04.22 16:12:08.821,1.8676,1.86803,2.62,1.50
2016.04.22 16:12:09.125,1.8676,1.86798,1.87,1.00
2016.04.22 16:12:09.226,1.86755,1.86793,2.25,1.00
2016.04.22 16:12:09.328,1.86751,1.86793,2.21,1.00
2016.04.22 16:12:09.547,1.86751,1.86794,1.00,1.12
2016.04.22 16:12:09.801,1.86758,1.86798,1.37,1.75
2016.04.22 16:12:09.903,1.86758,1.86803,2.25,2.62
2016.04.22 16:12:10.004,1.86759,1.86803,1.37,2.25
2016.04.22 16:12:12.731,1.86761,1.86803,1.00,1.00
2016.04.22 16:12:13.099,1.86761,1.86803,1.37,1.50
2016.04.22 16:12:13.423,1.86766,1.86803,1.00,1.00
2016.04.22 16:12:13.524,1.86763,1.86803,1.37,1.00
2016.04.22 16:12:14.744,1.86759,1.86799,2.25,1.00
2016.04.22 16:12:14.794,1.86759,1.86799,1.12,1.37
2016.04.22 16:12:14.845,1.86755,1.86798,1.00,1.87
2016.04.22 16:12:15.047,1.86755,1.86797,1.37,1.87
2016.04.22 16:12:15.350,1.86754,1.86794,1.87,1.00
2016.04.22 16:12:15.510,1.86754,1.86794,1.50,1.00
2016.04.22 16:12:15.612,1.86754,1.86794,1.87,1.00
2016.04.22 16:12:15.814,1.86765,1.86803,2.25,1.00
2016.04.22 16:12:16.167,1.86765,1.868,1.50,1.00
2016.04.22 16:12:16.268,1.86762,1.868,1.50,1.00
2016.04.22 16:12:17.911,1.86764,1.868,1.00,1.00
2016.04.22 16:12:18.214,1.86764,1.868,1.37,1.00
2016.04.22 16:12:19.840,1.86764,1.868,1.00,1.00
2016.04.22 16:12:19.941,1.86762,1.868,1.00,1.87
2016.04.22 16:12:19.992,1.86758,1.86796,1.87,1.12
2016.04.22 16:12:20.295,1.86758,1.86794,1.00,1.00
2016.04.22 16:12:20.598,1.86755,1.86789,1.00,1.00
2016.04.22 16:12:20.922,1.86755,1.86786,1.00,1.00
2016.04.22 16:12:21.024,1.86747,1.86786,1.37,1.00
2016.04.22 16:12:21.125,1.86751,1.86789,1.12,1.00
2016.04.22 16:12:22.224,1.86755,1.86793,1.00,1.50
2016.04.22 16:12:23.035,1.86755,1.86792,1.00,1.00
2016.04.22 16:12:23.251,1.86766,1.86804,1.12,1.12
2016.04.22 16:12:23.402,1.86766,1.86805,1.37,1.50
2016.04.22 16:12:24.281,1.86769,1.86805,1.00,1.50
2016.04.22 16:12:24.536,1.86765,1.86804,1.37,1.00
2016.04.22 16:12:25.084,1.86765,1.86804,1.37,1.00
2016.04.22 16:12:25.387,1.86762,1.868,2.62,1.00
2016.04.22 16:12:25.791,1.86762,1.86797,2.25,1.00
2016.04.22 16:12:26.135,1.86754,1.86791,1.00,1.00
2016.04.22 16:12:26.690,1.8675,1.86787,1.75,1.00
2016.04.22 16:12:27.322,1.86753,1.86787,1.37,1.00
2016.04.22 16:12:27.628,1.86759,1.86796,1.87,1.87
2016.04.22 16:12:28.137,1.86759,1.86796,1.37,1.37
2016.04.22 16:12:28.525,1.86754,1.86792,1.00,1.00
2016.04.22 16:12:29.336,1.86754,1.86792,1.37,1.00
2016.04.22 16:12:29.653,1.86758,1.86795,1.46,1.12
2016.04.22 16:12:30.544,1.86758,1.86796,2.21,1.37
2016.04.22 16:12:30.889,1.86761,1.86801,2.32,1.50
2016.04.22 16:12:31.041,1.86769,1.86804,1.37,1.00
2016.04.22 16:12:31.245,1.86766,1.86804,1.50,1.50
2016.04.22 16:12:31.346,1.86766,1.86804,1.00,1.84
2016.04.22 16:12:31.448,1.86761,1.86796,1.50,1.00
2016.04.22 16:12:31.550,1.86757,1.86793,1.50,1.00
2016.04.22 16:12:31.783,1.86755,1.8679,1.37,1.00
2016.04.22 16:12:31.985,1.86753,1.8679,1.12,1.00
2016.04.22 16:12:32.087,1.86763,1.8679,1.00,1.00
2016.04.22 16:12:32.188,1.86763,1.86794,1.00,1.00
2016.04.22 16:12:32.239,1.86763,1.86796,1.00,1.00
2016.04.22 16:12:33.755,1.86763,1.868,1.00,1.00
2016.04.22 16:12:33.906,1.86763,1.868,1.37,1.00
2016.04.22 16:12:34.092,1.86769,1.86806,1.37,1.00
2016.04.22 16:12:34.194,1.86769,1.86806,1.37,1.00
2016.04.22 16:12:34.296,1.86769,1.86806,1.37,1.00
2016.04.22 16:12:34.603,1.86767,1.86806,1.50,1.00
2016.04.22 16:12:34.755,1.86767,1.86802,1.00,1.00
2016.04.22 16:12:35.419,1.86768,1.86802,1.00,1.00
2016.04.22 16:12:35.674,1.86766,1.86802,1.00,1.00
2016.04.22 16:12:35.776,1.86765,1.86798,1.37,2.25
2016.04.22 16:12:35.827,1.86759,1.86798,1.87,2.25
2016.04.22 16:12:36.556,1.86768,1.86798,1.00,1.00
2016.04.22 16:12:36.607,1.86768,1.86803,1.37,1.12
2016.04.22 16:12:36.916,1.86768,1.86805,1.87,1.50
2016.04.22 16:12:37.068,1.86768,1.86805,1.87,1.12
2016.04.22 16:12:37.119,1.86769,1.86805,1.00,1.00
2016.04.22 16:12:37.220,1.86768,1.86805,1.37,1.00
2016.04.22 16:12:37.668,1.86772,1.8681,2.25,1.00
2016.04.22 16:12:38.173,1.86772,1.8681,2.25,1.00
2016.04.22 16:12:41.028,1.86772,1.8681,1.12,1.00
2016.04.22 16:12:41.381,1.86769,1.86807,1.87,1.00
2016.04.22 16:12:41.706,1.86772,1.86807,1.00,1.37
2016.04.22 16:12:41.757,1.86767,1.86806,1.00,1.75
2016.04.22 16:12:42.169,1.86764,1.86803,1.00,1.00
2016.04.22 16:12:43.583,1.86764,1.86803,1.37,1.00
2016.04.22 16:12:43.735,1.86773,1.86808,1.00,1.34
2016.04.22 16:12:43.887,1.86773,1.86811,1.50,1.34
2016.04.22 16:12:44.410,1.86774,1.86811,1.12,1.34
2016.04.22 16:12:44.921,1.86774,1.86811,1.12,1.00
2016.04.22 16:12:45.437,1.86773,1.8681,1.00,1.00
2016.04.22 16:12:46.496,1.86773,1.86809,1.50,1.00
2016.04.22 16:12:46.547,1.86773,1.86809,1.87,1.00
2016.04.22 16:12:47.069,1.86773,1.86807,1.37,1.00
2016.04.22 16:12:47.601,1.86773,1.86807,1.37,1.00
2016.04.22 16:12:48.861,1.86773,1.86807,1.00,1.00
2016.04.22 16:12:48.963,1.8677,1.86805,1.00,1.00
2016.04.22 16:12:49.266,1.86767,1.86803,1.46,1.00
2016.04.22 16:12:49.810,1.86766,1.86803,1.00,1.50
2016.04.22 16:12:49.962,1.86763,1.86799,1.12,1.00
2016.04.22 16:12:50.164,1.86761,1.86799,1.87,1.50
2016.04.22 16:12:50.467,1.86761,1.86798,1.37,1.00
2016.04.22 16:12:51.003,1.86761,1.86799,1.37,1.00
2016.04.22 16:12:51.357,1.86761,1.86797,1.00,1.00
2016.04.22 16:12:52.429,1.8676,1.86794,1.00,1.00
2016.04.22 16:12:53.229,1.86759,1.86794,1.00,1.00
2016.04.22 16:12:53.743,1.86759,1.86793,1.00,1.00
2016.04.22 16:12:54.046,1.86759,1.86793,1.34,1.00
2016.04.22 16:12:54.388,1.8677,1.86793,1.00,1.00
2016.04.22 16:12:54.439,1.8677,1.86804,1.00,1.00
2016.04.22 16:12:54.490,1.8677,1.86804,1.37,1.00
2016.04.22 16:12:54.542,1.86771,1.86809,1.37,1.50
2016.04.22 16:12:55.065,1.86771,1.86809,1.37,1.00
2016.04.22 16:12:56.415,1.86771,1.86808,1.37,1.00
2016.04.22 16:12:56.769,1.86771,1.86808,1.00,1.00
2016.04.22 16:12:57.302,1.86771,1.86809,1.00,2.25
2016.04.22 16:12:57.354,1.86766,1.86806,1.87,1.00
2016.04.22 16:12:57.670,1.86766,1.86805,1.00,1.50
2016.04.22 16:12:58.075,1.86766,1.86803,1.37,1.12
2016.04.22 16:13:00.822,1.86764,1.86802,1.46,1.00
2016.04.22 16:13:00.923,1.86764,1.86798,1.00,1.00
2016.04.22 16:13:01.081,1.86762,1.86802,1.00,1.50
2016.04.22 16:13:01.284,1.86762,1.868,1.00,1.00
2016.04.22 16:13:01.789,1.86762,1.86801,1.00,1.00
2016.04.22 16:13:02.303,1.86762,1.86802,1.00,1.87
2016.04.22 16:13:03.028,1.86762,1.86799,1.00,1.00
2016.04.22 16:13:03.129,1.86762,1.86802,1.00,1.87
2016.04.22 16:13:06.298,1.86762,1.868,1.00,1.00
2016.04.22 16:13:06.623,1.86757,1.86795,1.00,1.12
2016.04.22 16:13:07.433,1.86757,1.86792,1.00,1.00
2016.04.22 16:13:07.714,1.86757,1.86795,1.00,1.12
2016.04.22 16:13:08.033,1.86754,1.86791,1.00,1.00
2016.04.22 16:13:09.910,1.86754,1.8679,1.50,1.00
2016.04.22 16:13:11.626,1.86754,1.86788,1.00,1.50
2016.04.22 16:13:11.677,1.8675,1.86787,1.75,1.00
2016.04.22 16:13:11.728,1.8675,1.86787,1.00,1.50
2016.04.22 16:13:11.779,1.86746,1.86784,1.00,1.00
2016.04.22 16:13:12.031,1.86741,1.86779,3.00,1.00
2016.04.22 16:13:12.537,1.86741,1.86779,2.25,1.00
2016.04.22 16:13:12.638,1.86741,1.86779,2.62,1.00
2016.04.22 16:13:12.689,1.86747,1.86783,1.00,1.00
2016.04.22 16:13:13.121,1.8675,1.86784,1.00,1.00
2016.04.22 16:13:13.929,1.86747,1.86784,1.87,1.00
2016.04.22 16:13:16.855,1.86747,1.86778,1.87,1.37
2016.04.22 16:13:16.906,1.86738,1.86775,1.00,1.50
2016.04.22 16:13:16.957,1.86733,1.86772,1.50,1.00
2016.04.22 16:13:17.159,1.86733,1.86772,1.37,1.00
2016.04.22 16:13:17.362,1.86733,1.86772,1.12,1.00
2016.04.22 16:13:17.413,1.86736,1.86772,1.00,1.00
2016.04.22 16:13:17.514,1.86733,1.86772,1.12,1.00
2016.04.22 16:13:18.659,1.86737,1.86775,1.00,2.25
2016.04.22 16:13:18.963,1.8674,1.8678,1.50,1.00
2016.04.22 16:13:19.113,1.8674,1.8678,1.87,1.00
2016.04.22 16:13:19.164,1.8674,1.8678,1.50,1.50
2016.04.22 16:13:19.265,1.8674,1.86776,1.87,1.00
2016.04.22 16:13:19.568,1.86744,1.86779,1.00,1.00
2016.04.22 16:13:19.669,1.8674,1.86776,1.00,1.00
2016.04.22 16:13:19.771,1.8674,1.86779,1.37,1.00
2016.04.22 16:13:20.198,1.86749,1.86783,1.00,1.50
2016.04.22 16:13:20.350,1.8675,1.86786,1.00,1.00
2016.04.22 16:13:20.401,1.8675,1.8678,1.00,1.00
2016.04.22 16:13:20.502,1.86747,1.8678,1.00,1.00
2016.04.22 16:13:20.958,1.86747,1.8678,1.37,1.00
2016.04.22 16:13:21.008,1.86747,1.86785,1.37,1.00
2016.04.22 16:13:21.490,1.86751,1.86789,1.37,1.50
2016.04.22 16:13:21.592,1.86751,1.86789,1.12,1.00
2016.04.22 16:13:21.895,1.86751,1.86787,1.00,1.00
2016.04.22 16:13:21.997,1.86747,1.86784,1.00,1.00
2016.04.22 16:13:24.025,1.86751,1.86787,1.00,1.00
2016.04.22 16:13:24.329,1.86745,1.8678,1.37,1.12
2016.04.22 16:13:24.833,1.86743,1.8678,1.37,1.12
2016.04.22 16:13:25.466,1.86743,1.8678,1.00,1.12
2016.04.22 16:13:25.926,1.86741,1.86776,1.00,1.37
2016.04.22 16:13:26.256,1.86741,1.86772,1.00,1.00
2016.04.22 16:13:26.461,1.86731,1.86768,1.37,1.00
2016.04.22 16:13:26.595,1.86731,1.8676,1.37,1.00
2016.04.22 16:13:26.646,1.86726,1.8676,1.00,1.00
2016.04.22 16:13:26.697,1.86722,1.8676,1.50,1.00
2016.04.22 16:13:27.151,1.8672,1.86758,1.00,1.00
2016.04.22 16:13:28.267,1.86724,1.8676,1.00,1.50
2016.04.22 16:13:28.570,1.86737,1.86765,1.37,1.00
2016.04.22 16:13:28.621,1.86737,1.86775,1.12,1.00
2016.04.22 16:13:28.772,1.86737,1.86774,1.00,1.75
2016.04.22 16:13:29.082,1.86739,1.8677,1.00,1.00
2016.04.22 16:13:29.385,1.86742,1.86769,1.00,1.00
2016.04.22 16:13:29.486,1.86742,1.86774,1.00,1.00
2016.04.22 16:13:29.840,1.86739,1.86774,1.12,1.00
2016.04.22 16:13:30.221,1.86737,1.86774,1.00,1.00
2016.04.22 16:13:33.631,1.86737,1.86775,1.00,1.00
2016.04.22 16:13:33.934,1.86737,1.86777,1.00,1.00
2016.04.22 16:13:35.218,1.86737,1.86774,1.87,1.00
2016.04.22 16:13:35.552,1.86734,1.86768,1.00,1.00
2016.04.22 16:13:36.057,1.86734,1.86767,1.00,1.00
2016.04.22 16:13:36.209,1.86731,1.86767,1.00,1.12
2016.04.22 16:13:36.310,1.86729,1.86767,1.00,1.12
2016.04.22 16:13:38.431,1.86729,1.86768,1.00,1.87
2016.04.22 16:13:38.532,1.86729,1.86764,1.00,1.00
2016.04.22 16:13:38.721,1.86725,1.86763,1.00,1.00
2016.04.22 16:13:39.226,1.86725,1.86762,1.00,1.00
2016.04.22 16:13:39.825,1.86725,1.86763,1.00,1.00
2016.04.22 16:13:40.330,1.86725,1.86762,1.00,1.00
2016.04.22 16:13:40.481,1.86724,1.8676,1.00,1.00
2016.04.22 16:13:40.532,1.86722,1.8676,1.12,1.00
2016.04.22 16:13:40.920,1.86722,1.86758,1.00,1.00
2016.04.22 16:13:42.622,1.86722,1.86757,1.00,1.00
2016.04.22 16:13:43.127,1.86722,1.86758,1.00,1.00
2016.04.22 16:13:46.828,1.86718,1.86757,1.50,1.00
2016.04.22 16:13:46.980,1.86725,1.86762,1.00,3.00
2016.04.22 16:13:48.140,1.86725,1.86762,1.00,1.00
2016.04.22 16:13:48.191,1.86729,1.86767,1.00,1.50
2016.04.22 16:13:48.544,1.86726,1.86764,1.00,1.00
2016.04.22 16:13:49.099,1.86729,1.86767,1.00,1.50
2016.04.22 16:13:49.200,1.86725,1.86764,1.50,1.00
2016.04.22 16:13:51.294,1.8673,1.86766,1.00,1.00
2016.04.22 16:13:54.023,1.86731,1.86766,1.00,1.00
2016.04.22 16:13:54.395,1.86739,1.86776,1.00,1.00
2016.04.22 16:13:55.905,1.86739,1.86774,1.00,1.00
2016.04.22 16:13:56.056,1.86734,1.86771,1.12,1.87
2016.04.22 16:13:56.158,1.86731,1.86767,1.00,1.00
2016.04.22 16:13:56.662,1.86733,1.86771,1.00,1.37
2016.04.22 16:13:56.713,1.86735,1.86772,1.37,1.37
2016.04.22 16:13:56.764,1.86735,1.86772,1.75,1.00
2016.04.22 16:13:58.817,1.86737,1.86774,1.75,1.00
2016.04.22 16:13:59.569,1.86737,1.86775,1.75,1.00
2016.04.22 16:14:03.270,1.86741,1.86778,1.00,1.50
2016.04.22 16:14:03.706,1.86737,1.86775,1.00,1.00
2016.04.22 16:14:04.389,1.86737,1.86774,1.00,1.00
2016.04.22 16:14:05.200,1.86737,1.86775,1.00,1.00
2016.04.22 16:14:05.302,1.86741,1.86775,1.00,1.00
2016.04.22 16:14:05.354,1.86741,1.86781,3.00,1.00
2016.04.22 16:14:05.910,1.86741,1.8678,1.50,1.50
2016.04.22 16:14:06.215,1.86737,1.86774,1.00,1.00
2016.04.22 16:14:07.400,1.86734,1.86771,1.12,1.00
2016.04.22 16:14:10.942,1.86734,1.86771,1.00,1.50
2016.04.22 16:14:10.993,1.8673,1.86767,1.00,1.00
2016.04.22 16:14:11.728,1.86732,1.86767,1.12,1.00
2016.04.22 16:14:12.264,1.86733,1.86767,1.50,1.00
2016.04.22 16:14:12.841,1.86733,1.86773,2.25,1.50
2016.04.22 16:14:14.052,1.86733,1.86769,1.50,1.00
2016.04.22 16:14:19.384,1.86734,1.86769,1.00,1.00
2016.04.22 16:14:19.586,1.86732,1.86769,1.00,1.00
2016.04.22 16:14:20.105,1.86733,1.86769,1.00,1.00
2016.04.22 16:14:27.255,1.86732,1.86769,1.37,1.00
2016.04.22 16:14:27.306,1.86736,1.86769,1.00,1.00
2016.04.22 16:14:27.357,1.86736,1.86772,1.00,1.00
2016.04.22 16:14:27.862,1.86735,1.86772,1.87,1.00
2016.04.22 16:14:28.208,1.86735,1.8677,1.12,1.00
2016.04.22 16:14:28.925,1.86732,1.8677,1.00,1.00
2016.04.22 16:14:30.816,1.86733,1.8677,1.00,1.00
2016.04.22 16:14:32.209,1.86732,1.8677,1.12,1.00
2016.04.22 16:14:32.573,1.86741,1.86772,1.00,1.50
2016.04.22 16:14:32.826,1.86737,1.86772,1.37,1.00
2016.04.22 16:14:32.979,1.86738,1.86775,1.12,1.00
2016.04.22 16:14:34.377,1.86742,1.86776,1.12,1.00
2016.04.22 16:14:34.653,1.86742,1.86779,1.00,1.00
2016.04.22 16:14:35.107,1.86742,1.86775,1.00,1.12
2016.04.22 16:14:35.159,1.8673,1.86768,2.25,1.00
2016.04.22 16:14:35.663,1.8673,1.86768,1.87,1.00
2016.04.22 16:14:36.886,1.86731,1.86768,1.12,1.00
2016.04.22 16:14:37.057,1.86739,1.86774,1.00,1.00
2016.04.22 16:14:37.108,1.86739,1.86777,1.00,1.00
2016.04.22 16:14:37.838,1.86739,1.86776,1.00,1.00
2016.04.22 16:14:37.888,1.86735,1.86771,1.00,1.00
2016.04.22 16:14:38.202,1.8673,1.86766,1.00,1.00
2016.04.22 16:14:38.547,1.86737,1.86766,1.00,1.00
2016.04.22 16:14:38.598,1.86737,1.8677,1.00,1.00
2016.04.22 16:14:38.649,1.86737,1.86774,1.00,1.00
2016.04.22 16:14:38.817,1.86739,1.86774,1.00,1.00
2016.04.22 16:14:38.969,1.86736,1.86774,1.50,1.00
2016.04.22 16:14:39.324,1.86738,1.86774,1.00,1.00
2016.04.22 16:14:39.829,1.86738,1.86774,1.37,1.00
2016.04.22 16:14:40.347,1.86738,1.86774,1.00,1.00
2016.04.22 16:14:40.519,1.86739,1.86778,1.00,1.00
2016.04.22 16:14:41.356,1.86738,1.86774,1.00,1.00
2016.04.22 16:14:41.714,1.8674,1.86774,1.00,1.00
2016.04.22 16:14:41.998,1.86737,1.86774,1.00,1.00
2016.04.22 16:14:42.631,1.86739,1.86777,1.00,1.00
2016.04.22 16:14:43.419,1.86737,1.86773,1.00,1.00
2016.04.22 16:14:44.082,1.86737,1.86769,1.00,1.00
2016.04.22 16:14:44.133,1.86735,1.86769,1.00,1.00
2016.04.22 16:14:44.335,1.86732,1.86769,1.00,1.50
2016.04.22 16:14:45.407,1.8673,1.86767,1.00,1.00
2016.04.22 16:14:45.957,1.86729,1.86767,1.00,1.00
2016.04.22 16:14:46.483,1.86728,1.86765,1.50,1.12
2016.04.22 16:14:46.810,1.86727,1.86761,1.00,1.00
2016.04.22 16:14:47.315,1.86727,1.8676,1.37,1.00
2016.04.22 16:14:48.411,1.86727,1.86762,1.37,1.00
2016.04.22 16:14:48.613,1.86726,1.86762,1.12,1.00
2016.04.22 16:14:48.779,1.86726,1.86762,1.37,1.00
2016.04.22 16:14:49.082,1.86737,1.86765,1.00,1.00
2016.04.22 16:14:49.133,1.86737,1.86769,1.37,1.00
2016.04.22 16:14:49.185,1.86741,1.86769,1.00,1.00
2016.04.22 16:14:49.286,1.86739,1.86774,1.00,3.00
2016.04.22 16:14:49.489,1.86741,1.86777,1.00,1.00
2016.04.22 16:14:49.540,1.86741,1.86775,1.00,1.00
2016.04.22 16:14:49.741,1.86735,1.86773,1.12,1.00
2016.04.22 16:14:50.921,1.86735,1.86772,1.00,1.00
2016.04.22 16:14:52.122,1.86735,1.86773,1.00,1.00
2016.04.22 16:14:52.224,1.86732,1.86771,1.37,1.00
2016.04.22 16:14:52.613,1.86741,1.86776,1.00,1.00
2016.04.22 16:14:53.026,1.86743,1.86776,1.00,1.00
2016.04.22 16:14:53.329,1.86747,1.86779,1.00,1.00
2016.04.22 16:14:53.544,1.86738,1.86773,1.87,1.00
2016.04.22 16:14:53.595,1.86738,1.86776,1.87,1.00
2016.04.22 16:14:54.322,1.86738,1.86776,1.50,1.50
2016.04.22 16:14:54.474,1.86741,1.86776,1.00,1.00
2016.04.22 16:14:54.626,1.86742,1.86779,1.00,1.00
2016.04.22 16:14:54.829,1.86739,1.86777,1.00,1.00
2016.04.22 16:14:55.334,1.86739,1.86777,1.00,1.50
2016.04.22 16:14:55.838,1.86739,1.86777,1.00,1.00
2016.04.22 16:14:56.373,1.8674,1.86777,1.00,1.00
2016.04.22 16:14:56.736,1.86741,1.8678,1.00,1.00
2016.04.22 16:14:56.839,1.86741,1.86779,1.37,1.00
2016.04.22 16:14:56.940,1.86741,1.86779,1.00,1.00
2016.04.22 16:14:57.142,1.8674,1.86776,1.00,1.00
2016.04.22 16:14:57.542,1.86738,1.86776,3.00,1.00
2016.04.22 16:14:59.292,1.86738,1.86776,1.12,1.87
2016.04.22 16:14:59.343,1.86733,1.86772,1.37,1.00
2016.04.22 16:14:59.399,1.86733,1.86772,1.00,1.00
2016.04.22 16:14:59.819,1.86733,1.86772,1.00,1.37
2016.04.22 16:14:59.870,1.86728,1.86766,1.00,1.50
2016.04.22 16:14:59.921,1.86725,1.86763,1.00,1.00
2016.04.22 16:14:59.972,1.86725,1.86761,1.00,1.00
2016.04.22 16:15:00.476,1.86725,1.86762,1.00,1.00
2016.04.22 16:15:01.016,1.86725,1.86761,1.00,1.00
2016.04.22 16:15:01.598,1.86725,1.86762,1.00,1.00
2016.04.22 16:15:02.189,1.86725,1.86763,1.00,1.00
2016.04.22 16:15:02.493,1.86725,1.86757,1.00,1.00
2016.04.22 16:15:02.594,1.8672,1.86757,1.37,1.00
2016.04.22 16:15:02.696,1.86722,1.86757,1.37,1.00
2016.04.22 16:15:03.047,1.86759,1.86779,1.00,1.00
2016.04.22 16:15:03.349,1.86765,1.86786,1.00,1.00
2016.04.22 16:15:03.451,1.86763,1.86786,1.00,1.00
2016.04.22 16:15:03.553,1.86763,1.86793,1.00,1.00
2016.04.22 16:15:03.759,1.86763,1.86789,1.00,1.00
2016.04.22 16:15:03.811,1.86764,1.86792,1.00,1.00
2016.04.22 16:15:04.513,1.86763,1.86793,1.37,1.00
2016.04.22 16:15:04.818,1.86761,1.86798,1.37,1.00
2016.04.22 16:15:05.368,1.86761,1.86798,1.37,1.00
2016.04.22 16:15:05.469,1.86761,1.868,1.37,1.12
2016.04.22 16:15:05.571,1.86764,1.86799,1.00,1.00
2016.04.22 16:15:05.621,1.86765,1.86801,1.12,1.00
2016.04.22 16:15:05.791,1.86764,1.86803,3.00,1.00
2016.04.22 16:15:06.947,1.86764,1.86802,2.25,1.00
2016.04.22 16:15:06.998,1.86764,1.86804,2.25,2.25
2016.04.22 16:15:07.784,1.86764,1.86802,2.25,1.00
2016.04.22 16:15:08.095,1.86751,1.86786,2.17,1.00
2016.04.22 16:15:08.146,1.8675,1.86784,1.75,1.00
2016.04.22 16:15:08.247,1.86748,1.86784,1.37,1.50
2016.04.22 16:15:08.550,1.86745,1.8678,1.00,1.00
2016.04.22 16:15:08.752,1.8674,1.8678,2.25,1.00
2016.04.22 16:15:08.803,1.86752,1.86787,1.37,1.37
2016.04.22 16:15:08.854,1.86758,1.8679,1.00,1.00
2016.04.22 16:15:09.109,1.86752,1.8679,3.00,1.00
2016.04.22 16:15:09.311,1.86752,1.86788,3.00,1.00
2016.04.22 16:15:09.638,1.86752,1.8679,3.00,1.00
2016.04.22 16:15:09.890,1.8675,1.86784,1.37,1.00
2016.04.22 16:15:09.941,1.8675,1.86782,1.00,1.00
2016.04.22 16:15:09.992,1.86743,1.8678,1.50,1.00
2016.04.22 16:15:10.195,1.86743,1.8678,1.00,1.00
2016.04.22 16:15:10.246,1.86743,1.8678,1.12,1.00
2016.04.22 16:15:10.549,1.86749,1.8678,1.00,1.00
2016.04.22 16:15:10.600,1.86749,1.86784,1.00,1.50
2016.04.22 16:15:10.902,1.86749,1.86782,1.00,1.00
2016.04.22 16:15:11.840,1.86745,1.86782,1.00,1.00
2016.04.22 16:15:12.439,1.86745,1.86782,1.37,1.00
2016.04.22 16:15:12.843,1.86748,1.86782,1.00,1.00
2016.04.22 16:15:13.384,1.86746,1.86782,1.00,1.00
2016.04.22 16:15:13.487,1.86746,1.86779,1.00,1.00
2016.04.22 16:15:14.745,1.86746,1.86778,1.00,1.00
2016.04.22 16:15:14.796,1.86741,1.86778,1.00,1.00
2016.04.22 16:15:14.847,1.86737,1.86774,1.00,1.00
2016.04.22 16:15:15.252,1.86739,1.86772,1.00,1.00
2016.04.22 16:15:15.582,1.86754,1.86782,1.00,1.00
2016.04.22 16:15:15.633,1.86754,1.86786,1.00,1.00
2016.04.22 16:15:15.886,1.8675,1.86786,1.37,1.00
2016.04.22 16:15:15.987,1.8675,1.86782,1.37,1.00
2016.04.22 16:15:16.240,1.86748,1.86782,1.50,1.00
2016.04.22 16:15:16.996,1.86745,1.86782,1.87,1.00
2016.04.22 16:15:17.147,1.86745,1.86782,1.87,1.00
2016.04.22 16:15:19.893,1.86745,1.86773,1.00,1.00
2016.04.22 16:15:19.943,1.86742,1.86773,1.00,1.00
2016.04.22 16:15:19.994,1.8674,1.86776,1.37,1.00
2016.04.22 16:15:20.220,1.8675,1.86779,1.00,1.00
2016.04.22 16:15:20.322,1.86748,1.86779,1.00,1.00
2016.04.22 16:15:20.776,1.86748,1.86781,1.00,1.00
2016.04.22 16:15:22.393,1.86746,1.86781,1.00,1.00
2016.04.22 16:15:24.355,1.86745,1.86781,1.00,1.00
2016.04.22 16:15:25.248,1.86744,1.86781,1.00,1.00
2016.04.22 16:15:25.349,1.86744,1.86776,1.00,1.00
2016.04.22 16:15:25.602,1.86737,1.86776,1.87,1.00
2016.04.22 16:15:25.703,1.86737,1.86776,2.25,1.50
2016.04.22 16:15:25.754,1.86737,1.86772,1.50,1.00
2016.04.22 16:15:26.283,1.86736,1.86772,1.00,1.00
2016.04.22 16:15:26.919,1.86737,1.86772,1.00,1.00
2016.04.22 16:15:27.394,1.86737,1.86772,1.37,1.00
2016.04.22 16:15:27.445,1.86741,1.86779,1.12,2.25
2016.04.22 16:15:27.495,1.86743,1.86779,1.00,1.00
2016.04.22 16:15:27.596,1.86744,1.86783,1.00,1.00
2016.04.22 16:15:28.000,1.86744,1.86779,1.00,1.00
2016.04.22 16:15:28.051,1.86741,1.86779,1.50,2.25
2016.04.22 16:15:28.219,1.8674,1.86777,1.37,1.00
2016.04.22 16:15:28.270,1.86736,1.86774,1.00,1.50
2016.04.22 16:15:28.898,1.86736,1.86773,1.00,1.00
2016.04.22 16:15:29.800,1.86736,1.86774,1.00,1.00
2016.04.22 16:15:31.014,1.86736,1.86774,1.37,1.00
2016.04.22 16:15:31.216,1.86736,1.86774,1.37,1.50
2016.04.22 16:15:31.519,1.86742,1.86774,1.00,1.50
2016.04.22 16:15:31.822,1.86743,1.86778,1.46,1.00
2016.04.22 16:15:31.977,1.86746,1.86784,1.50,1.00
2016.04.22 16:15:32.079,1.8675,1.86787,1.00,1.50
2016.04.22 16:15:32.634,1.8675,1.86787,1.37,1.00
2016.04.22 16:15:33.169,1.8675,1.86787,1.00,1.00
2016.04.22 16:15:34.065,1.86748,1.86784,1.00,1.00
2016.04.22 16:15:34.419,1.86746,1.86775,1.00,1.00
2016.04.22 16:15:34.472,1.86741,1.86775,1.12,1.00
2016.04.22 16:15:34.523,1.86741,1.86779,1.50,1.00
2016.04.22 16:15:34.574,1.86737,1.86774,2.25,1.00
2016.04.22 16:15:34.910,1.86744,1.86783,1.37,1.00
2016.04.22 16:15:34.961,1.86748,1.86786,1.37,1.37
2016.04.22 16:15:35.012,1.86748,1.86786,1.37,1.00
2016.04.22 16:15:35.334,1.8675,1.86786,1.37,1.00
2016.04.22 16:15:35.435,1.86756,1.86791,1.12,1.00
2016.04.22 16:15:35.536,1.86756,1.86793,1.12,1.00
2016.04.22 16:15:36.578,1.86756,1.86789,1.00,1.00
2016.04.22 16:15:36.881,1.86756,1.86793,1.00,1.12
2016.04.22 16:15:37.552,1.86754,1.86793,1.00,1.12
2016.04.22 16:15:37.758,1.86754,1.86793,1.37,1.12
2016.04.22 16:15:37.860,1.86757,1.86797,1.50,1.00
2016.04.22 16:15:37.961,1.86761,1.868,1.12,1.87
2016.04.22 16:15:40.204,1.86762,1.86796,1.00,1.00
2016.04.22 16:15:40.456,1.86758,1.86796,1.00,1.00
2016.04.22 16:15:40.739,1.8676,1.86796,1.00,1.00
2016.04.22 16:15:43.064,1.86761,1.86796,1.00,1.00
2016.04.22 16:15:43.855,1.86757,1.86792,1.12,1.00
2016.04.22 16:15:43.956,1.86754,1.86792,1.00,1.00
2016.04.22 16:15:44.058,1.86751,1.86788,1.50,1.00
2016.04.22 16:15:44.416,1.86754,1.86788,1.00,1.00
2016.04.22 16:15:44.683,1.86757,1.86794,1.00,1.12
2016.04.22 16:15:44.734,1.86761,1.86794,1.12,1.00
2016.04.22 16:15:45.251,1.8676,1.86793,1.12,1.00
2016.04.22 16:15:45.402,1.86751,1.86788,1.50,1.00
2016.04.22 16:15:48.012,1.86754,1.86788,1.37,1.00
2016.04.22 16:15:48.772,1.86754,1.86788,1.12,1.00
2016.04.22 16:15:50.716,1.86751,1.86788,1.87,1.00
2016.04.22 16:15:51.617,1.86751,1.86788,2.25,1.00
2016.04.22 16:15:51.921,1.86756,1.86794,1.00,1.87
2016.04.22 16:15:52.287,1.86756,1.86789,1.00,1.00
2016.04.22 16:15:52.429,1.86751,1.86789,1.50,1.00
2016.04.22 16:15:52.933,1.86751,1.86789,1.12,1.00
2016.04.22 16:15:53.438,1.8675,1.8679,2.25,1.50
2016.04.22 16:15:53.489,1.8675,1.8679,2.62,1.50
2016.04.22 16:15:53.807,1.86759,1.8679,1.00,1.00
2016.04.22 16:15:53.858,1.86753,1.8679,1.37,1.00
2016.04.22 16:15:53.909,1.86753,1.8679,1.00,1.00
2016.04.22 16:15:54.161,1.8675,1.8679,3.00,1.00
2016.04.22 16:15:55.009,1.8675,1.86789,2.25,1.00
2016.04.22 16:15:55.369,1.86754,1.86789,1.00,1.12
2016.04.22 16:15:55.622,1.8675,1.8679,1.00,1.50
2016.04.22 16:15:56.231,1.8675,1.8679,1.37,1.50
2016.04.22 16:15:56.781,1.86752,1.8679,1.12,1.00
2016.04.22 16:15:57.084,1.86748,1.86786,1.75,1.00
2016.04.22 16:15:57.236,1.86744,1.86783,1.12,1.00
2016.04.22 16:15:57.683,1.86748,1.86783,1.00,1.00
2016.04.22 16:15:57.861,1.86748,1.86786,1.37,1.00
2016.04.22 16:15:58.214,1.86748,1.86786,1.37,1.00
2016.04.22 16:15:58.517,1.86757,1.86789,1.00,1.12
2016.04.22 16:15:58.618,1.86757,1.86792,1.00,1.00
2016.04.22 16:15:59.127,1.86756,1.86792,1.00,1.00
2016.04.22 16:15:59.639,1.86757,1.86792,1.00,1.00
2016.04.22 16:16:00.093,1.86758,1.86796,1.00,1.00
2016.04.22 16:16:00.245,1.86761,1.86796,1.00,1.00
2016.04.22 16:16:00.447,1.86763,1.86801,1.87,1.00
2016.04.22 16:16:00.650,1.86767,1.86801,1.00,1.00
2016.04.22 16:16:01.025,1.86767,1.86805,1.00,1.00
2016.04.22 16:16:01.396,1.86766,1.86803,2.25,1.00
2016.04.22 16:16:01.447,1.8677,1.86808,1.00,1.12
2016.04.22 16:16:01.549,1.86774,1.86808,1.00,1.12
2016.04.22 16:16:02.225,1.86768,1.86808,1.87,1.12
2016.04.22 16:16:02.326,1.86774,1.86808,1.00,1.12
2016.04.22 16:16:02.851,1.86775,1.86808,1.12,1.12
2016.04.22 16:16:04.105,1.86779,1.86808,1.00,1.12
2016.04.22 16:16:04.950,1.86781,1.86816,1.12,1.12
2016.04.22 16:16:05.051,1.86783,1.86817,1.00,1.37
2016.04.22 16:16:05.572,1.86782,1.86817,1.00,1.37
2016.04.22 16:16:05.623,1.86779,1.86817,1.00,1.37
2016.04.22 16:16:06.222,1.86779,1.86817,1.12,1.50
2016.04.22 16:16:06.389,1.86782,1.86817,1.00,1.00
2016.04.22 16:16:06.743,1.86779,1.86817,1.37,1.00
2016.04.22 16:16:07.274,1.86779,1.86817,1.37,1.50
2016.04.22 16:16:07.782,1.86782,1.86817,1.00,1.00
2016.04.22 16:16:07.934,1.86785,1.86817,1.00,1.00
2016.04.22 16:16:08.804,1.86782,1.86817,1.12,1.00
2016.04.22 16:16:08.955,1.86783,1.86819,1.12,1.00
2016.04.22 16:16:09.057,1.86783,1.86817,1.00,1.00
2016.04.22 16:16:09.259,1.86767,1.86804,1.00,1.00
2016.04.22 16:16:09.461,1.86771,1.86803,1.00,1.00
2016.04.22 16:16:09.669,1.86771,1.86805,1.00,1.50
2016.04.22 16:16:09.720,1.86771,1.86808,2.25,1.00
2016.04.22 16:16:09.872,1.86771,1.86808,1.37,1.00
2016.04.22 16:16:10.227,1.86771,1.86808,2.25,1.00
2016.04.22 16:16:10.277,1.86771,1.86808,2.25,1.00
2016.04.22 16:16:10.715,1.86775,1.86813,1.50,1.00
2016.04.22 16:16:10.816,1.86778,1.86813,1.00,1.00
2016.04.22 16:16:10.917,1.86775,1.86813,2.62,1.00
2016.04.22 16:16:10.968,1.86775,1.86813,1.37,1.00
2016.04.22 16:16:11.070,1.86777,1.86817,1.37,1.00
2016.04.22 16:16:11.225,1.86782,1.86817,1.00,1.00
2016.04.22 16:16:12.021,1.86786,1.86819,1.00,1.00
2016.04.22 16:16:12.246,1.86782,1.86819,1.50,1.00
2016.04.22 16:16:12.297,1.86782,1.86815,1.00,1.00
2016.04.22 16:16:12.348,1.86776,1.86815,1.37,1.00
2016.04.22 16:16:12.399,1.86772,1.86811,1.87,1.00
2016.04.22 16:16:12.906,1.86772,1.86811,1.00,1.00
2016.04.22 16:16:13.602,1.86769,1.86806,1.37,1.00
2016.04.22 16:16:13.653,1.86769,1.86806,1.00,1.00
2016.04.22 16:16:14.342,1.86766,1.86802,1.37,1.00
2016.04.22 16:16:14.552,1.86765,1.86802,1.12,1.00
2016.04.22 16:16:14.805,1.86768,1.86802,1.00,1.00
2016.04.22 16:16:14.856,1.86768,1.86808,2.25,1.12
2016.04.22 16:16:15.651,1.86771,1.86808,1.50,1.00
2016.04.22 16:16:15.802,1.86773,1.8681,1.00,1.00
2016.04.22 16:16:15.954,1.86775,1.8681,1.00,1.00
2016.04.22 16:16:16.159,1.86773,1.8681,1.00,1.00
2016.04.22 16:16:16.639,1.86777,1.86813,1.12,1.00
2016.04.22 16:16:16.747,1.86777,1.86815,1.00,1.00
2016.04.22 16:16:17.109,1.86777,1.86813,1.00,1.00
2016.04.22 16:16:17.722,1.86772,1.8681,1.87,1.00
2016.04.22 16:16:17.824,1.86768,1.86807,1.37,1.00
2016.04.22 16:16:17.874,1.86768,1.86807,1.00,1.00
2016.04.22 16:16:17.976,1.86763,1.86803,1.75,1.00
2016.04.22 16:16:18.077,1.86763,1.86803,1.00,1.12
2016.04.22 16:16:18.506,1.86764,1.86801,1.00,1.00
2016.04.22 16:16:18.879,1.86764,1.86803,1.87,1.00
2016.04.22 16:16:19.567,1.86764,1.86803,1.87,1.00
2016.04.22 16:16:19.618,1.8677,1.86805,1.12,1.00
2016.04.22 16:16:20.165,1.86771,1.86806,1.50,1.00
2016.04.22 16:16:20.618,1.86772,1.86809,1.50,1.50
2016.04.22 16:16:20.669,1.86772,1.86806,1.00,1.00
2016.04.22 16:16:20.821,1.86765,1.86802,1.12,1.00
2016.04.22 16:16:21.547,1.86766,1.86802,1.00,1.00
2016.04.22 16:16:23.657,1.86765,1.86802,1.12,1.00
2016.04.22 16:16:24.070,1.86764,1.868,1.00,1.00
2016.04.22 16:16:24.400,1.86758,1.86794,1.00,1.12
2016.04.22 16:16:24.727,1.86754,1.86794,2.62,1.87
2016.04.22 16:16:25.980,1.86754,1.86794,1.50,1.12
2016.04.22 16:16:26.330,1.86754,1.8679,1.00,1.00
2016.04.22 16:16:26.533,1.86756,1.86794,1.50,1.12
2016.04.22 16:16:27.036,1.86757,1.86794,1.00,1.12
2016.04.22 16:16:29.091,1.86759,1.86794,1.00,1.00
2016.04.22 16:16:29.192,1.8676,1.86797,1.00,1.00
2016.04.22 16:16:29.526,1.86761,1.86793,1.00,1.00
2016.04.22 16:16:29.627,1.86759,1.86794,1.00,1.75
2016.04.22 16:16:29.678,1.86759,1.86794,1.00,1.00
2016.04.22 16:16:29.987,1.86759,1.86797,1.00,1.50
2016.04.22 16:16:30.124,1.86755,1.86793,1.50,1.00
2016.04.22 16:16:30.427,1.86756,1.86794,1.37,1.00
2016.04.22 16:16:30.943,1.86755,1.86794,1.00,1.00
2016.04.22 16:16:31.318,1.86758,1.86794,1.00,1.00
2016.04.22 16:16:31.371,1.86755,1.86794,1.00,1.00
2016.04.22 16:16:31.796,1.86757,1.86794,1.12,1.00
2016.04.22 16:16:35.452,1.86759,1.86794,1.00,1.50
2016.04.22 16:16:36.338,1.86756,1.86793,1.12,1.00
2016.04.22 16:16:37.508,1.86755,1.86793,1.00,1.00
2016.04.22 16:16:37.734,1.86753,1.8679,1.87,1.00
2016.04.22 16:16:38.309,1.86755,1.8679,1.37,1.00
2016.04.22 16:16:39.136,1.86755,1.86793,1.87,1.00
2016.04.22 16:16:39.287,1.86759,1.86793,1.00,1.00
2016.04.22 16:16:40.916,1.86759,1.86794,1.00,1.50
2016.04.22 16:16:41.340,1.86759,1.86794,1.37,1.00
2016.04.22 16:16:41.442,1.8676,1.86798,1.37,1.00
2016.04.22 16:16:41.645,1.8676,1.86798,1.50,1.00
2016.04.22 16:16:42.901,1.86757,1.86794,1.00,1.00
2016.04.22 16:16:43.171,1.86759,1.86799,1.00,1.87
2016.04.22 16:16:45.103,1.86759,1.86799,1.00,2.25
2016.04.22 16:16:45.359,1.86755,1.86793,1.00,1.00
2016.04.22 16:16:45.878,1.86754,1.86793,1.00,1.00
2016.04.22 16:16:46.362,1.86751,1.86788,1.00,1.00
2016.04.22 16:16:49.496,1.86754,1.86788,1.00,1.00
2016.04.22 16:16:52.119,1.86754,1.86783,1.00,1.75
2016.04.22 16:16:52.170,1.86745,1.86782,2.25,1.12
2016.04.22 16:16:52.220,1.86745,1.86773,1.00,1.00
2016.04.22 16:16:52.322,1.86739,1.86772,1.00,1.50
2016.04.22 16:16:52.567,1.86733,1.86772,1.00,2.25
2016.04.22 16:16:55.962,1.86737,1.86772,1.37,1.50
2016.04.22 16:16:56.164,1.86742,1.86777,1.00,1.00
2016.04.22 16:16:58.491,1.86742,1.86778,1.00,1.00
2016.04.22 16:16:59.068,1.86742,1.86777,1.00,1.00
2016.04.22 16:16:59.769,1.86742,1.86778,1.00,1.50
2016.04.22 16:17:03.577,1.86737,1.86774,1.87,1.00
2016.04.22 16:17:03.930,1.86737,1.86772,1.00,1.00
2016.04.22 16:17:04.133,1.86734,1.8677,1.00,1.00
2016.04.22 16:17:04.184,1.86734,1.86764,1.00,1.50
2016.04.22 16:17:04.235,1.86726,1.86764,1.37,1.50
2016.04.22 16:17:04.286,1.86726,1.86764,1.00,1.00
2016.04.22 16:17:04.680,1.86722,1.8676,1.87,1.00
2016.04.22 16:17:05.335,1.86724,1.8676,1.37,1.00
2016.04.22 16:17:05.759,1.86732,1.86768,1.00,1.75
2016.04.22 16:17:05.912,1.86739,1.86776,1.87,1.00
2016.04.22 16:17:06.013,1.86744,1.86781,1.00,1.00
2016.04.22 16:17:06.114,1.86749,1.86784,1.00,1.00
2016.04.22 16:17:07.401,1.86744,1.86783,1.00,1.00
2016.04.22 16:17:08.518,1.86744,1.86779,1.00,1.50
2016.04.22 16:17:08.793,1.8674,1.86779,1.00,3.75
2016.04.22 16:17:08.844,1.8674,1.86775,1.00,1.00
2016.04.22 16:17:08.995,1.86737,1.86774,1.00,1.00
2016.04.22 16:17:09.536,1.86737,1.86773,1.00,1.00
2016.04.22 16:17:09.841,1.86737,1.8677,1.00,1.00
2016.04.22 16:17:09.891,1.86733,1.8677,1.12,1.00
2016.04.22 16:17:10.402,1.86733,1.86771,1.12,1.50
2016.04.22 16:17:11.501,1.86729,1.86768,1.00,1.00
2016.04.22 16:17:11.653,1.86734,1.86771,1.00,1.00
2016.04.22 16:17:12.260,1.86737,1.86775,1.00,1.00
2016.04.22 16:17:13.139,1.86738,1.86775,1.00,1.00
2016.04.22 16:17:14.210,1.8674,1.86779,1.00,1.50
2016.04.22 16:17:14.761,1.8674,1.86778,1.00,1.00
2016.04.22 16:17:16.041,1.8674,1.86779,1.00,1.50
2016.04.22 16:17:16.768,1.8674,1.86777,1.00,1.00
2016.04.22 16:17:16.818,1.86738,1.86776,1.00,1.00
2016.04.22 16:17:17.222,1.86743,1.86777,1.00,1.00
2016.04.22 16:17:17.389,1.86743,1.86779,1.50,1.00
2016.04.22 16:17:17.894,1.86743,1.8678,1.50,1.00
2016.04.22 16:17:19.468,1.86746,1.86784,1.00,1.00
2016.04.22 16:17:19.995,1.86746,1.86783,1.00,1.00
2016.04.22 16:17:21.101,1.86746,1.86785,1.00,1.12
2016.04.22 16:17:25.363,1.86749,1.86785,1.00,1.12
2016.04.22 16:17:25.464,1.86746,1.86785,1.00,1.12
2016.04.22 16:17:25.838,1.86742,1.86779,1.37,1.00
2016.04.22 16:17:26.967,1.86742,1.86779,1.50,1.00
2016.04.22 16:17:27.018,1.86746,1.86784,1.00,1.00
2016.04.22 16:17:27.069,1.86746,1.8678,1.00,1.00
2016.04.22 16:17:27.331,1.86746,1.86784,1.00,1.00
2016.04.22 16:17:27.669,1.86742,1.86782,1.87,1.00
2016.04.22 16:17:28.570,1.86745,1.86785,1.00,1.87
2016.04.22 16:17:29.078,1.86745,1.86785,1.87,1.87
2016.04.22 16:17:29.230,1.86751,1.86789,1.00,1.00
2016.04.22 16:17:29.599,1.86755,1.8679,1.34,1.00
2016.04.22 16:17:29.851,1.86773,1.86805,1.00,1.00
2016.04.22 16:17:29.902,1.86773,1.86808,1.37,1.00
2016.04.22 16:17:29.953,1.86773,1.86811,1.37,1.00
2016.04.22 16:17:30.004,1.86774,1.86811,1.37,1.50
2016.04.22 16:17:30.105,1.86774,1.86811,1.12,1.00
2016.04.22 16:17:33.384,1.8677,1.86808,1.00,1.00
2016.04.22 16:17:35.735,1.86769,1.86808,2.62,1.00
2016.04.22 16:17:37.320,1.8677,1.86808,1.00,1.50
2016.04.22 16:17:37.882,1.86769,1.86808,2.62,1.50
2016.04.22 16:17:38.270,1.86769,1.86805,1.12,1.00
2016.04.22 16:17:38.371,1.86769,1.86807,1.12,1.00
2016.04.22 16:17:38.906,1.86769,1.86807,1.50,1.00
2016.04.22 16:17:39.230,1.86777,1.86815,2.62,1.12
2016.04.22 16:17:39.533,1.86779,1.86811,1.00,1.00
2016.04.22 16:17:39.583,1.86777,1.86811,1.50,1.00
2016.04.22 16:17:39.751,1.86777,1.86814,2.25,1.00
2016.04.22 16:17:40.379,1.86777,1.86815,2.25,1.12
2016.04.22 16:17:44.013,1.86777,1.86812,1.00,1.00
2016.04.22 16:17:44.165,1.86772,1.86808,1.00,1.12
2016.04.22 16:17:44.267,1.8677,1.86808,1.00,1.12
2016.04.22 16:17:44.469,1.86773,1.86811,1.00,1.75
2016.04.22 16:17:44.712,1.8677,1.86807,1.00,1.00
2016.04.22 16:17:46.270,1.86768,1.86803,1.00,1.00
2016.04.22 16:17:46.573,1.86771,1.86803,1.00,1.00
2016.04.22 16:17:46.757,1.86767,1.86803,1.00,1.00
2016.04.22 16:17:47.262,1.86766,1.86803,1.00,1.00
2016.04.22 16:17:47.897,1.86765,1.868,1.00,1.00
2016.04.22 16:17:48.548,1.86762,1.868,1.50,1.00
2016.04.22 16:17:48.867,1.86765,1.868,1.37,1.00
2016.04.22 16:17:48.918,1.86766,1.86804,1.00,1.37
2016.04.22 16:17:49.072,1.86762,1.86799,1.75,1.00
2016.04.22 16:17:49.173,1.86758,1.86796,1.50,1.00
2016.04.22 16:17:49.224,1.86758,1.86796,1.12,1.12
2016.04.22 16:17:49.275,1.86756,1.86793,1.00,1.50
2016.04.22 16:17:49.326,1.86754,1.86793,1.00,1.50
2016.04.22 16:17:49.377,1.8675,1.8679,2.25,1.50
2016.04.22 16:17:49.579,1.86752,1.8679,1.00,1.00
2016.04.22 16:17:50.148,1.86754,1.8679,1.37,1.00
2016.04.22 16:17:50.300,1.86763,1.86798,1.87,1.37
2016.04.22 16:17:50.351,1.86763,1.86798,2.25,1.00
2016.04.22 16:17:50.402,1.86763,1.86801,3.00,1.00
2016.04.22 16:17:51.068,1.86769,1.86801,1.00,1.00
2016.04.22 16:17:51.118,1.86769,1.86804,1.00,1.00
2016.04.22 16:17:51.169,1.86767,1.86804,1.00,1.00
2016.04.22 16:17:51.423,1.86763,1.86802,1.50,1.00
2016.04.22 16:17:51.474,1.86777,1.86802,1.00,1.00
2016.04.22 16:17:51.526,1.86781,1.8681,1.00,1.37
2016.04.22 16:17:51.577,1.86803,1.8681,1.00,1.00
2016.04.22 16:17:51.628,1.86803,1.86822,1.00,1.87
2016.04.22 16:17:51.679,1.868,1.86822,1.00,1.00
2016.04.22 16:17:51.730,1.86802,1.86822,1.00,1.00
2016.04.22 16:17:51.916,1.86804,1.86826,2.25,1.00
2016.04.22 16:17:51.967,1.868,1.86834,1.00,1.00
2016.04.22 16:17:52.169,1.86796,1.86832,1.37,1.00
2016.04.22 16:17:52.221,1.86797,1.86834,1.12,1.00
2016.04.22 16:17:52.322,1.86795,1.86827,1.50,1.00
2016.04.22 16:17:52.423,1.86791,1.86827,1.12,1.00
2016.04.22 16:17:52.525,1.86789,1.86827,1.00,1.50
2016.04.22 16:17:54.060,1.8679,1.86827,1.00,1.00
2016.04.22 16:17:54.890,1.86785,1.86823,2.62,1.00
2016.04.22 16:17:55.093,1.86785,1.86823,1.50,1.00
2016.04.22 16:17:55.406,1.86785,1.86819,1.87,1.00
2016.04.22 16:17:55.709,1.86781,1.86819,1.00,1.00
2016.04.22 16:17:55.911,1.86781,1.86816,1.00,1.00
2016.04.22 16:17:56.113,1.86777,1.86816,1.00,1.00
2016.04.22 16:17:56.214,1.86777,1.86811,1.12,1.12
2016.04.22 16:17:56.371,1.86774,1.86812,1.12,1.87
2016.04.22 16:17:56.828,1.86768,1.86805,1.87,1.00
2016.04.22 16:17:59.528,1.86764,1.86802,2.25,1.00
2016.04.22 16:17:59.579,1.86764,1.86802,1.87,1.00
2016.04.22 16:18:00.083,1.86764,1.86801,1.50,1.00
2016.04.22 16:18:00.239,1.86764,1.86798,1.00,1.00
2016.04.22 16:18:00.541,1.86761,1.86798,1.12,3.37
2016.04.22 16:18:00.592,1.8676,1.86788,1.00,1.00
2016.04.22 16:18:00.643,1.86752,1.86788,1.47,1.00
2016.04.22 16:18:00.693,1.86752,1.86784,1.10,1.00
2016.04.22 16:18:00.795,1.86746,1.86784,1.37,1.00
2016.04.22 16:18:01.754,1.86748,1.86784,1.37,1.00
2016.04.22 16:18:01.956,1.8675,1.86787,1.37,1.00
2016.04.22 16:18:02.460,1.86751,1.86788,1.00,1.00
2016.04.22 16:18:03.021,1.8675,1.86787,1.00,1.12
2016.04.22 16:18:03.079,1.86747,1.86784,1.37,1.00
2016.04.22 16:18:03.589,1.86749,1.86784,1.00,1.00
2016.04.22 16:18:03.894,1.86749,1.86788,2.25,1.00
2016.04.22 16:18:04.401,1.86757,1.86788,1.12,1.50
2016.04.22 16:18:04.502,1.8675,1.86788,1.00,1.00
2016.04.22 16:18:05.006,1.86751,1.86788,1.12,1.00
2016.04.22 16:18:05.158,1.86755,1.86788,1.00,1.00
2016.04.22 16:18:05.474,1.86759,1.86795,1.00,1.00
2016.04.22 16:18:05.525,1.86767,1.868,1.37,1.12
2016.04.22 16:18:05.626,1.8677,1.86803,1.00,1.00
2016.04.22 16:18:05.728,1.8677,1.86806,1.00,1.00
2016.04.22 16:18:05.930,1.86768,1.86807,1.00,1.00
2016.04.22 16:18:06.912,1.86768,1.86806,1.00,1.50
2016.04.22 16:18:07.528,1.86768,1.86805,1.00,1.50
2016.04.22 16:18:07.630,1.86764,1.86803,1.00,1.00
2016.04.22 16:18:07.731,1.86764,1.868,1.00,1.00
2016.04.22 16:18:07.883,1.8676,1.86798,1.00,1.00
2016.04.22 16:18:09.837,1.8676,1.86798,1.37,1.00
2016.04.22 16:18:10.159,1.86766,1.868,1.00,1.00
2016.04.22 16:18:10.210,1.86764,1.868,1.12,1.00
2016.04.22 16:18:10.413,1.8676,1.86798,1.00,1.00
2016.04.22 16:18:10.514,1.86757,1.86792,1.50,1.00
2016.04.22 16:18:10.565,1.86755,1.86792,1.00,1.00
2016.04.22 16:18:11.093,1.86754,1.86792,1.00,1.00
2016.04.22 16:18:13.177,1.86754,1.86789,1.00,1.00
2016.04.22 16:18:13.296,1.86749,1.86789,1.00,1.50
2016.04.22 16:18:18.137,1.86749,1.86785,1.00,1.00
2016.04.22 16:18:18.791,1.86754,1.86785,1.12,1.00
2016.04.22 16:18:18.943,1.86754,1.86788,1.00,1.00
2016.04.22 16:18:19.347,1.86751,1.86788,1.12,1.00
2016.04.22 16:18:19.480,1.8675,1.86783,1.00,1.00
2016.04.22 16:18:19.791,1.8675,1.86775,1.00,1.12
2016.04.22 16:18:19.892,1.86745,1.86775,1.00,1.12
2016.04.22 16:18:20.671,1.86742,1.86776,1.00,1.37
2016.04.22 16:18:21.714,1.86742,1.8678,1.87,1.37
2016.04.22 16:18:21.764,1.86746,1.86782,1.50,1.00
2016.04.22 16:18:21.935,1.86752,1.86789,1.00,1.37
2016.04.22 16:18:21.986,1.86752,1.86789,1.00,1.00
2016.04.22 16:18:23.781,1.86752,1.86789,1.00,1.87
2016.04.22 16:18:23.933,1.86747,1.86785,1.00,1.00
2016.04.22 16:18:24.483,1.86746,1.86784,1.00,1.50
2016.04.22 16:18:24.809,1.86742,1.86782,1.50,1.00
2016.04.22 16:18:27.769,1.86742,1.86778,1.12,1.00
2016.04.22 16:18:28.072,1.8674,1.86776,1.00,1.00
2016.04.22 16:18:28.766,1.86734,1.86772,1.12,1.00
2016.04.22 16:18:29.760,1.86733,1.86769,1.37,1.00
2016.04.22 16:18:30.377,1.86736,1.86774,1.00,1.00
2016.04.22 16:18:30.882,1.86736,1.86775,1.12,1.00
2016.04.22 16:18:32.084,1.86736,1.86769,1.00,1.00
2016.04.22 16:18:32.185,1.86736,1.86775,1.00,1.87
2016.04.22 16:18:32.594,1.8673,1.86769,1.50,1.00
2016.04.22 16:18:32.696,1.8673,1.8677,1.00,2.25
2016.04.22 16:18:32.798,1.86727,1.86765,1.50,1.75
2016.04.22 16:18:33.287,1.86727,1.86765,1.00,1.00
2016.04.22 16:18:33.438,1.86732,1.86769,1.00,1.50
2016.04.22 16:18:33.542,1.86734,1.86774,1.00,1.00
2016.04.22 16:18:34.249,1.86734,1.86773,1.00,1.00
2016.04.22 16:18:34.794,1.86734,1.86774,1.00,1.50
2016.04.22 16:18:35.491,1.86735,1.86774,1.00,1.50
2016.04.22 16:18:36.117,1.86734,1.86774,1.00,1.50
2016.04.22 16:18:37.026,1.86731,1.8677,1.50,1.00
2016.04.22 16:18:37.556,1.86732,1.8677,1.00,1.00
2016.04.22 16:18:37.909,1.86731,1.86767,1.00,1.12
2016.04.22 16:18:38.111,1.86727,1.86766,1.00,1.00
2016.04.22 16:18:38.213,1.86727,1.86766,1.37,1.00
2016.04.22 16:18:38.587,1.86727,1.86767,1.37,1.12
2016.04.22 16:18:40.088,1.86727,1.86763,1.00,1.00
2016.04.22 16:18:40.391,1.86737,1.8677,1.50,1.37
2016.04.22 16:18:40.442,1.86741,1.86773,1.37,1.00
2016.04.22 16:18:40.493,1.86741,1.86776,1.00,1.00
2016.04.22 16:18:40.594,1.86741,1.86773,1.00,1.00
2016.04.22 16:18:40.695,1.86736,1.86773,1.50,1.00
2016.04.22 16:18:40.796,1.86736,1.86774,1.00,1.75
2016.04.22 16:18:42.505,1.86735,1.86771,1.00,1.12
2016.04.22 16:18:42.556,1.86732,1.86771,1.00,1.12
2016.04.22 16:18:42.606,1.86732,1.86771,1.37,1.12
2016.04.22 16:18:43.156,1.86736,1.86774,1.00,1.75
2016.04.22 16:18:44.846,1.86737,1.86773,1.00,1.50
2016.04.22 16:18:45.362,1.86736,1.86773,1.00,1.50
2016.04.22 16:18:45.832,1.86742,1.86775,1.00,1.37
2016.04.22 16:18:45.934,1.86747,1.86779,1.00,1.00
2016.04.22 16:18:46.187,1.86743,1.8678,1.50,1.00
2016.04.22 16:18:46.238,1.86749,1.8678,1.00,1.00
2016.04.22 16:18:46.289,1.86749,1.86788,1.00,1.37
2016.04.22 16:18:46.340,1.86748,1.86788,1.50,1.00
2016.04.22 16:18:46.642,1.86746,1.86783,1.00,1.00
2016.04.22 16:18:46.957,1.86749,1.86786,1.00,1.00
2016.04.22 16:18:50.131,1.8675,1.86786,1.00,1.00
2016.04.22 16:18:52.575,1.86752,1.86791,1.00,1.00
2016.04.22 16:18:53.600,1.86752,1.86788,1.00,1.00
2016.04.22 16:18:54.255,1.86752,1.86791,1.00,1.00
2016.04.22 16:18:55.180,1.86753,1.86791,1.00,1.00
2016.04.22 16:18:55.281,1.86756,1.86793,1.00,1.00
2016.04.22 16:18:55.806,1.86756,1.86794,1.50,1.00
2016.04.22 16:18:56.312,1.86756,1.86793,1.00,1.00
2016.04.22 16:18:57.084,1.86756,1.86794,1.00,1.00
2016.04.22 16:18:57.417,1.86756,1.86793,1.75,1.00
2016.04.22 16:18:57.961,1.86756,1.86794,2.25,1.00
2016.04.22 16:18:58.264,1.86756,1.86793,1.50,1.00
2016.04.22 16:18:58.635,1.86755,1.8679,1.00,1.00
2016.04.22 16:18:59.642,1.86756,1.86796,1.50,1.00
2016.04.22 16:19:00.117,1.86756,1.86794,1.12,1.00
2016.04.22 16:19:00.370,1.86756,1.86796,1.12,1.00
2016.04.22 16:19:00.723,1.86756,1.86793,1.00,1.00
2016.04.22 16:19:01.114,1.86756,1.86796,1.50,1.00
2016.04.22 16:19:02.362,1.86756,1.86793,1.00,1.00
2016.04.22 16:19:03.072,1.86755,1.86793,1.00,1.00
2016.04.22 16:19:03.597,1.86756,1.86792,1.00,1.00
2016.04.22 16:19:04.954,1.86755,1.86792,1.00,1.00
2016.04.22 16:19:05.207,1.86757,1.86796,1.00,1.50
2016.04.22 16:19:05.258,1.86757,1.86796,1.37,1.00
2016.04.22 16:19:05.410,1.86757,1.86796,1.37,1.00
2016.04.22 16:19:08.286,1.86757,1.86796,1.00,1.00
2016.04.22 16:19:09.188,1.8676,1.86796,1.37,1.00
2016.04.22 16:19:09.238,1.86761,1.86801,1.12,1.12
2016.04.22 16:19:10.696,1.86761,1.86801,1.00,2.25
2016.04.22 16:19:10.948,1.86758,1.86795,1.00,1.00
2016.04.22 16:19:11.492,1.86759,1.86796,1.00,1.00
2016.04.22 16:19:12.200,1.86762,1.868,1.00,1.00
2016.04.22 16:19:13.100,1.86763,1.868,1.00,1.00
2016.04.22 16:19:13.151,1.86765,1.86804,1.00,1.12
2016.04.22 16:19:13.202,1.86768,1.86804,1.00,1.00
2016.04.22 16:19:13.355,1.8677,1.86808,1.00,1.00
2016.04.22 16:19:14.994,1.8677,1.86805,1.00,1.50
2016.04.22 16:19:15.145,1.86768,1.86804,1.00,1.00
2016.04.22 16:19:15.599,1.8677,1.86807,1.00,1.00
2016.04.22 16:19:16.385,1.8677,1.86805,1.00,1.00
2016.04.22 16:19:16.637,1.86765,1.86804,1.00,1.00
2016.04.22 16:19:16.688,1.86765,1.86798,1.00,1.00
2016.04.22 16:19:16.940,1.86762,1.86798,1.00,1.00
2016.04.22 16:19:17.142,1.86756,1.86795,1.00,1.00
2016.04.22 16:19:17.446,1.86756,1.86793,1.00,1.00
2016.04.22 16:19:17.750,1.86753,1.86788,1.00,1.00
2016.04.22 16:19:18.053,1.86748,1.86778,1.00,1.00
2016.04.22 16:19:18.204,1.86743,1.86778,1.00,1.00
2016.04.22 16:19:19.025,1.8674,1.86777,1.50,1.00
2016.04.22 16:19:19.126,1.86736,1.86774,1.00,1.00
2016.04.22 16:19:19.227,1.86739,1.86778,1.00,2.25
2016.04.22 16:19:19.754,1.86739,1.86779,1.00,2.62
2016.04.22 16:19:23.379,1.86736,1.86775,1.50,1.00
2016.04.22 16:19:25.267,1.8674,1.86778,1.00,1.50
2016.04.22 16:19:25.822,1.8674,1.86777,1.00,1.00
2016.04.22 16:19:27.019,1.86735,1.86775,3.75,1.00
2016.04.22 16:19:27.523,1.86736,1.86774,1.00,1.00
2016.04.22 16:19:28.071,1.86735,1.86775,1.87,1.50
2016.04.22 16:19:28.535,1.86731,1.86771,3.00,1.00
2016.04.22 16:19:28.737,1.86731,1.86768,1.00,1.00
2016.04.22 16:19:28.888,1.86728,1.86763,1.50,1.00
2016.04.22 16:19:29.245,1.86728,1.86767,1.00,1.00
2016.04.22 16:19:30.333,1.86728,1.86763,1.00,1.00
2016.04.22 16:19:30.722,1.86732,1.86769,1.00,1.00
2016.04.22 16:19:30.874,1.86732,1.86763,1.00,1.00
2016.04.22 16:19:30.925,1.86728,1.86763,1.00,1.00
2016.04.22 16:19:31.078,1.86728,1.86767,1.00,1.00
2016.04.22 16:19:31.982,1.86728,1.86764,1.00,1.00
2016.04.22 16:19:32.033,1.86725,1.86763,1.00,1.00
2016.04.22 16:19:32.740,1.86728,1.86765,1.00,1.12
2016.04.22 16:19:32.791,1.86728,1.86768,1.00,1.00
2016.04.22 16:19:33.913,1.8673,1.86768,1.00,1.00
2016.04.22 16:19:35.144,1.8673,1.86769,1.00,1.00
2016.04.22 16:19:37.679,1.8673,1.86763,1.00,1.00
2016.04.22 16:19:37.830,1.8673,1.86767,1.00,1.00
2016.04.22 16:19:38.133,1.8673,1.86769,1.00,1.00
2016.04.22 16:19:38.285,1.86734,1.86772,1.00,1.00
2016.04.22 16:19:38.826,1.86734,1.86773,1.00,1.00
2016.04.22 16:19:39.165,1.86731,1.86768,1.50,1.00
2016.04.22 16:19:39.639,1.86733,1.86773,1.50,1.00
2016.04.22 16:19:40.869,1.86734,1.86773,1.00,1.00
2016.04.22 16:19:41.020,1.86737,1.86774,1.00,1.00
2016.04.22 16:19:43.545,1.86737,1.86776,1.00,1.87
2016.04.22 16:19:43.747,1.86737,1.86773,1.00,1.00
2016.04.22 16:19:44.148,1.86733,1.86769,1.00,1.00
2016.04.22 16:19:45.434,1.86732,1.86769,1.12,1.00
2016.04.22 16:19:45.888,1.86732,1.86769,1.12,1.37
2016.04.22 16:19:46.904,1.86732,1.86768,1.12,1.00
2016.04.22 16:19:47.455,1.86732,1.86769,1.12,1.50
2016.04.22 16:19:48.075,1.86727,1.86767,2.25,1.00
2016.04.22 16:19:49.463,1.86727,1.86766,2.25,1.00
2016.04.22 16:19:50.171,1.86727,1.86767,2.25,1.00
2016.04.22 16:19:51.039,1.86731,1.8677,1.50,1.50
2016.04.22 16:19:52.218,1.86731,1.86769,1.50,1.00
2016.04.22 16:19:52.319,1.86727,1.86764,1.75,1.00
2016.04.22 16:19:52.370,1.86727,1.86764,1.00,1.00
2016.04.22 16:19:54.484,1.86729,1.86764,1.00,1.00
2016.04.22 16:19:55.279,1.86729,1.86763,1.00,1.00
2016.04.22 16:19:55.802,1.86729,1.86764,1.00,1.00
2016.04.22 16:19:56.213,1.86727,1.86764,1.00,1.50
2016.04.22 16:19:56.622,1.86727,1.86759,1.00,1.00
2016.04.22 16:19:56.824,1.86722,1.86758,1.50,1.00
2016.04.22 16:19:58.144,1.86723,1.86753,1.00,1.00
2016.04.22 16:19:58.245,1.86723,1.86759,1.00,1.00
2016.04.22 16:19:58.397,1.86719,1.86753,1.00,1.00
2016.04.22 16:19:58.901,1.86719,1.86754,1.00,1.00
2016.04.22 16:19:59.219,1.86718,1.86749,1.00,1.00
2016.04.22 16:20:00.149,1.86717,1.86749,1.50,1.00
2016.04.22 16:20:00.250,1.86726,1.86759,1.00,1.50
2016.04.22 16:20:00.352,1.86726,1.86764,2.25,2.25
2016.04.22 16:20:00.620,1.86729,1.86764,1.00,1.00
2016.04.22 16:20:02.445,1.86729,1.86759,1.00,1.00
2016.04.22 16:20:02.597,1.86727,1.86759,1.00,1.00
2016.04.22 16:20:03.102,1.86727,1.86758,1.00,1.00
2016.04.22 16:20:03.624,1.86726,1.86758,1.50,1.00
2016.04.22 16:20:04.129,1.86725,1.86758,1.00,1.00
2016.04.22 16:20:04.707,1.86722,1.86758,1.50,1.00
2016.04.22 16:20:05.198,1.86725,1.86758,1.00,1.00
2016.04.22 16:20:05.249,1.86722,1.86758,1.00,1.00
2016.04.22 16:20:05.814,1.86721,1.86759,1.12,1.00
2016.04.22 16:20:09.851,1.86717,1.86755,1.00,1.00
2016.04.22 16:20:12.372,1.8672,1.86758,1.00,1.37
2016.04.22 16:20:15.122,1.8675,1.86762,1.00,1.37
2016.04.22 16:20:15.174,1.8675,1.86767,1.00,1.12
2016.04.22 16:20:15.225,1.86756,1.8677,1.00,1.37
2016.04.22 16:20:15.276,1.86756,1.86783,1.37,1.37
2016.04.22 16:20:15.327,1.86757,1.86783,1.37,1.00
2016.04.22 16:20:15.378,1.86763,1.86788,1.00,1.00
2016.04.22 16:20:15.428,1.86763,1.86799,1.00,1.00
2016.04.22 16:20:15.479,1.86768,1.86799,1.00,1.00
2016.04.22 16:20:15.530,1.86768,1.86806,1.00,1.87
2016.04.22 16:20:15.581,1.86764,1.86804,1.75,1.00
2016.04.22 16:20:16.071,1.86767,1.86804,1.00,1.50
2016.04.22 16:20:16.625,1.86763,1.86802,1.00,1.12
2016.04.22 16:20:16.727,1.86758,1.86794,1.37,1.50
2016.04.22 16:20:17.053,1.86745,1.8678,1.00,1.12
2016.04.22 16:20:17.356,1.86745,1.86778,1.00,1.00
2016.04.22 16:20:17.902,1.86745,1.86777,1.00,1.00
2016.04.22 16:20:18.417,1.86745,1.86778,1.00,1.00
2016.04.22 16:20:20.042,1.86746,1.86778,1.00,1.00
2016.04.22 16:20:20.193,1.86748,1.86787,1.37,1.50
2016.04.22 16:20:20.345,1.86748,1.86787,1.00,1.50
2016.04.22 16:20:20.469,1.86748,1.86787,1.00,1.87
2016.04.22 16:20:20.976,1.86748,1.86787,1.00,1.87
2016.04.22 16:20:22.103,1.86744,1.86783,1.50,1.00
2016.04.22 16:20:22.658,1.86748,1.86785,1.00,1.00
2016.04.22 16:20:23.280,1.86748,1.86785,1.00,1.87
2016.04.22 16:20:23.684,1.86743,1.86782,1.50,1.00
2016.04.22 16:20:26.261,1.86743,1.86782,1.37,1.50
2016.04.22 16:20:26.768,1.86743,1.86782,1.00,1.50
2016.04.22 16:20:27.425,1.8674,1.86779,1.50,1.00
2016.04.22 16:20:28.755,1.8674,1.86779,1.87,1.00
2016.04.22 16:20:28.806,1.86745,1.86783,1.00,1.12
2016.04.22 16:20:29.814,1.86742,1.86781,1.00,1.00
2016.04.22 16:20:29.915,1.86742,1.86781,1.00,1.37
2016.04.22 16:20:30.218,1.86745,1.86781,1.34,1.37
2016.04.22 16:20:30.548,1.86761,1.86785,2.21,1.20
2016.04.22 16:20:30.752,1.8677,1.86807,1.00,1.50
2016.04.22 16:20:31.206,1.86774,1.86807,1.00,1.00
2016.04.22 16:20:31.532,1.86789,1.86815,1.00,1.00
2016.04.22 16:20:31.586,1.86789,1.86829,1.12,2.62
2016.04.22 16:20:31.688,1.86793,1.86825,1.00,1.00
2016.04.22 16:20:31.991,1.86777,1.86814,1.00,1.00
2016.04.22 16:20:32.092,1.86774,1.86811,1.00,1.00
2016.04.22 16:20:32.429,1.86776,1.86816,2.25,1.00
2016.04.22 16:20:32.733,1.86776,1.86811,1.50,1.00
2016.04.22 16:20:33.036,1.86757,1.86794,1.37,1.00
2016.04.22 16:20:33.087,1.86757,1.86794,1.00,1.00
2016.04.22 16:20:33.315,1.86762,1.86794,1.37,1.00
2016.04.22 16:20:33.417,1.86763,1.868,1.75,1.37
2016.04.22 16:20:33.468,1.8677,1.86808,1.00,1.12
2016.04.22 16:20:33.570,1.8677,1.86809,1.37,1.37
2016.04.22 16:20:33.873,1.86789,1.86824,1.00,1.00
2016.04.22 16:20:33.975,1.86785,1.86824,1.50,1.00
2016.04.22 16:20:34.076,1.86788,1.86824,1.00,1.00
2016.04.22 16:20:34.445,1.86789,1.86827,1.00,1.00
2016.04.22 16:20:34.798,1.8679,1.86831,1.75,1.12
2016.04.22 16:20:34.899,1.86792,1.86831,1.12,1.00
2016.04.22 16:20:35.101,1.86793,1.86835,1.12,1.00
2016.04.22 16:20:35.202,1.86803,1.86837,1.00,2.25
2016.04.22 16:20:35.604,1.86803,1.86839,1.00,1.50
2016.04.22 16:20:36.407,1.86798,1.86839,1.37,1.12
2016.04.22 16:20:36.458,1.86798,1.86839,1.00,1.12
2016.04.22 16:20:36.682,1.86798,1.86837,1.00,1.00
2016.04.22 16:20:36.985,1.86798,1.86835,1.00,1.00
2016.04.22 16:20:37.187,1.86792,1.86834,1.75,1.50
2016.04.22 16:20:37.288,1.86792,1.86825,1.37,1.00
2016.04.22 16:20:37.339,1.86792,1.86825,1.00,1.00
2016.04.22 16:20:37.390,1.86789,1.86825,1.00,1.00
2016.04.22 16:20:37.492,1.86784,1.86821,1.37,1.50
2016.04.22 16:20:37.542,1.86784,1.86821,1.00,1.50
2016.04.22 16:20:37.731,1.86784,1.86818,1.00,1.00
2016.04.22 16:20:38.035,1.86784,1.86815,1.00,1.00
2016.04.22 16:20:38.186,1.86775,1.86815,1.00,1.00
2016.04.22 16:20:38.388,1.86778,1.86816,1.00,1.50
2016.04.22 16:20:38.490,1.86776,1.86818,1.37,1.00
2016.04.22 16:20:38.641,1.86781,1.86821,1.00,1.00
2016.04.22 16:20:38.962,1.86793,1.86828,1.00,1.00
2016.04.22 16:20:39.316,1.86791,1.86829,1.00,1.00
2016.04.22 16:20:39.417,1.86789,1.86835,1.37,2.25
2016.04.22 16:20:39.519,1.86793,1.86835,1.12,1.00
2016.04.22 16:20:39.621,1.86797,1.86837,1.00,1.00
2016.04.22 16:20:40.165,1.86797,1.86838,1.00,1.00
2016.04.22 16:20:40.709,1.86796,1.8684,1.00,1.87
2016.04.22 16:20:40.810,1.86797,1.86838,1.00,1.00
2016.04.22 16:20:41.333,1.86796,1.8684,1.00,1.12
2016.04.22 16:20:41.586,1.86796,1.86841,1.00,1.12
2016.04.22 16:20:41.738,1.86787,1.8683,1.00,1.12
2016.04.22 16:20:42.243,1.86786,1.8683,2.25,1.12
2016.04.22 16:20:42.616,1.86786,1.8683,1.50,1.12
2016.04.22 16:20:42.919,1.86792,1.86829,1.12,1.00
2016.04.22 16:20:43.222,1.86786,1.86825,1.12,1.00
2016.04.22 16:20:43.493,1.86785,1.86826,1.37,1.37
2016.04.22 16:20:43.796,1.86773,1.86802,1.00,1.00
2016.04.22 16:20:43.898,1.86768,1.86806,1.00,1.00
2016.04.22 16:20:44.100,1.86773,1.86808,1.00,1.37
2016.04.22 16:20:44.151,1.86773,1.86811,1.00,1.00
2016.04.22 16:20:44.202,1.86769,1.86816,1.87,1.12
2016.04.22 16:20:44.378,1.86774,1.86814,1.00,1.00
2016.04.22 16:20:44.502,1.86773,1.86817,1.00,1.50
2016.04.22 16:20:44.805,1.86769,1.86811,1.50,1.00
2016.04.22 16:20:45.128,1.86769,1.8681,1.12,1.00
2016.04.22 16:20:45.330,1.86772,1.86816,1.37,1.12
2016.04.22 16:20:45.532,1.86775,1.86815,1.86,1.00
2016.04.22 16:20:45.634,1.86785,1.86827,1.37,1.00
2016.04.22 16:20:45.735,1.86787,1.86827,1.37,1.00
2016.04.22 16:20:45.995,1.86784,1.86827,1.00,1.00
2016.04.22 16:20:46.046,1.86783,1.8682,1.12,1.00
2016.04.22 16:20:46.879,1.86783,1.86819,1.00,1.00
2016.04.22 16:20:47.132,1.86781,1.86819,1.12,1.00
2016.04.22 16:20:47.636,1.86779,1.8682,1.37,1.00
2016.04.22 16:20:47.738,1.86779,1.86819,1.12,1.00
2016.04.22 16:20:48.156,1.86782,1.86824,1.37,2.25
2016.04.22 16:20:48.258,1.86782,1.86824,1.12,2.25
2016.04.22 16:20:48.762,1.86786,1.86826,1.71,1.75
2016.04.22 16:20:48.964,1.86791,1.86835,2.25,1.12
2016.04.22 16:20:49.112,1.86791,1.86832,2.25,1.00
2016.04.22 16:20:49.416,1.86795,1.86836,1.12,1.37
2016.04.22 16:20:49.870,1.86791,1.86834,1.37,1.00
2016.04.22 16:20:50.265,1.86793,1.86837,1.37,2.25
2016.04.22 16:20:50.770,1.86797,1.86838,1.37,1.75
2016.04.22 16:20:51.073,1.86794,1.86829,1.00,1.75
2016.04.22 16:20:51.124,1.86787,1.86829,1.75,1.37
2016.04.22 16:20:51.294,1.86788,1.86828,1.87,1.00
2016.04.22 16:20:51.749,1.86788,1.86828,1.00,1.00
2016.04.22 16:20:52.337,1.86798,1.86829,1.00,1.00
2016.04.22 16:20:52.388,1.86798,1.86834,1.37,1.50
2016.04.22 16:20:52.439,1.86804,1.86834,1.00,1.50
2016.04.22 16:20:52.641,1.86814,1.86848,1.00,1.75
2016.04.22 16:20:52.792,1.86814,1.86854,1.12,1.00
2016.04.22 16:20:52.944,1.86811,1.86843,1.37,1.00
2016.04.22 16:20:53.284,1.8682,1.86855,1.00,1.00
2016.04.22 16:20:53.335,1.86815,1.86855,1.87,1.00
2016.04.22 16:20:53.386,1.86816,1.86857,1.50,1.00
2016.04.22 16:20:53.488,1.86824,1.86858,1.00,1.00
2016.04.22 16:20:53.702,1.86814,1.86857,1.12,1.50
2016.04.22 16:20:54.067,1.86815,1.86856,1.37,1.00
2016.04.22 16:20:54.589,1.86818,1.86857,1.00,1.50
2016.04.22 16:20:54.891,1.86818,1.86843,1.00,1.00
2016.04.22 16:20:55.229,1.86806,1.86836,1.00,1.00
2016.04.22 16:20:55.330,1.868,1.86836,1.00,1.00
2016.04.22 16:20:55.636,1.86797,1.86836,1.37,1.00
2016.04.22 16:20:55.989,1.86794,1.86836,1.87,1.00
2016.04.22 16:20:56.650,1.86801,1.86836,1.00,1.00
2016.04.22 16:20:56.701,1.86801,1.86842,1.00,2.25
2016.04.22 16:20:56.803,1.86801,1.86842,1.37,2.25
2016.04.22 16:20:57.005,1.86807,1.86847,1.00,1.00
2016.04.22 16:20:57.107,1.86803,1.86841,1.37,1.00
2016.04.22 16:20:57.208,1.86803,1.8684,1.00,1.00
2016.04.22 16:20:57.309,1.86799,1.86835,1.12,1.00
2016.04.22 16:20:57.587,1.86796,1.86836,1.00,1.50
2016.04.22 16:20:58.064,1.86792,1.86836,1.50,1.50
2016.04.22 16:20:58.115,1.86792,1.86836,1.50,1.50
2016.04.22 16:20:58.216,1.86792,1.86835,1.50,1.12
2016.04.22 16:20:59.488,1.86796,1.86835,1.00,1.12
2016.04.22 16:20:59.991,1.86798,1.86835,1.00,1.12
2016.04.22 16:21:00.496,1.86797,1.86835,1.00,1.12
2016.04.22 16:21:01.286,1.86799,1.86836,1.37,1.50
2016.04.22 16:21:01.590,1.86803,1.86841,1.37,1.75
2016.04.22 16:21:01.691,1.86802,1.86841,1.50,1.00
2016.04.22 16:21:02.025,1.86802,1.86842,1.50,1.50
2016.04.22 16:21:02.126,1.86808,1.86842,1.00,1.50
2016.04.22 16:21:02.379,1.86805,1.86844,1.12,2.25
2016.04.22 16:21:02.430,1.86805,1.86839,1.00,1.00
2016.04.22 16:21:02.633,1.86805,1.86843,1.12,1.00
2016.04.22 16:21:03.117,1.86804,1.86841,1.37,1.00
2016.04.22 16:21:03.218,1.86804,1.86843,1.12,1.50
2016.04.22 16:21:03.748,1.86805,1.86843,1.00,1.00
2016.04.22 16:21:03.874,1.86805,1.86841,1.00,1.00
2016.04.22 16:21:04.526,1.86805,1.86842,1.37,1.00
2016.04.22 16:21:04.729,1.86805,1.86845,1.37,1.87
2016.04.22 16:21:04.880,1.86805,1.86841,1.37,1.00
2016.04.22 16:21:04.981,1.86797,1.86832,1.00,1.00
2016.04.22 16:21:05.128,1.86785,1.86825,1.00,1.00
2016.04.22 16:21:05.433,1.8678,1.86819,1.37,1.12
2016.04.22 16:21:05.635,1.86779,1.86818,1.12,1.00
2016.04.22 16:21:06.143,1.8678,1.86818,1.00,1.00
2016.04.22 16:21:06.194,1.86784,1.86818,1.00,1.00
2016.04.22 16:21:06.514,1.86815,1.86846,1.00,1.00
2016.04.22 16:21:06.616,1.86812,1.86854,1.75,1.00
2016.04.22 16:21:06.717,1.86811,1.86857,1.00,1.00
2016.04.22 16:21:06.818,1.8681,1.86851,1.50,1.50
2016.04.22 16:21:07.175,1.86806,1.86846,1.00,1.00
2016.04.22 16:21:07.226,1.86803,1.86846,1.00,1.00
2016.04.22 16:21:07.277,1.86803,1.86843,1.00,1.00
2016.04.22 16:21:07.378,1.86803,1.86846,1.00,1.00
2016.04.22 16:21:07.429,1.86803,1.86848,1.12,1.00
2016.04.22 16:21:07.480,1.86802,1.86846,1.37,1.00
2016.04.22 16:21:07.631,1.86804,1.86851,1.37,1.00
2016.04.22 16:21:07.738,1.86803,1.86848,1.00,1.00
2016.04.22 16:21:08.164,1.86801,1.86846,1.00,2.32
2016.04.22 16:21:08.503,1.86801,1.86844,1.00,1.00
2016.04.22 16:21:08.870,1.86801,1.86842,1.00,1.00
2016.04.22 16:21:09.590,1.86802,1.86842,1.00,1.00
2016.04.22 16:21:09.854,1.86802,1.86844,1.00,1.00
2016.04.22 16:21:10.056,1.868,1.86844,1.00,1.00
2016.04.22 16:21:10.158,1.86802,1.86845,1.00,1.00
2016.04.22 16:21:10.259,1.868,1.86844,1.00,1.00
2016.04.22 16:21:10.834,1.868,1.86843,1.00,1.50
2016.04.22 16:21:11.137,1.868,1.86839,1.00,1.00
2016.04.22 16:21:11.441,1.86799,1.86837,1.00,1.00
2016.04.22 16:21:11.777,1.86796,1.86833,1.00,1.00
2016.04.22 16:21:11.929,1.86791,1.8683,1.37,1.00
2016.04.22 16:21:12.081,1.86791,1.86823,1.00,1.00
2016.04.22 16:21:12.132,1.86779,1.86818,1.00,1.00
2016.04.22 16:21:12.182,1.86778,1.86813,1.00,1.00
2016.04.22 16:21:12.386,1.86774,1.86813,1.00,1.00
2016.04.22 16:21:14.305,1.86777,1.86817,1.00,1.00
2016.04.22 16:21:15.535,1.86781,1.86821,1.00,1.00
2016.04.22 16:21:16.949,1.86778,1.86815,1.00,1.00
2016.04.22 16:21:17.694,1.86781,1.8682,1.00,1.00
2016.04.22 16:21:17.997,1.86785,1.8682,1.37,1.00
2016.04.22 16:21:18.048,1.86787,1.86825,1.12,1.00
2016.04.22 16:21:18.099,1.86787,1.86825,1.37,1.00
2016.04.22 16:21:18.150,1.8679,1.86828,1.37,1.00
2016.04.22 16:21:18.201,1.86793,1.86832,1.87,1.00
2016.04.22 16:21:18.352,1.86798,1.86836,1.00,1.00
2016.04.22 16:21:18.692,1.86789,1.86827,1.00,1.00
2016.04.22 16:21:18.794,1.86784,1.86823,1.00,1.00
2016.04.22 16:21:18.844,1.86779,1.86818,1.00,1.00
2016.04.22 16:21:20.381,1.86783,1.86821,1.00,1.00
2016.04.22 16:21:20.809,1.8678,1.86817,1.00,1.00
2016.04.22 16:21:21.314,1.86782,1.86822,1.00,1.00
2016.04.22 16:21:21.566,1.86787,1.86825,1.00,1.00
2016.04.22 16:21:22.326,1.86787,1.86825,1.37,1.00
2016.04.22 16:21:22.377,1.8679,1.86829,1.37,1.00
2016.04.22 16:21:22.428,1.8679,1.86829,1.37,1.00
2016.04.22 16:21:22.480,1.86794,1.86833,1.00,1.00
2016.04.22 16:21:22.531,1.86791,1.86829,1.87,1.00
2016.04.22 16:21:22.834,1.86794,1.86832,1.00,1.00
2016.04.22 16:21:23.154,1.86791,1.86827,1.00,1.00
2016.04.22 16:21:23.356,1.86784,1.86824,1.00,1.50
2016.04.22 16:21:24.743,1.86779,1.86819,1.12,1.00
2016.04.22 16:21:25.046,1.86774,1.86808,1.00,1.00
2016.04.22 16:21:25.147,1.86772,1.86809,1.00,1.50
2016.04.22 16:21:26.071,1.86774,1.86813,1.00,1.00
2016.04.22 16:21:26.707,1.86774,1.86814,1.00,1.50
2016.04.22 16:21:27.306,1.86774,1.86813,1.00,1.00
2016.04.22 16:21:27.950,1.86779,1.86814,1.00,1.00
2016.04.22 16:21:28.001,1.86779,1.86817,1.00,1.00
2016.04.22 16:21:28.656,1.86779,1.86814,1.00,1.00
2016.04.22 16:21:29.009,1.86779,1.86817,1.00,1.00
2016.04.22 16:21:29.578,1.86779,1.86814,1.00,1.00
2016.04.22 16:21:30.319,1.86779,1.86817,1.00,1.00
2016.04.22 16:21:32.488,1.86772,1.86806,1.87,1.00
2016.04.22 16:21:32.539,1.86772,1.86806,1.00,1.00
2016.04.22 16:21:32.703,1.86772,1.86801,1.00,1.00
2016.04.22 16:21:32.805,1.86757,1.86794,1.50,1.00
2016.04.22 16:21:32.958,1.86762,1.86796,1.00,1.00
2016.04.22 16:21:33.008,1.86762,1.868,1.50,1.00
2016.04.22 16:21:33.451,1.86766,1.868,1.00,1.00
2016.04.22 16:21:33.602,1.86767,1.86805,1.00,1.00
2016.04.22 16:21:34.392,1.86767,1.86803,1.00,1.00
2016.04.22 16:21:34.944,1.86762,1.86799,1.00,1.00
2016.04.22 16:21:35.449,1.86762,1.868,1.50,1.00
2016.04.22 16:21:36.597,1.86762,1.86799,1.00,1.00
2016.04.22 16:21:36.699,1.86762,1.86788,1.00,1.00
2016.04.22 16:21:36.851,1.86748,1.86782,1.00,1.00
2016.04.22 16:21:36.952,1.86745,1.86782,1.00,1.00
2016.04.22 16:21:37.003,1.86742,1.8678,1.75,1.00
2016.04.22 16:21:37.316,1.86742,1.86778,1.75,1.00
2016.04.22 16:21:39.005,1.86742,1.86779,1.37,1.00
2016.04.22 16:21:39.257,1.8674,1.86778,1.00,1.00
2016.04.22 16:21:41.715,1.86741,1.86778,1.00,1.00
2016.04.22 16:21:43.057,1.86742,1.86778,1.00,1.00
2016.04.22 16:21:43.158,1.8674,1.86778,1.00,1.00
2016.04.22 16:21:43.512,1.86738,1.86775,1.00,1.37
2016.04.22 16:21:43.960,1.8674,1.86774,1.00,1.50
2016.04.22 16:21:44.263,1.86741,1.86776,1.37,1.00
2016.04.22 16:21:45.237,1.86741,1.86778,1.37,1.00
2016.04.22 16:21:45.540,1.86748,1.86781,1.37,1.00
2016.04.22 16:21:45.591,1.86756,1.86787,1.00,1.50
2016.04.22 16:21:45.743,1.86756,1.86789,1.00,1.00
2016.04.22 16:21:45.794,1.86752,1.8679,1.00,1.00
2016.04.22 16:21:46.501,1.86752,1.86789,1.00,1.00
2016.04.22 16:21:46.703,1.86752,1.86791,1.50,1.00
2016.04.22 16:21:46.804,1.86759,1.86791,1.00,1.00
2016.04.22 16:21:46.855,1.86759,1.86795,1.00,1.50
2016.04.22 16:21:46.906,1.86756,1.86795,1.50,1.50
2016.04.22 16:21:48.034,1.86756,1.86788,1.00,1.00
2016.04.22 16:21:48.085,1.86752,1.86788,1.50,1.00
2016.04.22 16:21:48.599,1.86752,1.86789,1.00,1.00
2016.04.22 16:21:49.338,1.86752,1.8679,1.50,1.00
2016.04.22 16:21:49.920,1.86752,1.86788,1.50,1.00
2016.04.22 16:21:50.021,1.86752,1.8679,1.87,1.00
2016.04.22 16:21:50.284,1.86756,1.86793,1.00,1.12
2016.04.22 16:21:52.586,1.86753,1.86789,1.00,1.50
2016.04.22 16:21:52.637,1.86749,1.86789,1.50,1.50
2016.04.22 16:21:52.688,1.86746,1.86783,1.75,1.50
2016.04.22 16:21:52.739,1.86746,1.86783,1.00,1.50
2016.04.22 16:21:52.790,1.86744,1.8678,1.00,1.00
2016.04.22 16:21:53.093,1.86748,1.86787,1.00,2.62
2016.04.22 16:21:53.295,1.86754,1.86791,1.00,1.00
2016.04.22 16:21:53.824,1.86754,1.86792,1.37,1.50
2016.04.22 16:21:54.026,1.86758,1.86794,1.00,1.00
2016.04.22 16:21:55.363,1.86758,1.86795,1.00,1.50
2016.04.22 16:21:55.914,1.86758,1.86794,1.00,1.00
2016.04.22 16:21:59.972,1.86758,1.86795,1.00,1.50
2016.04.22 16:22:00.275,1.86754,1.86792,1.50,1.00
2016.04.22 16:22:00.986,1.86754,1.86788,1.00,1.00
2016.04.22 16:22:01.160,1.86741,1.86781,2.25,1.00
2016.04.22 16:22:01.262,1.8674,1.86777,1.00,1.00
2016.04.22 16:22:01.414,1.86737,1.86777,1.00,1.50
2016.04.22 16:22:01.888,1.86741,1.86777,1.37,1.00
2016.04.22 16:22:01.939,1.86743,1.86781,1.37,1.12
2016.04.22 16:22:01.990,1.86748,1.86781,1.12,1.00
2016.04.22 16:22:02.091,1.86748,1.86786,1.37,1.00
2016.04.22 16:22:02.398,1.86751,1.86786,1.00,1.00
2016.04.22 16:22:02.650,1.86746,1.86783,1.12,1.00
2016.04.22 16:22:03.034,1.86743,1.86781,1.00,1.00
2016.04.22 16:22:03.688,1.86743,1.86778,1.00,1.00
2016.04.22 16:22:03.793,1.86737,1.86776,1.37,1.50
2016.04.22 16:22:03.843,1.86741,1.86776,1.00,1.50
2016.04.22 16:22:03.944,1.86738,1.86776,1.12,1.50
2016.04.22 16:22:04.298,1.86742,1.86776,1.12,1.00
2016.04.22 16:22:05.605,1.86742,1.86779,1.37,1.00
2016.04.22 16:22:05.807,1.86749,1.86785,1.12,1.00
2016.04.22 16:22:06.349,1.86748,1.86786,1.50,1.00
2016.04.22 16:22:06.551,1.86748,1.86783,1.00,1.00
2016.04.22 16:22:06.703,1.86744,1.86783,1.00,1.00
2016.04.22 16:22:06.956,1.86743,1.86778,1.00,1.00
2016.04.22 16:22:07.333,1.86749,1.86782,1.00,1.00
2016.04.22 16:22:08.003,1.86749,1.86782,1.37,1.00
2016.04.22 16:22:08.054,1.86749,1.86786,1.37,1.50
2016.04.22 16:22:08.105,1.86756,1.86786,1.00,1.00
2016.04.22 16:22:08.157,1.86756,1.86788,1.00,1.00
2016.04.22 16:22:08.208,1.86755,1.86792,1.37,1.00
2016.04.22 16:22:08.310,1.86759,1.86794,1.00,1.00
2016.04.22 16:22:08.412,1.86759,1.86796,1.37,1.50
2016.04.22 16:22:08.629,1.86759,1.86794,1.37,1.00
2016.04.22 16:22:08.730,1.86759,1.86796,1.37,1.00
2016.04.22 16:22:08.932,1.86759,1.86793,1.00,1.00
2016.04.22 16:22:08.983,1.86754,1.8679,1.50,1.10
2016.04.22 16:22:09.034,1.86752,1.86783,1.00,1.00
2016.04.22 16:22:09.186,1.86741,1.86777,1.00,1.50
2016.04.22 16:22:09.237,1.86737,1.86772,1.00,1.00
2016.04.22 16:22:09.782,1.86735,1.86772,1.50,1.00
2016.04.22 16:22:10.034,1.86735,1.86772,1.37,1.00
2016.04.22 16:22:10.085,1.86738,1.86777,1.37,1.00
2016.04.22 16:22:10.237,1.86738,1.86777,1.87,1.00
2016.04.22 16:22:10.338,1.86743,1.86778,1.00,1.50
2016.04.22 16:22:10.657,1.86747,1.86778,1.50,1.00
2016.04.22 16:22:10.960,1.86751,1.86782,1.37,1.00
2016.04.22 16:22:11.061,1.86751,1.86787,1.00,1.00
2016.04.22 16:22:11.163,1.86753,1.8679,1.37,1.37
2016.04.22 16:22:11.466,1.86751,1.86788,2.62,1.00
2016.04.22 16:22:13.211,1.86752,1.86788,1.00,1.00
2016.04.22 16:22:13.467,1.86747,1.86785,1.75,1.00
2016.04.22 16:22:14.414,1.86747,1.86784,1.75,1.00
2016.04.22 16:22:14.617,1.86746,1.86785,2.25,1.50
2016.04.22 16:22:15.770,1.86746,1.86782,1.50,1.00
2016.04.22 16:22:17.542,1.86747,1.86784,1.12,1.00
2016.04.22 16:22:19.845,1.86747,1.86782,1.12,1.00
2016.04.22 16:22:20.149,1.86745,1.86775,1.00,1.00
2016.04.22 16:22:20.913,1.86741,1.86775,1.00,1.00
2016.04.22 16:22:20.965,1.86741,1.86781,1.50,1.37
2016.04.22 16:22:21.471,1.86742,1.86781,1.87,1.00
2016.04.22 16:22:24.347,1.86742,1.8678,1.00,1.00
2016.04.22 16:22:24.923,1.86742,1.86781,1.00,1.50
2016.04.22 16:22:25.277,1.86741,1.86778,1.00,1.00
2016.04.22 16:22:25.580,1.86741,1.8678,1.00,1.12
2016.04.22 16:22:26.082,1.86741,1.86779,1.00,1.00
2016.04.22 16:22:26.143,1.86739,1.86776,1.00,1.00
2016.04.22 16:22:27.425,1.8674,1.86776,1.00,1.00
2016.04.22 16:22:27.729,1.86747,1.8678,1.12,1.00
2016.04.22 16:22:28.032,1.86744,1.8678,1.12,1.00
2016.04.22 16:22:28.440,1.86744,1.8678,1.37,1.00
2016.04.22 16:22:28.709,1.86747,1.86786,1.00,1.00
2016.04.22 16:22:29.273,1.86747,1.86786,1.37,1.00
2016.04.22 16:22:29.777,1.86747,1.86785,1.00,1.00
2016.04.22 16:22:30.898,1.86749,1.86785,1.00,1.00
2016.04.22 16:22:31.402,1.86749,1.86786,1.00,1.00
2016.04.22 16:22:32.979,1.86752,1.86787,1.00,1.50
2016.04.22 16:22:33.131,1.86749,1.86786,1.00,1.00
2016.04.22 16:22:33.434,1.86748,1.86783,1.00,1.00
2016.04.22 16:22:33.965,1.86747,1.86783,1.00,1.00
2016.04.22 16:22:35.464,1.86748,1.86783,1.00,1.00
2016.04.22 16:22:35.767,1.86741,1.86778,1.75,2.59
2016.04.22 16:22:35.868,1.86736,1.86775,1.50,1.34
2016.04.22 16:22:36.121,1.86733,1.86771,1.00,1.71
2016.04.22 16:22:36.601,1.86735,1.86771,1.00,1.34
2016.04.22 16:22:37.105,1.86734,1.86771,1.00,1.34
2016.04.22 16:22:37.748,1.86734,1.86771,1.00,1.34
2016.04.22 16:22:38.001,1.8673,1.86767,1.75,1.34
2016.04.22 16:22:38.102,1.86729,1.86764,1.75,1.00
2016.04.22 16:22:38.153,1.86723,1.86763,1.50,1.00
2016.04.22 16:22:38.659,1.86723,1.86762,1.50,1.00
2016.04.22 16:22:39.165,1.86723,1.86763,1.50,1.00
2016.04.22 16:22:39.882,1.86723,1.86758,1.00,1.00
2016.04.22 16:22:40.184,1.86718,1.86753,1.00,1.34
2016.04.22 16:22:40.537,1.86718,1.86749,1.00,1.84
2016.04.22 16:22:41.042,1.86719,1.86749,1.00,1.84
2016.04.22 16:22:41.419,1.86719,1.86744,1.00,1.84
2016.04.22 16:22:41.621,1.86715,1.86744,1.00,1.84
2016.04.22 16:22:42.410,1.86712,1.86747,1.00,1.84
2016.04.22 16:22:42.915,1.86713,1.86738,1.00,1.84
2016.04.22 16:22:43.117,1.86707,1.86738,1.00,1.84
2016.04.22 16:22:43.573,1.8671,1.86738,1.00,1.84
2016.04.22 16:22:43.788,1.8671,1.86745,1.00,1.00
2016.04.22 16:22:44.389,1.8671,1.86749,1.50,1.00
2016.04.22 16:22:44.816,1.86713,1.86749,1.00,1.00
2016.04.22 16:22:45.119,1.86711,1.8675,1.12,1.00
2016.04.22 16:22:45.321,1.86711,1.8675,1.87,1.00
2016.04.22 16:22:45.372,1.86716,1.8675,1.75,1.00
2016.04.22 16:22:45.423,1.86721,1.86758,1.00,1.00
2016.04.22 16:22:45.524,1.8672,1.86754,1.00,1.00
2016.04.22 16:22:45.575,1.86714,1.86753,1.37,1.00
2016.04.22 16:22:45.625,1.86713,1.86748,1.00,1.00
2016.04.22 16:22:45.964,1.8671,1.86748,2.25,1.00
2016.04.22 16:22:47.845,1.86712,1.86748,1.00,1.00
2016.04.22 16:22:49.001,1.86712,1.86745,1.00,1.00
2016.04.22 16:22:49.052,1.8671,1.86745,1.50,1.50
2016.04.22 16:22:49.153,1.86706,1.86744,1.50,1.50
2016.04.22 16:22:49.254,1.86706,1.86744,1.50,1.37
2016.04.22 16:22:50.042,1.86703,1.86739,1.00,1.00
2016.04.22 16:22:52.025,1.86702,1.86739,1.12,1.00
2016.04.22 16:22:52.550,1.86701,1.86739,1.37,1.00
2016.04.22 16:22:53.326,1.86705,1.8674,1.00,1.00
2016.04.22 16:22:53.629,1.86711,1.86748,1.37,1.00
2016.04.22 16:22:53.680,1.8671,1.86756,1.50,2.59
2016.04.22 16:22:53.731,1.86712,1.86756,2.28,1.84
2016.04.22 16:22:53.782,1.86721,1.86758,1.37,2.59
2016.04.22 16:22:54.103,1.86721,1.86754,1.00,1.00
2016.04.22 16:22:55.639,1.86726,1.86754,1.12,1.00
2016.04.22 16:22:55.841,1.86726,1.86759,1.12,1.00
2016.04.22 16:22:55.892,1.86728,1.86759,1.00,1.00
2016.04.22 16:22:56.245,1.86713,1.86748,1.75,1.00
2016.04.22 16:22:56.346,1.86713,1.86747,1.00,1.00
2016.04.22 16:22:56.850,1.86714,1.86748,1.00,1.00
2016.04.22 16:22:57.528,1.86716,1.86748,1.00,1.00
2016.04.22 16:22:57.730,1.86715,1.86753,1.00,1.87
2016.04.22 16:22:57.882,1.86714,1.86749,1.00,1.00
2016.04.22 16:22:57.933,1.86711,1.86749,1.00,1.50
2016.04.22 16:22:58.337,1.86708,1.86746,1.00,1.00
2016.04.22 16:22:58.946,1.86709,1.86746,1.00,1.00
2016.04.22 16:22:59.455,1.86708,1.86746,1.00,1.00
2016.04.22 16:22:59.863,1.86708,1.86746,1.87,1.00
2016.04.22 16:23:00.166,1.86718,1.86754,1.50,1.09
2016.04.22 16:23:02.694,1.86719,1.86755,1.00,1.34
2016.04.22 16:23:03.206,1.86718,1.86755,1.50,1.34
2016.04.22 16:23:03.731,1.86718,1.86755,1.50,1.00
2016.04.22 16:23:03.933,1.86713,1.86752,1.12,1.00
2016.04.22 16:23:04.084,1.86713,1.8675,1.12,1.00
2016.04.22 16:23:04.186,1.86709,1.86749,1.00,1.00
2016.04.22 16:23:04.589,1.86708,1.86745,1.50,1.00
2016.04.22 16:23:07.024,1.8671,1.86748,1.00,1.00
2016.04.22 16:23:17.713,1.8671,1.86747,1.00,1.00
2016.04.22 16:23:17.815,1.86708,1.86745,1.50,1.00
2016.04.22 16:23:18.319,1.86707,1.86745,1.12,1.00
2016.04.22 16:23:18.825,1.86708,1.86745,1.00,1.00
2016.04.22 16:23:19.371,1.86707,1.86745,1.12,1.00
2016.04.22 16:23:19.898,1.86708,1.86745,1.00,1.00
2016.04.22 16:23:20.151,1.86706,1.86745,1.50,1.00
2016.04.22 16:23:20.202,1.86706,1.86742,1.00,1.00
2016.04.22 16:23:20.437,1.86701,1.86738,1.00,1.00
2016.04.22 16:23:21.613,1.86703,1.86738,1.00,1.00
2016.04.22 16:23:23.174,1.86701,1.86738,1.50,1.00
2016.04.22 16:23:23.275,1.86697,1.86735,1.00,1.00
2016.04.22 16:23:23.326,1.86697,1.86735,1.00,2.59
2016.04.22 16:23:24.255,1.86697,1.86734,1.00,1.50
2016.04.22 16:23:24.356,1.86698,1.86736,1.00,1.00
2016.04.22 16:23:24.407,1.86704,1.86738,1.00,1.12
2016.04.22 16:23:24.609,1.8671,1.86747,1.00,1.00
2016.04.22 16:23:26.138,1.86707,1.86744,1.00,1.00
2016.04.22 16:23:26.486,1.86696,1.86733,1.00,2.25
2016.04.22 16:23:26.790,1.86692,1.86728,1.00,1.12
2016.04.22 16:23:27.143,1.8669,1.86728,1.50,1.12
2016.04.22 16:23:29.293,1.86691,1.86729,1.00,1.37
2016.04.22 16:23:29.467,1.867,1.86729,1.00,1.37
2016.04.22 16:23:29.803,1.86712,1.8675,1.37,1.00
2016.04.22 16:23:29.853,1.86714,1.86754,1.37,1.00
2016.04.22 16:23:29.955,1.86717,1.86754,1.12,1.50
2016.04.22 16:23:30.157,1.86717,1.86754,1.37,1.00
2016.04.22 16:23:30.835,1.86717,1.86752,1.00,1.00
2016.04.22 16:23:30.886,1.86715,1.86752,1.00,1.00
2016.04.22 16:23:30.987,1.86717,1.86752,1.00,1.00
2016.04.22 16:23:31.767,1.86721,1.86758,1.00,1.75
2016.04.22 16:23:31.954,1.86721,1.86758,1.50,1.00
2016.04.22 16:23:32.004,1.86723,1.86758,1.00,1.00
2016.04.22 16:23:32.769,1.86722,1.86758,1.00,1.00
2016.04.22 16:23:33.471,1.86721,1.86748,1.50,1.00
2016.04.22 16:23:33.522,1.86718,1.86748,1.50,1.00
2016.04.22 16:23:33.623,1.86712,1.86749,1.50,1.00
2016.04.22 16:23:33.926,1.86709,1.86745,1.37,1.00
2016.04.22 16:23:34.810,1.86709,1.86745,1.00,1.00
2016.04.22 16:23:35.315,1.86708,1.86745,1.00,1.00
2016.04.22 16:23:36.266,1.86711,1.86749,1.00,1.50
2016.04.22 16:23:36.569,1.86711,1.86742,1.50,1.00
2016.04.22 16:23:36.670,1.86706,1.86743,1.00,1.00
2016.04.22 16:23:36.771,1.86704,1.86741,1.12,1.00
2016.04.22 16:23:39.015,1.86705,1.86741,1.00,1.00
2016.04.22 16:23:39.672,1.86704,1.86741,1.12,1.00
2016.04.22 16:23:41.227,1.86705,1.86741,1.37,1.00
2016.04.22 16:23:41.769,1.86707,1.86742,1.87,1.00
2016.04.22 16:23:42.834,1.86709,1.86742,1.12,1.00
2016.04.22 16:23:42.935,1.8671,1.86749,1.87,1.50
2016.04.22 16:23:42.986,1.8671,1.86749,2.25,1.50
2016.04.22 16:23:43.464,1.8671,1.86749,2.25,1.12
2016.04.22 16:23:43.991,1.8671,1.86748,1.00,1.00
2016.04.22 16:23:45.391,1.86707,1.86743,1.00,1.00
2016.04.22 16:23:45.493,1.86702,1.86742,1.87,1.12
2016.04.22 16:23:46.071,1.86702,1.86742,1.50,1.12
2016.04.22 16:23:46.645,1.86702,1.86742,1.87,1.12
2016.04.22 16:23:47.318,1.86706,1.86742,1.10,1.12
2016.04.22 16:23:47.523,1.86716,1.86755,1.00,1.50
2016.04.22 16:23:50.467,1.86713,1.86748,2.25,1.00
2016.04.22 16:23:50.518,1.8671,1.86748,1.50,1.84
2016.04.22 16:23:50.569,1.8671,1.86744,1.00,1.00
2016.04.22 16:23:50.974,1.86698,1.86732,3.37,1.37
2016.04.22 16:23:51.529,1.86701,1.86737,1.37,3.00
2016.04.22 16:23:51.681,1.86706,1.86737,1.00,1.00
2016.04.22 16:23:51.933,1.86706,1.8674,1.37,1.50
2016.04.22 16:23:52.074,1.86706,1.8674,1.12,1.50
2016.04.22 16:23:52.126,1.86708,1.8674,1.37,1.50
2016.04.22 16:23:52.177,1.86707,1.8674,1.37,1.00
2016.04.22 16:23:52.228,1.86707,1.8674,1.12,1.00
2016.04.22 16:23:52.430,1.86704,1.8674,1.12,1.00
2016.04.22 16:23:52.934,1.86703,1.86739,1.00,1.00
2016.04.22 16:23:53.464,1.86703,1.8674,1.00,1.50
2016.04.22 16:23:53.666,1.86703,1.86738,1.00,1.00
2016.04.22 16:23:53.970,1.86698,1.86734,1.12,1.00
2016.04.22 16:23:56.379,1.86697,1.86734,1.00,1.00
2016.04.22 16:23:56.480,1.86705,1.86734,1.00,1.00
2016.04.22 16:23:56.683,1.86713,1.86744,1.00,1.00
2016.04.22 16:23:56.895,1.86713,1.86739,1.00,1.00
2016.04.22 16:23:56.947,1.86702,1.86739,1.87,1.00
2016.04.22 16:23:58.244,1.86706,1.86739,1.00,1.00
2016.04.22 16:23:58.789,1.86703,1.86739,1.00,1.00
2016.04.22 16:23:59.554,1.86702,1.86739,1.00,1.00
2016.04.22 16:23:59.807,1.86702,1.86738,1.00,1.50
2016.04.22 16:24:00.110,1.867,1.86735,1.00,1.00
2016.04.22 16:24:00.211,1.86698,1.86735,1.00,1.00
2016.04.22 16:24:02.293,1.86699,1.86735,1.00,1.00
2016.04.22 16:24:02.596,1.86698,1.86735,1.00,1.37
2016.04.22 16:24:02.798,1.86693,1.8673,1.00,1.00
2016.04.22 16:24:03.225,1.8669,1.86727,1.00,1.00
2016.04.22 16:24:03.831,1.8669,1.86727,1.50,1.50
2016.04.22 16:24:03.982,1.86685,1.86722,1.00,1.00
2016.04.22 16:24:04.084,1.86683,1.86722,1.87,1.00
2016.04.22 16:24:04.260,1.86685,1.86722,1.37,1.00
2016.04.22 16:24:04.563,1.86692,1.86729,1.00,1.75
2016.04.22 16:24:05.111,1.86695,1.86733,1.00,1.75
2016.04.22 16:24:05.213,1.86695,1.86733,1.37,1.75
2016.04.22 16:24:05.314,1.86695,1.86733,1.00,1.75
2016.04.22 16:24:08.100,1.86695,1.86733,1.37,1.75
2016.04.22 16:24:08.603,1.86696,1.86733,1.00,1.75
2016.04.22 16:24:08.907,1.86705,1.86738,1.00,1.00
2016.04.22 16:24:09.009,1.86698,1.86735,1.00,1.37
2016.04.22 16:24:09.060,1.86695,1.8673,1.12,1.00
2016.04.22 16:24:09.111,1.86692,1.86727,1.00,1.00
2016.04.22 16:24:09.162,1.86689,1.86726,1.00,1.00
2016.04.22 16:24:09.357,1.86686,1.86722,1.37,1.00
2016.04.22 16:24:11.695,1.86685,1.86722,1.37,1.00
2016.04.22 16:24:12.233,1.86685,1.86722,1.00,1.00
2016.04.22 16:24:12.726,1.86685,1.86722,1.00,1.37
2016.04.22 16:24:12.777,1.8668,1.86717,1.50,1.00
2016.04.22 16:24:12.827,1.8668,1.86714,1.00,1.50
2016.04.22 16:24:12.979,1.86677,1.86714,1.00,1.50
2016.04.22 16:24:13.636,1.86676,1.86714,1.00,1.50
2016.04.22 16:24:14.139,1.86677,1.86714,1.00,1.50
2016.04.22 16:24:14.697,1.86677,1.86709,1.00,1.00
2016.04.22 16:24:15.289,1.86674,1.86709,1.87,1.00
2016.04.22 16:24:15.840,1.86674,1.86709,1.00,1.00
2016.04.22 16:24:16.743,1.86674,1.86714,1.37,1.50
2016.04.22 16:24:16.844,1.86677,1.86714,1.00,1.00
2016.04.22 16:24:17.024,1.86668,1.86695,1.00,1.00
2016.04.22 16:24:17.077,1.86663,1.86695,1.00,1.12
2016.04.22 16:24:17.128,1.86658,1.86696,1.37,1.37
2016.04.22 16:24:17.230,1.8666,1.86695,1.81,1.12
2016.04.22 16:24:17.331,1.8666,1.86698,1.87,1.37
2016.04.22 16:24:17.382,1.86666,1.86703,1.00,1.12
2016.04.22 16:24:17.433,1.86666,1.86695,1.00,1.00
2016.04.22 16:24:17.484,1.86658,1.86695,1.12,1.00
2016.04.22 16:24:17.535,1.86658,1.86695,1.12,1.37
2016.04.22 16:24:17.912,1.86652,1.86686,1.12,1.50
2016.04.22 16:24:18.167,1.86646,1.86686,1.00,2.25
2016.04.22 16:24:18.218,1.86646,1.86682,1.00,1.00
2016.04.22 16:24:18.736,1.86647,1.86682,1.00,1.00
2016.04.22 16:24:21.017,1.86645,1.86682,1.12,1.00
2016.04.22 16:24:21.535,1.86645,1.86681,1.00,1.00
2016.04.22 16:24:22.457,1.86641,1.86682,1.00,1.75
2016.04.22 16:24:22.802,1.86637,1.86682,1.50,2.25
2016.04.22 16:24:23.165,1.86636,1.86675,1.50,1.00
2016.04.22 16:24:23.694,1.86636,1.86674,1.00,1.00
2016.04.22 16:24:25.237,1.86636,1.86675,1.00,1.00
2016.04.22 16:24:25.287,1.86633,1.86675,1.50,1.00
2016.04.22 16:24:27.228,1.86635,1.86675,1.00,1.00
2016.04.22 16:24:27.279,1.86636,1.86674,1.37,1.00
2016.04.22 16:24:27.583,1.86641,1.86681,1.37,1.75
2016.04.22 16:24:27.685,1.86641,1.86685,2.62,1.12
2016.04.22 16:24:28.230,1.86647,1.86686,1.00,2.25
2016.04.22 16:24:30.137,1.86644,1.86686,1.12,1.50
2016.04.22 16:24:31.807,1.86641,1.86686,1.50,1.50
2016.04.22 16:24:31.963,1.86638,1.8668,1.87,1.00
2016.04.22 16:24:32.273,1.86636,1.86681,1.87,1.37
2016.04.22 16:24:32.324,1.86636,1.86678,1.50,1.00
2016.04.22 16:24:33.674,1.86636,1.86678,1.37,1.00
2016.04.22 16:24:33.978,1.86641,1.86678,1.00,1.00
2016.04.22 16:24:34.130,1.86641,1.86681,1.00,1.00
2016.04.22 16:24:34.181,1.86641,1.86674,1.00,1.00
2016.04.22 16:24:34.232,1.86634,1.86674,1.12,1.00
2016.04.22 16:24:36.414,1.86631,1.86674,1.12,1.00
2016.04.22 16:24:39.056,1.86631,1.86674,1.50,1.00
2016.04.22 16:24:40.566,1.86631,1.86669,1.12,1.00
2016.04.22 16:24:41.100,1.8663,1.86668,1.00,1.00
2016.04.22 16:24:41.562,1.86627,1.86668,1.37,1.00
2016.04.22 16:24:41.764,1.86629,1.86669,1.12,1.12
2016.04.22 16:24:42.431,1.86629,1.86669,1.37,1.12
2016.04.22 16:24:42.683,1.86629,1.86673,1.50,1.00
2016.04.22 16:24:43.187,1.86629,1.86673,1.50,1.00
2016.04.22 16:24:45.079,1.86631,1.86674,1.00,1.00
2016.04.22 16:24:47.505,1.86632,1.86674,1.00,1.50
2016.04.22 16:24:48.053,1.86632,1.86673,1.00,1.00
2016.04.22 16:24:48.891,1.86632,1.86674,1.00,1.50
2016.04.22 16:24:49.107,1.86632,1.86667,1.00,1.00
2016.04.22 16:24:49.158,1.86627,1.86667,1.00,1.12
2016.04.22 16:24:49.310,1.86626,1.86661,1.00,1.00
2016.04.22 16:24:49.412,1.86621,1.86661,1.00,1.00
2016.04.22 16:24:51.185,1.86621,1.86659,1.00,1.00
2016.04.22 16:24:52.301,1.86621,1.8666,1.50,1.00
2016.04.22 16:24:53.002,1.86623,1.86661,1.00,1.00
2016.04.22 16:24:53.665,1.86621,1.86661,1.87,1.00
2016.04.22 16:24:53.918,1.86623,1.86662,1.00,1.12
2016.04.22 16:24:54.728,1.86623,1.86661,1.00,1.00
2016.04.22 16:24:56.310,1.86623,1.86662,1.00,1.12
2016.04.22 16:24:56.613,1.86637,1.86662,1.00,1.12
2016.04.22 16:24:56.765,1.86641,1.8667,1.00,1.00
2016.04.22 16:24:56.816,1.86638,1.86676,1.00,1.00
2016.04.22 16:24:56.867,1.86636,1.86672,1.00,1.00
2016.04.22 16:24:56.968,1.86626,1.86666,1.00,1.00
2016.04.22 16:24:57.343,1.86623,1.86666,1.37,1.75
2016.04.22 16:24:58.203,1.86627,1.86666,1.00,1.75
2016.04.22 16:24:58.405,1.86625,1.86666,1.00,1.75
2016.04.22 16:24:58.514,1.86624,1.86665,1.37,1.50
2016.04.22 16:24:59.016,1.86628,1.86665,1.00,1.50
2016.04.22 16:25:00.523,1.86628,1.86665,1.37,1.50
2016.04.22 16:25:02.602,1.86628,1.86665,1.00,1.50
2016.04.22 16:25:02.855,1.86632,1.8667,1.00,1.00
2016.04.22 16:25:04.335,1.86632,1.86669,1.00,1.37
2016.04.22 16:25:04.386,1.86629,1.86666,1.00,1.00
2016.04.22 16:25:04.589,1.86625,1.86663,1.50,1.00
2016.04.22 16:25:08.018,1.86625,1.86663,1.00,1.87
2016.04.22 16:25:12.381,1.86634,1.86663,1.00,1.50
2016.04.22 16:25:12.533,1.86641,1.86678,1.00,1.37
2016.04.22 16:25:12.584,1.86641,1.86678,1.00,1.00
2016.04.22 16:25:12.971,1.86643,1.86679,1.00,1.00
2016.04.22 16:25:13.425,1.86643,1.86672,1.00,1.00
2016.04.22 16:25:13.527,1.86636,1.86673,1.00,1.50
2016.04.22 16:25:15.768,1.86639,1.86673,1.00,1.00
2016.04.22 16:25:15.920,1.86639,1.86676,1.00,1.00
2016.04.22 16:25:16.918,1.86639,1.86677,1.87,1.12
2016.04.22 16:25:16.969,1.86643,1.8668,1.00,1.00
2016.04.22 16:25:17.272,1.86651,1.86688,1.00,1.00
2016.04.22 16:25:17.374,1.86647,1.86687,1.50,1.00
2016.04.22 16:25:17.425,1.86647,1.86683,1.50,1.00
2016.04.22 16:25:18.159,1.86646,1.86683,1.00,1.50
2016.04.22 16:25:19.706,1.86647,1.86685,1.00,1.00
2016.04.22 16:25:20.335,1.86644,1.86678,1.00,1.00
2016.04.22 16:25:20.386,1.86641,1.86678,1.00,1.00
2016.04.22 16:25:21.692,1.86641,1.8668,1.00,1.00
2016.04.22 16:25:21.794,1.86646,1.86683,1.00,1.00
2016.04.22 16:25:22.097,1.8664,1.86678,1.12,1.50
2016.04.22 16:25:22.249,1.86636,1.86675,1.50,1.00
2016.04.22 16:25:22.653,1.86636,1.86672,1.00,1.00
2016.04.22 16:25:23.020,1.86633,1.8667,1.37,1.00
2016.04.22 16:25:24.166,1.86636,1.86674,1.00,1.50
2016.04.22 16:25:24.368,1.8664,1.86678,1.00,1.12
2016.04.22 16:25:24.822,1.86636,1.86675,1.00,1.00
2016.04.22 16:25:25.246,1.86636,1.86669,1.00,1.00
2016.04.22 16:25:25.398,1.86627,1.86664,1.12,1.37
2016.04.22 16:25:25.499,1.86624,1.86661,1.00,1.00
2016.04.22 16:25:26.440,1.86628,1.86664,1.00,1.75
2016.04.22 16:25:26.693,1.86628,1.86665,1.00,1.50
2016.04.22 16:25:27.359,1.8663,1.86665,1.00,1.00
2016.04.22 16:25:27.410,1.86632,1.86669,1.00,1.50
2016.04.22 16:25:27.461,1.86632,1.8667,1.37,1.75
2016.04.22 16:25:27.512,1.86638,1.86673,1.00,1.00
2016.04.22 16:25:27.563,1.86638,1.86676,1.37,1.87
2016.04.22 16:25:27.754,1.86641,1.86678,1.00,1.00
2016.04.22 16:25:27.808,1.86641,1.8668,1.00,1.00
2016.04.22 16:25:28.463,1.86641,1.86679,1.00,1.00
2016.04.22 16:25:30.571,1.86641,1.8668,1.50,1.50
2016.04.22 16:25:31.127,1.86645,1.86684,1.00,1.12
2016.04.22 16:25:31.430,1.86649,1.86684,1.00,1.00
2016.04.22 16:25:31.531,1.86649,1.86687,1.00,1.00
2016.04.22 16:25:32.062,1.86649,1.86688,1.00,1.00
2016.04.22 16:25:35.332,1.86652,1.8669,1.00,1.00
2016.04.22 16:25:35.837,1.86652,1.86684,1.00,1.00
2016.04.22 16:25:35.938,1.86639,1.86677,1.50,1.00
2016.04.22 16:25:35.990,1.86639,1.86674,1.00,1.37
2016.04.22 16:25:36.041,1.86634,1.86674,1.00,1.75
2016.04.22 16:25:36.787,1.86631,1.8667,1.00,1.00
2016.04.22 16:25:37.292,1.86631,1.86669,1.00,1.00
2016.04.22 16:25:37.796,1.86627,1.86667,1.50,1.00
2016.04.22 16:25:52.157,1.86633,1.86668,1.00,1.37
2016.04.22 16:25:52.208,1.86628,1.86666,1.12,1.50
2016.04.22 16:25:52.260,1.86628,1.8666,1.00,1.00
2016.04.22 16:25:52.311,1.86624,1.8666,1.00,1.00
2016.04.22 16:25:52.766,1.86628,1.86666,1.00,1.00
2016.04.22 16:25:53.054,1.86628,1.86666,2.25,1.00
2016.04.22 16:25:54.762,1.86631,1.86668,1.00,1.00
2016.04.22 16:25:54.863,1.86631,1.86671,1.00,1.50
2016.04.22 16:25:55.740,1.86631,1.8667,1.00,1.00
2016.04.22 16:25:57.769,1.86631,1.86669,1.00,1.00
2016.04.22 16:25:59.676,1.86631,1.86669,1.00,1.37
2016.04.22 16:25:59.928,1.86615,1.86651,1.00,1.00
2016.04.22 16:26:00.325,1.86616,1.86654,1.00,1.00
2016.04.22 16:26:00.427,1.86619,1.86656,1.00,1.37
2016.04.22 16:26:00.629,1.86624,1.86662,1.00,1.00
2016.04.22 16:26:00.680,1.86626,1.86665,1.00,1.75
2016.04.22 16:26:00.831,1.86626,1.86665,1.12,1.00
2016.04.22 16:26:00.882,1.86626,1.86663,1.12,1.00
2016.04.22 16:26:01.225,1.86628,1.8666,1.00,1.00
2016.04.22 16:26:01.275,1.8663,1.8667,1.00,1.87
2016.04.22 16:26:01.377,1.8663,1.86669,1.75,1.00
2016.04.22 16:26:01.680,1.86632,1.86667,1.00,1.50
2016.04.22 16:26:02.587,1.86628,1.86667,1.00,1.00
2016.04.22 16:26:03.035,1.86631,1.86667,1.00,1.00
2016.04.22 16:26:03.249,1.86629,1.86666,1.00,1.00
2016.04.22 16:26:03.350,1.86632,1.86667,1.00,1.00
2016.04.22 16:26:03.866,1.86632,1.86666,1.00,1.00
2016.04.22 16:26:04.017,1.86627,1.86666,1.00,1.00
2016.04.22 16:26:05.117,1.86627,1.86667,1.00,1.50
2016.04.22 16:26:08.447,1.86633,1.86667,1.00,1.00
2016.04.22 16:26:08.750,1.86638,1.86677,1.50,1.12
2016.04.22 16:26:08.851,1.86638,1.86674,1.00,1.50
2016.04.22 16:26:09.270,1.86632,1.86669,1.00,1.00
2016.04.22 16:26:09.573,1.86634,1.86669,1.00,1.00
2016.04.22 16:26:09.876,1.86632,1.86669,1.12,1.00
2016.04.22 16:26:10.429,1.86631,1.86669,1.00,1.00
2016.04.22 16:26:10.753,1.86631,1.86663,1.00,1.00
2016.04.22 16:26:10.904,1.86627,1.86663,1.00,1.00
2016.04.22 16:26:11.454,1.86627,1.86662,1.00,1.00
2016.04.22 16:26:13.750,1.86627,1.86663,1.00,1.00
2016.04.22 16:26:13.961,1.86627,1.86666,1.37,1.50
2016.04.22 16:26:14.063,1.86627,1.86666,1.37,1.50
2016.04.22 16:26:14.114,1.86632,1.86666,1.00,1.50
2016.04.22 16:26:14.613,1.86627,1.86665,2.25,1.37
2016.04.22 16:26:15.619,1.86627,1.86665,1.00,1.50
2016.04.22 16:26:16.767,1.86627,1.86664,1.00,1.00
2016.04.22 16:26:17.171,1.86627,1.8666,1.00,1.00
2016.04.22 16:26:17.221,1.86625,1.8666,1.00,1.00
2016.04.22 16:26:17.723,1.86626,1.86661,1.00,1.00
2016.04.22 16:26:21.691,1.86625,1.86661,1.00,1.00
2016.04.22 16:26:22.208,1.86625,1.86661,1.37,1.00
2016.04.22 16:26:22.410,1.86627,1.86665,1.00,1.50
2016.04.22 16:26:24.050,1.86625,1.8666,1.00,1.00
2016.04.22 16:26:24.101,1.86623,1.8666,1.00,1.50
2016.04.22 16:26:24.697,1.86622,1.8666,1.12,1.50
2016.04.22 16:26:26.694,1.86622,1.86659,1.00,1.00
2016.04.22 16:26:27.211,1.86622,1.8666,1.00,1.50
2016.04.22 16:26:27.414,1.86624,1.8666,1.00,1.50
2016.04.22 16:26:27.962,1.86625,1.8666,1.00,1.00
2016.04.22 16:26:31.612,1.86625,1.86659,1.00,1.00
2016.04.22 16:26:35.812,1.86625,1.86664,1.00,2.25
2016.04.22 16:26:39.292,1.86623,1.8666,1.00,1.00
2016.04.22 16:26:41.344,1.86623,1.86657,1.00,1.00
2016.04.22 16:26:41.747,1.86619,1.86658,1.50,1.87
2016.04.22 16:26:43.885,1.86619,1.86658,1.37,1.87
2016.04.22 16:26:44.138,1.86619,1.86657,1.50,1.00
2016.04.22 16:26:45.420,1.86622,1.86657,1.00,1.00
2016.04.22 16:26:48.666,1.86622,1.86658,1.00,1.12
2016.04.22 16:26:51.343,1.86619,1.86658,1.00,1.87
2016.04.22 16:26:51.971,1.86619,1.86657,1.37,1.00
2016.04.22 16:26:52.503,1.86621,1.86657,1.00,1.00
2016.04.22 16:26:54.455,1.86621,1.86658,1.00,1.87
2016.04.22 16:26:54.989,1.8662,1.86658,1.00,1.87
2016.04.22 16:26:55.508,1.86619,1.86658,1.00,1.87
2016.04.22 16:27:01.324,1.86619,1.86654,1.00,1.00
2016.04.22 16:27:01.628,1.8661,1.86647,1.00,1.00
2016.04.22 16:27:02.301,1.8661,1.86647,1.00,1.87
2016.04.22 16:27:03.382,1.86621,1.86652,1.00,1.00
2016.04.22 16:27:03.433,1.8662,1.86657,1.12,1.12
2016.04.22 16:27:03.837,1.86621,1.86661,1.00,1.50
2016.04.22 16:27:05.339,1.86622,1.86661,1.00,1.00
2016.04.22 16:27:05.708,1.86625,1.86662,1.00,1.00
2016.04.22 16:27:06.062,1.86623,1.8666,1.00,1.00
2016.04.22 16:27:06.365,1.86613,1.86652,1.87,1.00
2016.04.22 16:27:06.699,1.86612,1.8665,1.87,1.00
2016.04.22 16:27:06.751,1.86612,1.86651,1.00,1.37
2016.04.22 16:27:06.953,1.86612,1.86648,1.00,1.00
2016.04.22 16:27:07.205,1.86609,1.86647,1.00,1.00
2016.04.22 16:27:07.357,1.86607,1.86647,2.62,1.00
2016.04.22 16:27:07.559,1.86607,1.86645,2.25,1.00
2016.04.22 16:27:08.067,1.86607,1.86647,2.25,1.50
2016.04.22 16:27:08.370,1.86608,1.86647,1.37,1.87
2016.04.22 16:27:08.692,1.86611,1.86647,1.00,1.87
2016.04.22 16:27:09.827,1.86611,1.86647,1.00,1.00
2016.04.22 16:27:10.131,1.86614,1.86647,1.00,1.00
2016.04.22 16:27:10.334,1.86615,1.86651,1.00,1.09
2016.04.22 16:27:10.533,1.86615,1.86654,1.00,1.50
2016.04.22 16:27:11.037,1.86615,1.86654,1.50,1.00
2016.04.22 16:27:12.231,1.86615,1.86648,1.50,1.00
2016.04.22 16:27:12.333,1.86615,1.86655,1.87,1.50
2016.04.22 16:27:12.484,1.86621,1.86655,1.00,1.00
2016.04.22 16:27:12.636,1.86625,1.86664,1.50,1.00
2016.04.22 16:27:13.140,1.86626,1.86664,1.00,1.00
2016.04.22 16:27:13.534,1.86622,1.86659,1.50,1.00
2016.04.22 16:27:13.837,1.86621,1.86655,1.00,1.00
2016.04.22 16:27:13.938,1.86618,1.86655,1.00,1.00
2016.04.22 16:27:14.242,1.86615,1.86651,1.12,1.00
2016.04.22 16:27:14.343,1.86611,1.86651,1.00,1.12
2016.04.22 16:27:14.729,1.86617,1.86654,1.00,2.25
2016.04.22 16:27:15.032,1.86617,1.86653,1.00,1.00
2016.04.22 16:27:15.258,1.86613,1.86651,1.50,1.00
2016.04.22 16:27:15.987,1.86613,1.8665,1.00,1.00
2016.04.22 16:27:16.240,1.86613,1.86649,1.00,2.25
2016.04.22 16:27:16.291,1.86608,1.86645,1.00,1.00
2016.04.22 16:27:16.797,1.86608,1.86644,1.00,1.00
2016.04.22 16:27:16.984,1.86604,1.86643,1.00,1.00
2016.04.22 16:27:18.600,1.86604,1.86638,1.00,1.00
2016.04.22 16:27:19.734,1.86601,1.86638,1.00,1.87
2016.04.22 16:27:19.913,1.86597,1.86633,1.00,1.00
2016.04.22 16:27:20.417,1.86597,1.86634,1.00,1.00
2016.04.22 16:27:20.720,1.86597,1.86633,1.87,1.00
2016.04.22 16:27:21.723,1.86597,1.86634,1.87,1.00
2016.04.22 16:27:22.280,1.86597,1.86628,1.00,1.00
2016.04.22 16:27:22.422,1.86597,1.86634,1.00,1.00
2016.04.22 16:27:22.474,1.86596,1.86629,1.00,1.00
2016.04.22 16:27:22.778,1.86596,1.86625,1.00,1.00
2016.04.22 16:27:22.980,1.86594,1.86631,1.00,1.37
2016.04.22 16:27:23.081,1.86594,1.86634,1.00,2.25
2016.04.22 16:27:23.394,1.86594,1.86634,1.87,1.50
2016.04.22 16:27:23.446,1.86599,1.86638,1.37,1.50
2016.04.22 16:27:23.497,1.866,1.86638,1.37,1.12
2016.04.22 16:27:24.039,1.866,1.86638,1.37,1.00
2016.04.22 16:27:25.439,1.866,1.86638,1.00,1.00
2016.04.22 16:27:25.551,1.866,1.86638,1.37,1.00
2016.04.22 16:27:25.865,1.86604,1.86639,1.00,1.00
2016.04.22 16:27:26.067,1.86603,1.86641,1.00,1.00
2016.04.22 16:27:28.125,1.86603,1.86638,1.00,1.00
2016.04.22 16:27:28.176,1.86599,1.86637,1.12,1.00
2016.04.22 16:27:29.571,1.86599,1.86637,1.75,1.00
2016.04.22 16:27:29.623,1.86606,1.86642,1.50,1.00
2016.04.22 16:27:29.724,1.86607,1.86645,1.00,1.00
2016.04.22 16:27:30.229,1.86608,1.86645,1.00,1.00
2016.04.22 16:27:30.621,1.86605,1.86642,1.87,1.00
2016.04.22 16:27:31.594,1.86605,1.86644,1.00,3.00
2016.04.22 16:27:32.092,1.866,1.86635,1.50,1.00
2016.04.22 16:27:32.294,1.86602,1.86639,1.00,1.37
2016.04.22 16:27:32.799,1.86601,1.86639,1.00,1.00
2016.04.22 16:27:34.611,1.86602,1.86639,1.00,1.00
2016.04.22 16:27:34.914,1.866,1.86635,1.37,1.00
2016.04.22 16:27:35.267,1.86597,1.86635,1.00,1.50
2016.04.22 16:27:39.208,1.86598,1.86635,1.00,1.00
2016.04.22 16:27:39.309,1.866,1.86636,1.00,1.00
2016.04.22 16:27:40.020,1.866,1.8664,1.00,1.00
2016.04.22 16:27:40.222,1.86605,1.8664,1.00,1.00
2016.04.22 16:27:40.753,1.86605,1.86642,1.50,1.50
2016.04.22 16:27:41.006,1.86603,1.8664,1.00,1.00
2016.04.22 16:27:41.107,1.866,1.8664,1.00,1.00
2016.04.22 16:27:41.731,1.866,1.86639,1.00,1.00
2016.04.22 16:27:43.329,1.86597,1.86635,1.00,1.50
2016.04.22 16:27:43.656,1.86597,1.86633,1.00,1.00
2016.04.22 16:27:44.743,1.86597,1.86629,1.00,1.00
2016.04.22 16:27:45.075,1.86573,1.86609,1.12,1.00
2016.04.22 16:27:45.177,1.86574,1.86611,1.00,1.00
2016.04.22 16:27:45.227,1.86576,1.86613,1.00,2.25
2016.04.22 16:27:45.379,1.86578,1.86617,1.00,1.00
2016.04.22 16:27:46.318,1.86578,1.86618,1.00,2.25
2016.04.22 16:27:47.056,1.86579,1.86618,1.00,3.00
2016.04.22 16:27:47.157,1.86584,1.86618,1.87,1.00
2016.04.22 16:27:47.259,1.86588,1.86624,1.00,1.00
2016.04.22 16:27:48.161,1.8659,1.86624,1.12,1.00
2016.04.22 16:27:48.531,1.86592,1.86623,1.00,1.00
2016.04.22 16:27:48.670,1.86596,1.86629,1.00,1.00
2016.04.22 16:27:49.108,1.86591,1.86629,1.50,1.00
2016.04.22 16:27:50.016,1.86591,1.8663,1.50,1.00
2016.04.22 16:27:50.545,1.86591,1.86629,1.50,1.00
2016.04.22 16:27:51.087,1.86591,1.8663,1.50,2.25
2016.04.22 16:27:51.188,1.86595,1.8663,1.00,1.50
2016.04.22 16:27:51.410,1.86585,1.86623,1.00,2.25
2016.04.22 16:27:51.461,1.86594,1.86624,1.00,1.00
2016.04.22 16:27:51.562,1.86596,1.8663,1.50,1.00
2016.04.22 16:27:51.613,1.866,1.86636,1.00,1.00
2016.04.22 16:27:51.664,1.866,1.86636,1.37,1.00
2016.04.22 16:27:52.168,1.86601,1.86636,1.12,1.00
2016.04.22 16:27:52.219,1.86601,1.86639,1.87,1.00
2016.04.22 16:27:52.507,1.86604,1.86643,1.00,1.50
2016.04.22 16:27:52.910,1.86601,1.86638,1.37,1.00
2016.04.22 16:27:56.442,1.86604,1.86642,1.00,1.00
2016.04.22 16:27:56.593,1.86604,1.8664,1.00,1.20
2016.04.22 16:27:56.644,1.866,1.86638,1.00,1.00
2016.04.22 16:27:56.789,1.86599,1.86635,1.00,1.75
2016.04.22 16:27:57.294,1.86596,1.86634,1.00,2.25
2016.04.22 16:27:57.395,1.86596,1.86629,1.00,1.00
2016.04.22 16:27:57.446,1.86591,1.86629,1.00,1.50
2016.04.22 16:27:57.496,1.86589,1.86628,1.00,1.50
2016.04.22 16:27:57.548,1.86586,1.86625,1.00,1.00
2016.04.22 16:27:57.699,1.86591,1.86628,1.00,2.25
2016.04.22 16:28:01.523,1.86586,1.86625,1.00,1.00
2016.04.22 16:28:01.574,1.86586,1.86623,1.00,1.00
2016.04.22 16:28:01.896,1.86583,1.86617,1.00,1.00
2016.04.22 16:28:01.947,1.86578,1.86617,1.87,1.00
2016.04.22 16:28:01.998,1.8658,1.86617,1.00,1.00
2016.04.22 16:28:02.354,1.86578,1.86617,1.12,1.00
2016.04.22 16:28:03.101,1.86579,1.86618,1.00,1.50
2016.04.22 16:28:03.202,1.86582,1.86618,1.00,1.50
2016.04.22 16:28:03.404,1.86585,1.86625,1.00,1.00
2016.04.22 16:28:05.400,1.86585,1.86609,1.00,1.00
2016.04.22 16:28:05.656,1.86568,1.86607,1.00,1.75
2016.04.22 16:28:05.707,1.86564,1.86601,1.00,1.50
2016.04.22 16:28:08.646,1.86571,1.86608,1.12,1.75
2016.04.22 16:28:08.697,1.86576,1.86613,1.00,1.12
2016.04.22 16:28:08.798,1.86581,1.86618,1.00,1.00
2016.04.22 16:28:09.218,1.86586,1.86623,1.00,1.00
2016.04.22 16:28:10.571,1.86583,1.86619,1.00,1.00
2016.04.22 16:28:11.899,1.86585,1.86623,1.00,1.00
2016.04.22 16:28:14.853,1.86585,1.86621,1.00,1.00
2016.04.22 16:28:14.904,1.86581,1.86619,1.37,1.12
2016.04.22 16:28:15.156,1.86581,1.86616,1.00,1.00
2016.04.22 16:28:15.510,1.86578,1.86615,1.00,1.00
2016.04.22 16:28:22.194,1.86579,1.86615,1.00,1.00
2016.04.22 16:28:22.296,1.8658,1.86617,1.00,1.00
2016.04.22 16:28:23.778,1.8658,1.86616,1.00,1.00
2016.04.22 16:28:23.829,1.86578,1.86615,1.00,1.00
2016.04.22 16:28:24.745,1.86581,1.86616,1.00,1.00
2016.04.22 16:28:25.905,1.86581,1.86617,1.00,1.00
2016.04.22 16:28:28.308,1.86581,1.86616,1.00,1.00
2016.04.22 16:28:30.187,1.86578,1.86616,1.00,1.50
2016.04.22 16:28:35.469,1.86583,1.86617,1.00,1.00
2016.04.22 16:28:38.840,1.86583,1.8662,1.00,1.00
2016.04.22 16:28:38.942,1.86587,1.86624,1.00,1.50
2016.04.22 16:28:39.195,1.86594,1.86633,1.50,1.00
2016.04.22 16:28:39.246,1.86593,1.8663,1.00,1.00
2016.04.22 16:28:39.572,1.86584,1.86618,1.00,1.00
2016.04.22 16:28:40.530,1.86584,1.86617,1.00,1.00
2016.04.22 16:28:40.681,1.86579,1.86617,1.50,1.00
2016.04.22 16:28:40.747,1.86582,1.86618,1.00,1.00
2016.04.22 16:28:41.151,1.86585,1.86618,1.00,1.00
2016.04.22 16:28:41.403,1.86583,1.86618,1.00,1.00
2016.04.22 16:28:41.605,1.86581,1.86618,1.50,1.50
2016.04.22 16:28:42.153,1.86582,1.86618,1.00,1.00
2016.04.22 16:28:43.431,1.86582,1.86618,1.87,1.00
2016.04.22 16:28:43.482,1.86586,1.86622,1.37,1.50
2016.04.22 16:28:43.533,1.86587,1.86626,1.87,1.75
2016.04.22 16:28:43.634,1.86587,1.86625,1.50,1.00
2016.04.22 16:28:43.686,1.8659,1.86625,1.00,1.00
2016.04.22 16:28:43.737,1.86586,1.86624,1.50,1.00
2016.04.22 16:28:43.839,1.86586,1.86622,1.50,1.00
2016.04.22 16:28:44.274,1.86582,1.8662,1.00,1.00
2016.04.22 16:28:45.117,1.86582,1.8662,1.00,1.37
2016.04.22 16:28:45.218,1.86577,1.86612,1.00,1.00
2016.04.22 16:28:45.270,1.86575,1.86612,1.00,1.00
2016.04.22 16:28:46.152,1.86575,1.86611,1.37,1.00
2016.04.22 16:28:46.668,1.86578,1.86612,1.12,1.00
2016.04.22 16:28:47.067,1.86575,1.86612,1.00,1.00
2016.04.22 16:28:54.248,1.86575,1.86609,1.00,1.00
2016.04.22 16:28:54.693,1.86575,1.86612,1.37,1.00
2016.04.22 16:28:54.744,1.86578,1.86615,1.50,1.00
2016.04.22 16:28:54.795,1.86581,1.86615,1.00,1.00
2016.04.22 16:28:55.098,1.86577,1.86611,1.50,1.00
2016.04.22 16:28:55.444,1.86577,1.86615,1.50,1.00
2016.04.22 16:28:55.898,1.86577,1.86612,1.00,1.00
2016.04.22 16:28:56.050,1.86574,1.86612,1.00,1.00
2016.04.22 16:29:00.157,1.86576,1.86612,1.00,1.00
2016.04.22 16:29:00.460,1.86578,1.86612,1.00,1.00
2016.04.22 16:29:00.511,1.86578,1.86617,1.00,1.50
2016.04.22 16:29:00.562,1.86581,1.86621,1.00,2.25
2016.04.22 16:29:00.907,1.86595,1.86631,1.00,1.00
2016.04.22 16:29:01.312,1.86592,1.8663,1.37,1.00
2016.04.22 16:29:01.615,1.86597,1.86632,1.12,1.50
2016.04.22 16:29:02.103,1.86593,1.8663,1.00,1.87
2016.04.22 16:29:02.204,1.86588,1.86625,1.00,1.87
2016.04.22 16:29:02.507,1.86584,1.86621,1.50,1.00
2016.04.22 16:29:03.609,1.86584,1.8662,1.00,1.00
2016.04.22 16:29:05.037,1.86584,1.86616,1.00,1.00
2016.04.22 16:29:05.088,1.86579,1.86616,1.12,1.00
2016.04.22 16:29:05.624,1.86579,1.86615,1.12,1.00
2016.04.22 16:29:06.223,1.86579,1.86616,1.87,1.00
2016.04.22 16:29:06.324,1.86579,1.8661,1.50,1.00
2016.04.22 16:29:06.476,1.86576,1.8661,1.00,1.37
2016.04.22 16:29:06.729,1.86571,1.8661,1.00,1.75
2016.04.22 16:29:07.067,1.86569,1.86607,1.00,1.00
2016.04.22 16:29:07.572,1.86568,1.86607,1.00,1.00
2016.04.22 16:29:07.623,1.86568,1.86604,1.00,1.00
2016.04.22 16:29:09.617,1.86568,1.86605,1.00,1.00
2016.04.22 16:29:10.531,1.8657,1.86605,1.00,1.00
2016.04.22 16:29:11.084,1.8657,1.86604,1.00,1.00
2016.04.22 16:29:11.135,1.86572,1.86607,1.00,1.00
2016.04.22 16:29:11.186,1.86573,1.86613,1.00,1.50
2016.04.22 16:29:11.237,1.86573,1.86613,1.00,1.12
2016.04.22 16:29:11.540,1.86573,1.8661,1.00,1.00
2016.04.22 16:29:12.250,1.8657,1.86607,1.87,1.00
2016.04.22 16:29:12.846,1.8657,1.86606,1.12,1.00
2016.04.22 16:29:14.151,1.8657,1.86605,1.00,1.00
2016.04.22 16:29:14.303,1.86566,1.86604,1.37,1.00
2016.04.22 16:29:16.337,1.86566,1.86604,1.00,1.50
2016.04.22 16:29:17.160,1.86566,1.86599,1.00,1.00
2016.04.22 16:29:17.660,1.86566,1.86603,1.00,1.00
2016.04.22 16:29:18.162,1.86566,1.86604,3.00,1.00
2016.04.22 16:29:18.213,1.86573,1.86609,1.00,1.75
2016.04.22 16:29:18.365,1.86568,1.86604,1.75,1.00
2016.04.22 16:29:18.466,1.86568,1.86604,1.00,1.00
2016.04.22 16:29:18.669,1.86565,1.86603,1.00,1.00
2016.04.22 16:29:19.292,1.86569,1.86605,1.00,1.00
2016.04.22 16:29:20.895,1.86569,1.86605,1.87,1.00
2016.04.22 16:29:21.199,1.86573,1.86607,1.00,1.00
2016.04.22 16:29:21.502,1.86577,1.86612,1.00,2.25
2016.04.22 16:29:21.553,1.86575,1.86611,1.00,1.12
2016.04.22 16:29:21.970,1.86572,1.86611,1.00,1.12
2016.04.22 16:29:22.072,1.86572,1.86608,1.00,1.00
2016.04.22 16:29:22.123,1.86568,1.86608,1.12,1.50
2016.04.22 16:29:22.173,1.86568,1.86603,1.87,1.00
2016.04.22 16:29:22.377,1.86565,1.86602,1.00,1.87
2016.04.22 16:29:22.801,1.86565,1.866,1.00,1.00
2016.04.22 16:29:23.458,1.86565,1.86598,1.00,1.00
2016.04.22 16:29:23.584,1.86563,1.86598,1.00,1.00
2016.04.22 16:29:24.379,1.86563,1.86599,1.00,1.00
2016.04.22 16:29:25.163,1.86563,1.86597,1.00,1.00
2016.04.22 16:29:25.440,1.86561,1.86597,1.87,1.00
2016.04.22 16:29:25.755,1.86566,1.86598,1.00,1.00
2016.04.22 16:29:28.313,1.86566,1.86597,1.00,1.00
2016.04.22 16:29:28.811,1.86566,1.86603,1.50,1.87
2016.04.22 16:29:29.963,1.8657,1.86602,1.00,1.12
2016.04.22 16:29:30.165,1.86584,1.86619,1.00,1.00
2016.04.22 16:29:30.460,1.86584,1.86622,1.00,1.87
2016.04.22 16:29:31.549,1.86584,1.86621,1.00,1.00
2016.04.22 16:29:32.505,1.86584,1.86619,1.00,1.00
2016.04.22 16:29:32.606,1.86584,1.86622,1.00,2.62
2016.04.22 16:29:33.259,1.86584,1.86621,1.00,1.00
2016.04.22 16:29:33.805,1.86584,1.86622,1.00,2.62
2016.04.22 16:29:33.957,1.86584,1.8662,1.00,1.00
2016.04.22 16:29:34.573,1.86584,1.86622,1.00,2.62
2016.04.22 16:29:34.675,1.86587,1.86621,1.00,1.00
2016.04.22 16:29:34.726,1.86587,1.86624,1.00,1.00
2016.04.22 16:29:34.827,1.86587,1.86626,1.50,1.50
2016.04.22 16:29:34.878,1.8659,1.86626,1.00,1.00
2016.04.22 16:29:35.927,1.86591,1.86626,1.00,1.00
2016.04.22 16:29:35.978,1.86591,1.86629,1.00,2.70
2016.04.22 16:29:36.029,1.86591,1.86623,1.00,1.00
2016.04.22 16:29:36.231,1.86592,1.86631,1.00,1.75
2016.04.22 16:29:37.263,1.86593,1.86631,1.00,1.75
2016.04.22 16:29:37.364,1.86595,1.86631,1.00,1.75
2016.04.22 16:29:37.415,1.86595,1.86631,1.00,1.00
2016.04.22 16:29:37.568,1.86592,1.8663,1.50,1.00
2016.04.22 16:29:37.965,1.86598,1.86631,1.00,1.75
2016.04.22 16:29:38.016,1.86598,1.86636,1.00,1.87
2016.04.22 16:29:38.470,1.86596,1.86635,1.00,1.50
2016.04.22 16:29:38.572,1.86602,1.86635,1.00,1.00
2016.04.22 16:29:38.724,1.86606,1.8664,1.00,1.10
2016.04.22 16:29:38.774,1.86611,1.86638,1.00,1.10
2016.04.22 16:29:38.876,1.86611,1.86646,1.00,1.00
2016.04.22 16:29:39.061,1.86607,1.86645,1.00,1.00
2016.04.22 16:29:39.162,1.86606,1.86642,1.12,1.00
2016.04.22 16:29:39.314,1.86602,1.86641,1.50,1.00
2016.04.22 16:29:39.366,1.86602,1.86637,1.50,1.00
2016.04.22 16:29:39.870,1.86602,1.86638,1.50,1.00
2016.04.22 16:29:40.212,1.86605,1.8664,1.12,1.00
2016.04.22 16:29:40.263,1.86605,1.86642,1.37,1.50
2016.04.22 16:29:40.573,1.86604,1.8664,1.00,1.00
2016.04.22 16:29:40.977,1.86602,1.8664,1.00,1.00
2016.04.22 16:29:41.306,1.86602,1.86637,1.37,1.00
2016.04.22 16:29:41.357,1.86602,1.8664,1.00,1.50
2016.04.22 16:29:41.560,1.86608,1.8664,1.00,1.00
2016.04.22 16:29:41.712,1.86608,1.86642,1.00,1.00
2016.04.22 16:29:42.317,1.86606,1.86642,1.50,1.00
2016.04.22 16:29:42.482,1.86611,1.86648,1.12,1.75
2016.04.22 16:29:42.533,1.86614,1.86649,1.00,1.00
2016.04.22 16:29:42.584,1.86614,1.86652,1.00,1.00
2016.04.22 16:29:42.786,1.86614,1.86649,1.00,1.00
2016.04.22 16:29:42.887,1.86609,1.86649,1.00,1.00
2016.04.22 16:29:43.089,1.86609,1.86645,1.00,1.00
2016.04.22 16:29:43.140,1.86605,1.86645,1.00,1.87
2016.04.22 16:29:43.708,1.86605,1.86644,1.00,1.00
2016.04.22 16:29:43.758,1.86603,1.8664,1.87,1.00
2016.04.22 16:29:44.061,1.86601,1.86632,1.00,1.00
2016.04.22 16:29:44.414,1.86595,1.86632,1.00,1.00
2016.04.22 16:29:44.516,1.86597,1.86632,1.00,1.00
2016.04.22 16:29:44.618,1.866,1.86637,1.00,1.12
2016.04.22 16:29:46.041,1.86601,1.86637,1.00,1.12
2016.04.22 16:29:46.573,1.866,1.86637,1.00,1.12
2016.04.22 16:29:46.876,1.866,1.86635,1.00,1.00
2016.04.22 16:29:47.388,1.86601,1.86635,1.00,1.00
2016.04.22 16:29:49.349,1.866,1.86635,1.00,1.00
2016.04.22 16:29:49.881,1.866,1.86634,1.00,1.00
2016.04.22 16:29:50.401,1.866,1.86635,1.00,1.00
2016.04.22 16:29:50.915,1.866,1.86634,1.00,1.00
2016.04.22 16:29:51.516,1.866,1.86637,1.00,1.12
2016.04.22 16:29:51.567,1.86603,1.86637,1.00,1.12
2016.04.22 16:29:52.072,1.86604,1.86639,1.00,1.75
2016.04.22 16:29:52.607,1.86603,1.86639,1.00,1.75
2016.04.22 16:29:54.617,1.86604,1.86639,1.00,1.75
2016.04.22 16:29:55.161,1.86603,1.86639,1.00,1.75
2016.04.22 16:29:57.074,1.86603,1.86641,1.50,1.00
2016.04.22 16:29:57.125,1.86608,1.86646,1.00,1.75
2016.04.22 16:29:59.610,1.86608,1.86646,1.37,1.75
2016.04.22 16:29:59.711,1.86608,1.86647,1.37,1.00
2016.04.22 16:29:59.812,1.8661,1.86647,1.37,1.00
2016.04.22 16:30:00.115,1.86615,1.8665,1.00,1.00
2016.04.22 16:30:01.227,1.86616,1.8665,1.00,1.50
2016.04.22 16:30:01.531,1.8662,1.86655,1.00,1.00
2016.04.22 16:30:01.686,1.86622,1.86655,1.00,1.00
2016.04.22 16:30:02.350,1.86619,1.86655,1.12,1.00
2016.04.22 16:30:02.888,1.86619,1.86656,1.50,1.00
2016.04.22 16:30:03.301,1.86619,1.86651,1.00,1.00
2016.04.22 16:30:03.453,1.86616,1.86651,1.00,1.00
2016.04.22 16:30:03.913,1.8662,1.86652,1.00,1.75
2016.04.22 16:30:04.015,1.86629,1.86666,1.00,1.00
2016.04.22 16:30:05.407,1.8663,1.86666,1.50,1.00
2016.04.22 16:30:05.660,1.86632,1.8667,1.00,1.50
2016.04.22 16:30:06.526,1.86632,1.8667,1.00,1.00
2016.04.22 16:30:07.065,1.86633,1.8667,1.00,1.37
2016.04.22 16:30:07.167,1.86625,1.86662,1.00,1.00
2016.04.22 16:30:07.218,1.86625,1.86659,1.00,1.00
2016.04.22 16:30:07.268,1.8662,1.86659,1.00,1.00
2016.04.22 16:30:08.593,1.8662,1.8666,1.00,1.50
2016.04.22 16:30:08.802,1.86617,1.86651,1.37,1.00
2016.04.22 16:30:08.854,1.86612,1.86651,1.50,1.00
2016.04.22 16:30:09.069,1.86616,1.86654,1.00,1.50
2016.04.22 16:30:09.969,1.86612,1.86651,1.00,1.00
2016.04.22 16:30:10.475,1.86611,1.86651,1.50,1.00
2016.04.22 16:30:11.422,1.86611,1.86646,1.00,1.00
2016.04.22 16:30:11.927,1.86609,1.86645,1.00,1.00
2016.04.22 16:30:11.978,1.86609,1.86645,1.00,1.37
2016.04.22 16:30:12.361,1.86609,1.86638,1.00,1.00
2016.04.22 16:30:14.260,1.86603,1.86639,1.00,1.12
2016.04.22 16:30:14.784,1.86603,1.86638,1.00,1.00
2016.04.22 16:30:14.835,1.86603,1.86635,1.00,1.00
2016.04.22 16:30:14.937,1.86596,1.86629,1.12,1.00
2016.04.22 16:30:15.038,1.86594,1.86629,1.00,1.12
2016.04.22 16:30:15.195,1.86594,1.86625,1.00,1.00
2016.04.22 16:30:15.297,1.86589,1.86625,1.00,1.00
2016.04.22 16:30:15.801,1.86589,1.86624,1.00,1.00
2016.04.22 16:30:15.953,1.86589,1.8662,1.00,1.00
2016.04.22 16:30:16.004,1.86585,1.8662,1.37,1.00
2016.04.22 16:30:16.539,1.86585,1.8662,1.00,1.12
2016.04.22 16:30:17.144,1.86585,1.86619,1.00,1.00
2016.04.22 16:30:17.447,1.8658,1.86614,1.00,1.00
2016.04.22 16:30:21.051,1.8658,1.86609,1.00,1.00
2016.04.22 16:30:21.152,1.86578,1.86615,1.00,2.25
2016.04.22 16:30:21.653,1.86578,1.86609,1.00,1.00
2016.04.22 16:30:22.054,1.86578,1.86614,1.00,1.50
2016.04.22 16:30:24.012,1.86581,1.86615,1.00,3.00
2016.04.22 16:30:24.234,1.86586,1.8662,1.37,1.00
2016.04.22 16:30:24.461,1.86586,1.86625,1.87,1.75
2016.04.22 16:30:24.563,1.86596,1.86631,1.00,1.12
2016.04.22 16:30:24.664,1.86596,1.86634,1.00,1.00
2016.04.22 16:30:24.715,1.86601,1.86634,1.00,1.00
2016.04.22 16:30:24.817,1.86597,1.86636,1.00,1.50
2016.04.22 16:30:29.800,1.86597,1.86636,1.87,1.50
2016.04.22 16:30:29.902,1.86597,1.86636,1.50,1.00
2016.04.22 16:30:32.304,1.86597,1.86636,1.87,1.50
2016.04.22 16:30:32.355,1.86601,1.86636,1.00,1.00
2016.04.22 16:30:32.940,1.8661,1.86636,1.00,1.00
2016.04.22 16:30:32.991,1.8661,1.86638,1.37,1.00
2016.04.22 16:30:33.092,1.86616,1.86648,1.00,1.00
2016.04.22 16:30:33.414,1.86612,1.86648,1.50,1.00
2016.04.22 16:30:34.498,1.86611,1.86646,1.00,1.00
2016.04.22 16:30:34.862,1.86608,1.86643,1.00,1.12
2016.04.22 16:30:35.599,1.86608,1.86642,1.37,1.00
2016.04.22 16:30:35.902,1.86616,1.86651,1.00,1.00
2016.04.22 16:30:36.900,1.86612,1.86651,1.50,1.00
2016.04.22 16:30:38.804,1.86613,1.86651,1.00,1.00
2016.04.22 16:30:41.764,1.86616,1.86651,1.00,1.00
2016.04.22 16:30:41.865,1.86612,1.86651,2.62,1.00
2016.04.22 16:30:46.217,1.86612,1.86651,1.87,1.00
2016.04.22 16:30:46.419,1.86621,1.86659,1.00,1.37
2016.04.22 16:30:46.571,1.86621,1.86654,1.00,1.00
2016.04.22 16:30:46.673,1.86621,1.86659,1.00,1.37
2016.04.22 16:30:46.724,1.86619,1.86659,1.00,1.37
2016.04.22 16:30:46.953,1.86616,1.86655,1.00,1.00
2016.04.22 16:30:47.257,1.86612,1.86651,1.00,1.00
2016.04.22 16:30:47.570,1.8661,1.86647,1.00,1.00
2016.04.22 16:30:47.873,1.86604,1.86644,1.00,1.50
2016.04.22 16:30:50.337,1.86607,1.86644,1.00,1.50
2016.04.22 16:30:50.668,1.86604,1.86644,1.50,1.50
2016.04.22 16:30:52.517,1.86606,1.86644,1.00,1.50
2016.04.22 16:30:54.987,1.86605,1.86644,1.00,1.50
2016.04.22 16:30:55.495,1.8661,1.86644,1.00,1.50
2016.04.22 16:30:55.596,1.8661,1.86647,1.37,1.00
2016.04.22 16:30:55.647,1.86616,1.8665,1.50,1.00
2016.04.22 16:30:55.850,1.86616,1.86653,1.00,1.00
2016.04.22 16:30:55.901,1.86619,1.86655,1.00,1.00
2016.04.22 16:30:55.952,1.86615,1.86652,1.00,1.00
2016.04.22 16:30:56.105,1.86618,1.86656,1.00,1.00
2016.04.22 16:30:56.381,1.8662,1.86656,1.00,1.00
2016.04.22 16:30:56.533,1.86622,1.86662,1.00,1.75
2016.04.22 16:30:56.785,1.86627,1.86663,1.00,1.75
2016.04.22 16:30:57.039,1.86627,1.86663,1.00,1.00
2016.04.22 16:30:58.128,1.8663,1.86669,1.00,1.75
2016.04.22 16:30:58.230,1.8663,1.86669,1.00,1.00
2016.04.22 16:31:01.070,1.8663,1.86669,1.37,1.00
2016.04.22 16:31:01.574,1.86632,1.86669,1.00,1.00
2016.04.22 16:31:01.740,1.8663,1.86669,1.00,1.00
2016.04.22 16:31:02.976,1.8663,1.86665,1.00,1.00
2016.04.22 16:31:03.205,1.86626,1.86666,1.12,1.50
2016.04.22 16:31:03.727,1.86626,1.86665,1.12,1.00
2016.04.22 16:31:04.883,1.8663,1.86665,1.00,1.00
2016.04.22 16:31:05.604,1.86628,1.86665,1.00,1.00
2016.04.22 16:31:05.655,1.8663,1.86665,1.00,1.00
2016.04.22 16:31:06.836,1.86627,1.86665,1.00,1.50
2016.04.22 16:31:11.070,1.86627,1.86664,1.50,1.00
2016.04.22 16:31:11.120,1.86631,1.86664,1.00,1.00
2016.04.22 16:31:11.171,1.86631,1.86666,1.00,1.00
2016.04.22 16:31:11.719,1.86631,1.86665,1.00,1.00
2016.04.22 16:31:13.044,1.86631,1.86666,1.00,1.50
2016.04.22 16:31:13.566,1.86631,1.86665,1.00,1.00
2016.04.22 16:31:14.704,1.86631,1.86666,1.00,1.00
2016.04.22 16:31:14.755,1.86631,1.86668,1.00,1.00
2016.04.22 16:31:15.707,1.86631,1.86668,1.00,1.50
2016.04.22 16:31:15.758,1.86627,1.86664,1.00,1.00
2016.04.22 16:31:24.365,1.86627,1.86658,1.00,1.00
2016.04.22 16:31:24.466,1.8662,1.86657,1.50,1.00
2016.04.22 16:31:24.517,1.86617,1.86654,1.00,1.00
2016.04.22 16:31:24.568,1.86617,1.86651,1.00,1.00
2016.04.22 16:31:24.669,1.8661,1.86649,1.00,1.00
2016.04.22 16:31:24.770,1.8661,1.86644,1.00,1.00
2016.04.22 16:31:25.093,1.86608,1.86644,1.00,1.00
2016.04.22 16:31:28.624,1.86612,1.86644,1.00,1.00
2016.04.22 16:31:28.927,1.86626,1.86658,1.00,1.00
2016.04.22 16:31:30.298,1.86626,1.8666,1.00,1.00
2016.04.22 16:31:32.044,1.86626,1.86659,1.00,1.00
2016.04.22 16:31:32.358,1.86623,1.86658,1.00,1.00
2016.04.22 16:31:32.869,1.86623,1.86659,1.00,1.00
2016.04.22 16:31:32.920,1.86626,1.86659,1.00,1.00
2016.04.22 16:31:34.984,1.86624,1.8666,1.00,1.00
2016.04.22 16:31:35.491,1.86623,1.86661,1.50,1.50
2016.04.22 16:31:36.131,1.86628,1.86661,1.00,1.50
2016.04.22 16:31:36.232,1.86617,1.86654,1.50,1.00
2016.04.22 16:31:36.444,1.86617,1.86653,1.00,1.50
2016.04.22 16:31:36.747,1.86613,1.86647,1.50,1.00
2016.04.22 16:31:36.899,1.86611,1.86647,1.00,1.50
2016.04.22 16:31:37.166,1.8661,1.86646,1.00,1.75
2016.04.22 16:31:37.318,1.86606,1.86644,1.50,1.12
2016.04.22 16:31:38.226,1.86616,1.86644,1.00,1.12
2016.04.22 16:31:38.327,1.86612,1.86644,1.00,1.12
2016.04.22 16:31:38.980,1.8661,1.86644,1.00,1.12
2016.04.22 16:31:39.081,1.86607,1.86644,1.00,1.12
2016.04.22 16:31:39.537,1.8661,1.86644,1.00,1.12
2016.04.22 16:31:39.933,1.86605,1.86644,1.00,1.12
2016.04.22 16:31:40.185,1.86608,1.86644,1.00,1.12
2016.04.22 16:31:41.485,1.86605,1.86644,1.50,1.12
2016.04.22 16:31:42.574,1.86607,1.86644,1.00,1.12
2016.04.22 16:31:42.877,1.86609,1.86644,1.50,1.00
2016.04.22 16:31:43.181,1.8661,1.86648,1.00,1.00
2016.04.22 16:31:44.369,1.86614,1.86648,1.00,1.00
2016.04.22 16:31:45.047,1.86614,1.86642,1.00,1.00
2016.04.22 16:31:45.097,1.86614,1.86646,1.00,1.00
2016.04.22 16:31:45.924,1.86614,1.86646,1.00,1.37
2016.04.22 16:31:46.025,1.8661,1.86646,1.00,1.37
2016.04.22 16:31:46.430,1.86606,1.86646,1.00,1.37
2016.04.22 16:31:48.778,1.86609,1.86646,1.00,1.37
2016.04.22 16:31:49.081,1.86598,1.86633,1.75,1.00
2016.04.22 16:31:49.283,1.86598,1.86633,1.00,1.00
2016.04.22 16:31:49.334,1.86595,1.86632,1.87,1.00
2016.04.22 16:31:49.435,1.86594,1.86632,1.00,1.00
2016.04.22 16:31:49.486,1.86593,1.86628,1.00,1.00
2016.04.22 16:31:49.675,1.86597,1.86634,1.12,1.50
2016.04.22 16:31:49.878,1.86593,1.86631,1.50,1.75
2016.04.22 16:31:50.387,1.86593,1.86631,1.50,2.25
2016.04.22 16:31:50.888,1.86593,1.86627,1.00,1.00
2016.04.22 16:31:52.144,1.86593,1.86624,1.00,1.00
2016.04.22 16:31:52.355,1.86591,1.86624,1.00,1.00
2016.04.22 16:31:54.923,1.86587,1.86624,1.87,1.00
2016.04.22 16:31:55.347,1.86592,1.86624,1.00,1.00
2016.04.22 16:31:56.298,1.86592,1.86624,1.00,1.46
2016.04.22 16:31:56.450,1.86585,1.86624,1.87,1.37
2016.04.22 16:31:56.954,1.86588,1.86624,1.00,1.12
2016.04.22 16:31:57.668,1.86591,1.86624,1.00,1.12
2016.04.22 16:31:58.525,1.86592,1.86624,1.00,1.00
2016.04.22 16:31:59.205,1.8659,1.86624,1.00,1.00
2016.04.22 16:32:01.872,1.86592,1.86624,1.00,1.00
2016.04.22 16:32:03.292,1.86592,1.86626,1.00,1.00
2016.04.22 16:32:05.150,1.86592,1.86623,1.00,1.12
2016.04.22 16:32:06.192,1.86587,1.86623,1.37,1.12
2016.04.22 16:32:06.243,1.86587,1.86623,1.00,1.12
2016.04.22 16:32:06.294,1.86587,1.8662,1.00,1.50
2016.04.22 16:32:06.345,1.86583,1.86618,1.00,1.37
2016.04.22 16:32:06.396,1.86583,1.8661,1.00,1.00
2016.04.22 16:32:06.650,1.8659,1.8662,1.00,1.87
2016.04.22 16:32:06.701,1.8659,1.8662,1.37,1.00
2016.04.22 16:32:06.752,1.86595,1.8663,1.12,1.00
2016.04.22 16:32:06.803,1.86595,1.86632,1.12,1.00
2016.04.22 16:32:06.904,1.86601,1.86632,1.37,1.00
2016.04.22 16:32:07.087,1.86605,1.86634,1.00,1.00
2016.04.22 16:32:07.188,1.86605,1.8663,1.00,1.00
2016.04.22 16:32:07.239,1.86591,1.86629,1.37,1.00
2016.04.22 16:32:07.290,1.86591,1.86625,1.00,1.00
2016.04.22 16:32:07.441,1.86586,1.86623,1.37,1.00
2016.04.22 16:32:07.492,1.86586,1.86623,1.00,1.00
2016.04.22 16:32:07.775,1.86589,1.86625,1.00,1.00
2016.04.22 16:32:08.100,1.86604,1.86638,1.00,1.00
2016.04.22 16:32:08.151,1.86604,1.86641,1.00,1.50
2016.04.22 16:32:08.202,1.86608,1.86641,1.00,1.50
2016.04.22 16:32:08.757,1.86604,1.86641,1.00,1.50
2016.04.22 16:32:08.908,1.86603,1.86639,1.00,1.00
2016.04.22 16:32:09.230,1.86605,1.86638,1.00,1.00
2016.04.22 16:32:09.281,1.86602,1.86638,1.50,1.00
2016.04.22 16:32:09.551,1.86601,1.8664,2.62,1.00
2016.04.22 16:32:10.174,1.86602,1.8664,1.12,1.00
2016.04.22 16:32:10.934,1.86605,1.8664,1.00,1.00
2016.04.22 16:32:10.985,1.86603,1.8664,1.12,1.00
2016.04.22 16:32:11.610,1.86603,1.8664,1.50,1.00
2016.04.22 16:32:11.762,1.86606,1.86644,1.00,1.00
2016.04.22 16:32:12.858,1.86604,1.8664,1.00,1.00
2016.04.22 16:32:13.394,1.86602,1.8664,3.00,1.00
2016.04.22 16:32:16.660,1.86603,1.86635,1.12,1.00
2016.04.22 16:32:16.812,1.86603,1.86638,1.00,1.00
2016.04.22 16:32:16.913,1.86605,1.86638,1.00,1.00
2016.04.22 16:32:17.166,1.86605,1.86641,1.00,1.00
2016.04.22 16:32:17.621,1.86605,1.86637,1.00,1.00
2016.04.22 16:32:17.868,1.86605,1.8664,1.00,1.00
2016.04.22 16:32:18.120,1.86603,1.8664,1.00,1.00
2016.04.22 16:32:18.625,1.86603,1.86638,1.00,1.00
2016.04.22 16:32:18.827,1.86598,1.86636,1.50,1.12
2016.04.22 16:32:19.063,1.86598,1.86634,1.00,1.00
2016.04.22 16:32:19.164,1.86598,1.86636,1.00,1.12
2016.04.22 16:32:19.519,1.86598,1.86632,1.00,1.00
2016.04.22 16:32:19.670,1.86598,1.86635,1.00,1.00
2016.04.22 16:32:19.772,1.86593,1.86632,1.12,1.00
2016.04.22 16:32:20.938,1.86594,1.86632,1.00,1.00
2016.04.22 16:32:21.241,1.86594,1.86629,1.00,1.00
2016.04.22 16:32:21.393,1.86594,1.86632,1.00,1.00
2016.04.22 16:32:21.444,1.86592,1.86632,2.25,1.00
2016.04.22 16:32:21.681,1.86597,1.86635,1.37,1.00
2016.04.22 16:32:21.732,1.86597,1.86633,1.37,1.00
2016.04.22 16:32:22.137,1.86596,1.86633,1.00,1.00
2016.04.22 16:32:22.238,1.86594,1.86631,1.50,1.00
2016.04.22 16:32:23.880,1.86593,1.86631,2.62,1.00
2016.04.22 16:32:24.453,1.86594,1.86631,1.00,1.00
2016.04.22 16:32:24.974,1.86593,1.86631,2.62,1.00
2016.04.22 16:32:25.504,1.86597,1.86627,1.00,1.00
2016.04.22 16:32:25.807,1.86597,1.86629,1.00,1.00
2016.04.22 16:32:26.312,1.86597,1.8663,1.00,1.87
2016.04.22 16:32:26.704,1.86594,1.8663,1.00,1.87
2016.04.22 16:32:27.233,1.86593,1.8663,1.50,1.87
2016.04.22 16:32:27.687,1.86596,1.8663,1.00,1.87
2016.04.22 16:32:28.363,1.86598,1.8663,1.00,1.00
2016.04.22 16:32:29.169,1.86598,1.86635,1.00,1.00
2016.04.22 16:32:29.220,1.86603,1.86635,1.00,1.00
2016.04.22 16:32:29.372,1.86598,1.86635,1.00,1.00
2016.04.22 16:32:29.615,1.86596,1.86635,1.00,1.00
2016.04.22 16:32:30.069,1.86596,1.86631,1.00,1.00
2016.04.22 16:32:31.764,1.86594,1.86631,1.00,1.00
2016.04.22 16:32:32.505,1.86594,1.86631,1.37,1.00
2016.04.22 16:32:35.628,1.86594,1.86631,1.12,1.00
2016.04.22 16:32:36.022,1.86596,1.86634,1.00,1.00
2016.04.22 16:32:36.123,1.86596,1.86634,1.37,1.00
2016.04.22 16:32:36.426,1.86603,1.86639,1.00,1.75
2016.04.22 16:32:38.699,1.86603,1.86639,1.37,1.75
2016.04.22 16:32:38.801,1.86603,1.86639,1.37,1.00
2016.04.22 16:32:38.852,1.86604,1.86642,1.37,1.50
2016.04.22 16:32:38.903,1.86611,1.86642,1.00,1.50
2016.04.22 16:32:39.686,1.86608,1.86642,1.00,1.00
2016.04.22 16:32:40.192,1.86607,1.86642,1.00,1.00
2016.04.22 16:32:40.243,1.86602,1.86637,1.00,1.00
2016.04.22 16:32:40.545,1.86601,1.86634,1.00,1.00
2016.04.22 16:32:40.893,1.86603,1.86634,1.00,1.00
2016.04.22 16:32:41.398,1.86603,1.86635,1.00,1.00
2016.04.22 16:32:41.903,1.86603,1.86634,1.00,1.00
2016.04.22 16:32:42.005,1.866,1.86634,1.00,1.00
2016.04.22 16:32:42.543,1.86601,1.86635,1.00,1.00
2016.04.22 16:32:44.042,1.86601,1.86637,1.00,1.50
2016.04.22 16:32:47.301,1.86601,1.86635,1.00,1.00
2016.04.22 16:32:48.263,1.86597,1.86635,1.00,1.00
2016.04.22 16:32:49.655,1.86596,1.86635,1.37,1.00
2016.04.22 16:32:49.857,1.86598,1.86635,1.87,1.00
2016.04.22 16:32:50.367,1.86597,1.86635,1.00,1.00
2016.04.22 16:32:51.712,1.86597,1.86635,2.25,1.00
2016.04.22 16:32:51.764,1.86601,1.86635,1.00,1.00
2016.04.22 16:32:52.191,1.86608,1.86638,1.00,1.00
2016.04.22 16:32:53.612,1.86608,1.86636,1.00,1.00
2016.04.22 16:32:53.663,1.86601,1.86636,1.50,1.00
2016.04.22 16:32:53.714,1.86601,1.86634,1.00,1.00
2016.04.22 16:32:54.422,1.866,1.86634,1.00,1.00
2016.04.22 16:32:54.848,1.86601,1.86637,1.00,1.00
2016.04.22 16:32:54.950,1.86604,1.86637,1.00,1.00
2016.04.22 16:32:55.051,1.86604,1.86639,1.00,1.00
2016.04.22 16:32:58.753,1.86598,1.86635,1.75,1.00
2016.04.22 16:32:58.855,1.86598,1.86636,1.00,1.87
2016.04.22 16:32:59.057,1.866,1.86636,1.00,1.87
2016.04.22 16:32:59.562,1.866,1.86635,1.00,1.00
2016.04.22 16:33:00.211,1.866,1.86636,1.00,1.87
2016.04.22 16:33:00.515,1.866,1.86631,1.00,1.00
2016.04.22 16:33:01.120,1.86601,1.86631,1.00,1.00
2016.04.22 16:33:01.441,1.86598,1.86631,1.00,1.00
2016.04.22 16:33:01.544,1.86598,1.86635,1.00,1.00
2016.04.22 16:33:01.595,1.86601,1.86635,1.00,1.00
2016.04.22 16:33:01.999,1.86598,1.86636,1.00,1.12
2016.04.22 16:33:02.536,1.86597,1.86636,1.00,1.12
2016.04.22 16:33:02.738,1.86594,1.86633,1.00,1.00
2016.04.22 16:33:03.535,1.86597,1.86633,1.00,1.00
2016.04.22 16:33:04.587,1.86608,1.86641,1.00,1.75
2016.04.22 16:33:04.637,1.86606,1.86641,1.00,1.00
2016.04.22 16:33:04.739,1.86612,1.86642,1.00,1.00
2016.04.22 16:33:04.840,1.86612,1.86645,1.00,1.00
2016.04.22 16:33:04.992,1.86615,1.86646,1.00,1.00
2016.04.22 16:33:05.144,1.86615,1.8665,1.50,1.00
2016.04.22 16:33:05.296,1.86611,1.86643,1.00,1.00
2016.04.22 16:33:05.397,1.866,1.86634,1.00,1.37
2016.04.22 16:33:05.448,1.86595,1.86633,1.00,1.12
2016.04.22 16:33:05.619,1.86598,1.86633,1.00,1.12
2016.04.22 16:33:06.742,1.86598,1.86629,1.00,1.00
2016.04.22 16:33:07.063,1.86588,1.86626,1.00,1.12
2016.04.22 16:33:08.043,1.86591,1.86626,1.00,1.12
2016.04.22 16:33:08.369,1.86595,1.86626,1.00,1.12
2016.04.22 16:33:12.436,1.86593,1.86628,1.00,1.75
2016.04.22 16:33:12.588,1.86597,1.86629,1.00,1.00
2016.04.22 16:33:12.742,1.86598,1.86634,1.12,1.12
2016.04.22 16:33:12.793,1.86601,1.86634,1.00,1.00
2016.04.22 16:33:12.995,1.86604,1.86638,1.00,1.00
2016.04.22 16:33:13.096,1.86604,1.86641,1.00,1.50
2016.04.22 16:33:13.958,1.86604,1.86638,1.00,1.00
2016.04.22 16:33:14.476,1.86604,1.86641,1.00,1.50
2016.04.22 16:33:15.006,1.86604,1.86641,1.00,1.00
2016.04.22 16:33:15.206,1.86604,1.86638,1.00,1.00
2016.04.22 16:33:15.619,1.86605,1.86643,1.00,2.25
2016.04.22 16:33:15.770,1.86611,1.86643,1.00,1.00
2016.04.22 16:33:17.745,1.86609,1.86643,1.00,1.00
2016.04.22 16:33:18.365,1.86608,1.86643,1.00,1.50
2016.04.22 16:33:19.032,1.86608,1.86644,1.37,1.50
2016.04.22 16:33:19.134,1.8661,1.86648,1.50,1.00
2016.04.22 16:33:19.184,1.8661,1.86649,1.87,1.00
2016.04.22 16:33:19.519,1.86621,1.86648,1.00,1.00
2016.04.22 16:33:19.620,1.8661,1.86648,1.37,1.00
2016.04.22 16:33:19.722,1.86614,1.86649,1.00,1.00
2016.04.22 16:33:20.096,1.86611,1.86646,1.00,1.00
2016.04.22 16:33:20.622,1.86612,1.86646,1.00,1.00
2016.04.22 16:33:22.455,1.86611,1.86646,1.00,1.00
2016.04.22 16:33:24.785,1.86611,1.86643,1.00,1.00
2016.04.22 16:33:25.089,1.86606,1.86643,1.00,1.00
2016.04.22 16:33:25.636,1.86609,1.86643,1.00,1.00
2016.04.22 16:33:26.990,1.86609,1.86644,1.50,1.00
2016.04.22 16:33:27.293,1.86612,1.86647,1.00,1.00
2016.04.22 16:33:27.496,1.86613,1.8665,1.00,1.00
2016.04.22 16:33:28.002,1.86613,1.8665,1.37,1.00
2016.04.22 16:33:28.104,1.86616,1.86652,1.12,1.00
2016.04.22 16:33:29.724,1.86616,1.86654,1.12,1.00
2016.04.22 16:33:30.075,1.86622,1.86654,1.00,1.00
2016.04.22 16:33:31.417,1.86622,1.86652,1.00,1.00
2016.04.22 16:33:31.468,1.86617,1.86652,1.00,1.00
2016.04.22 16:33:31.959,1.8661,1.86647,1.00,1.00
2016.04.22 16:33:32.060,1.86612,1.86648,1.00,1.00
2016.04.22 16:33:32.363,1.86622,1.8665,1.00,1.00
2016.04.22 16:33:32.414,1.86622,1.86652,1.00,1.00
2016.04.22 16:33:32.515,1.86622,1.86657,1.00,1.00
2016.04.22 16:33:33.070,1.86622,1.86654,1.37,1.00
2016.04.22 16:33:35.063,1.86622,1.86655,1.00,1.00
2016.04.22 16:33:35.215,1.86619,1.86655,1.00,1.00
2016.04.22 16:33:36.812,1.86619,1.86653,1.00,1.00
2016.04.22 16:33:37.321,1.86618,1.86653,1.00,1.00
2016.04.22 16:33:38.883,1.86619,1.86653,1.00,1.00
2016.04.22 16:33:39.829,1.86619,1.86655,1.00,1.00
2016.04.22 16:33:41.191,1.86621,1.86655,1.00,1.00
2016.04.22 16:33:41.499,1.86618,1.86655,1.00,1.00
2016.04.22 16:33:41.974,1.86616,1.86653,1.00,1.00
2016.04.22 16:33:42.483,1.86613,1.86653,1.00,2.62
2016.04.22 16:33:42.535,1.86611,1.86648,1.00,1.00
2016.04.22 16:33:44.611,1.86611,1.86648,1.00,1.50
2016.04.22 16:33:45.891,1.86609,1.86645,1.00,1.00
2016.04.22 16:33:46.491,1.86609,1.86644,1.00,1.00
2016.04.22 16:33:46.542,1.86607,1.86644,1.12,1.00
2016.04.22 16:33:46.693,1.8661,1.86645,1.00,1.00
2016.04.22 16:33:47.123,1.86606,1.86641,1.00,1.50
2016.04.22 16:33:47.224,1.86603,1.86641,1.37,1.50
2016.04.22 16:33:47.577,1.86603,1.86637,1.00,1.00
2016.04.22 16:33:47.628,1.86599,1.86634,1.00,1.00
2016.04.22 16:33:47.881,1.86597,1.86634,1.00,1.12
2016.04.22 16:33:49.099,1.86597,1.86632,1.00,1.00
2016.04.22 16:33:51.107,1.86597,1.86632,1.37,1.00
2016.04.22 16:33:51.410,1.86597,1.86634,1.50,1.12
2016.04.22 16:33:51.512,1.86597,1.8663,1.50,1.00
2016.04.22 16:33:51.771,1.86595,1.86631,1.00,1.50
2016.04.22 16:33:51.923,1.86597,1.8663,1.37,1.00
2016.04.22 16:33:53.220,1.86595,1.86631,1.00,1.50
2016.04.22 16:33:53.423,1.86595,1.8663,1.37,1.00
2016.04.22 16:33:54.017,1.86599,1.8663,1.00,1.00
2016.04.22 16:33:55.713,1.86599,1.86631,1.00,1.00
2016.04.22 16:33:55.814,1.86595,1.86635,1.50,1.50
2016.04.22 16:33:57.018,1.86595,1.86632,1.50,1.00
2016.04.22 16:33:57.321,1.86595,1.8663,1.00,1.00
2016.04.22 16:33:57.567,1.86593,1.8663,1.00,1.00
2016.04.22 16:33:57.719,1.86595,1.86632,1.00,1.00
2016.04.22 16:33:58.138,1.86593,1.8663,1.00,1.00
2016.04.22 16:33:58.915,1.86596,1.86634,1.00,1.12
2016.04.22 16:33:59.927,1.86596,1.86632,1.00,1.00
2016.04.22 16:34:00.186,1.86596,1.86634,1.00,1.12
2016.04.22 16:34:01.196,1.86597,1.86634,1.00,1.12
2016.04.22 16:34:01.334,1.86597,1.86634,1.37,1.12
2016.04.22 16:34:01.396,1.86602,1.86639,1.12,1.00
2016.04.22 16:34:01.950,1.86603,1.86642,1.00,3.37
2016.04.22 16:34:02.475,1.86603,1.8664,1.00,1.00
2016.04.22 16:34:04.166,1.86603,1.86639,1.00,1.00
2016.04.22 16:34:04.268,1.86606,1.86641,1.50,1.12
2016.04.22 16:34:04.421,1.86608,1.86644,1.00,1.57
2016.04.22 16:34:04.472,1.86606,1.86641,1.00,1.00
2016.04.22 16:34:04.994,1.86606,1.8664,1.00,1.00
2016.04.22 16:34:05.096,1.86602,1.86642,1.75,1.50
2016.04.22 16:34:11.264,1.86602,1.86642,1.37,1.00
2016.04.22 16:34:11.315,1.86602,1.86642,1.00,1.50
2016.04.22 16:34:12.863,1.86603,1.86642,1.00,1.00
2016.04.22 16:34:13.217,1.86607,1.86643,1.00,1.00
2016.04.22 16:34:13.758,1.86607,1.86644,1.00,1.00
2016.04.22 16:34:15.503,1.86607,1.86645,1.00,1.00
2016.04.22 16:34:15.807,1.86603,1.86635,1.00,1.00
2016.04.22 16:34:15.908,1.86598,1.86635,1.00,1.50
2016.04.22 16:34:16.157,1.86599,1.86635,1.37,1.00
2016.04.22 16:34:16.208,1.86601,1.86641,1.00,1.00
2016.04.22 16:34:16.259,1.86605,1.86641,1.00,1.00
2016.04.22 16:34:16.765,1.86604,1.86641,1.00,1.00
2016.04.22 16:34:17.516,1.86601,1.86641,1.00,1.50
2016.04.22 16:34:17.617,1.86606,1.86641,1.00,1.00
2016.04.22 16:34:17.819,1.86606,1.86643,1.00,1.12
2016.04.22 16:34:18.724,1.86606,1.86641,1.00,1.00
2016.04.22 16:34:19.265,1.86606,1.8664,1.00,1.00
2016.04.22 16:34:19.567,1.86601,1.86639,1.87,1.00
2016.04.22 16:34:19.668,1.86601,1.86639,1.50,1.00
2016.04.22 16:34:20.475,1.86597,1.86636,1.37,1.00
2016.04.22 16:34:20.979,1.866,1.86637,1.00,1.00
2016.04.22 16:34:21.232,1.86597,1.86636,1.00,1.00
2016.04.22 16:34:22.943,1.86597,1.86635,1.00,1.00
2016.04.22 16:34:23.490,1.86596,1.86635,1.00,1.00
2016.04.22 16:34:23.922,1.86595,1.86631,1.00,1.00
2016.04.22 16:34:24.273,1.86602,1.86637,1.50,1.00
2016.04.22 16:34:24.374,1.86604,1.86642,1.00,1.00
2016.04.22 16:34:25.724,1.86602,1.86638,1.00,1.00
2016.04.22 16:34:26.314,1.86601,1.86638,1.00,1.00
2016.04.22 16:34:26.631,1.86601,1.86638,1.37,1.50
2016.04.22 16:34:28.537,1.86601,1.86638,1.00,1.50
2016.04.22 16:34:29.062,1.86601,1.86638,3.09,1.12
2016.04.22 16:34:29.163,1.86612,1.86648,1.37,1.00
2016.04.22 16:34:29.214,1.86616,1.86651,1.12,1.00
2016.04.22 16:34:29.568,1.86613,1.86651,1.00,1.00
2016.04.22 16:34:30.455,1.86612,1.86651,1.87,1.00
2016.04.22 16:34:31.655,1.86612,1.86648,1.00,1.00
2016.04.22 16:34:31.705,1.86608,1.86647,1.87,1.00
2016.04.22 16:34:31.857,1.86609,1.86647,1.37,1.00
2016.04.22 16:34:31.959,1.86609,1.86647,1.50,1.00
2016.04.22 16:34:32.010,1.86611,1.86651,1.00,1.00
2016.04.22 16:34:32.061,1.86615,1.86651,1.00,1.00
2016.04.22 16:34:32.264,1.86616,1.86653,1.00,1.00
2016.04.22 16:34:32.604,1.86616,1.86656,1.00,1.00
2016.04.22 16:34:32.904,1.86618,1.86656,1.00,1.00
2016.04.22 16:34:34.720,1.86621,1.86657,1.00,1.00
2016.04.22 16:34:34.771,1.86621,1.86659,1.00,2.25
2016.04.22 16:34:34.958,1.86621,1.86653,1.00,1.00
2016.04.22 16:34:35.271,1.86621,1.86659,1.00,2.25
2016.04.22 16:34:35.719,1.86621,1.86657,1.00,1.00
2016.04.22 16:34:36.010,1.86621,1.86659,1.00,3.00
2016.04.22 16:34:36.876,1.86621,1.86658,1.00,1.00
2016.04.22 16:34:37.394,1.86621,1.86659,1.00,3.00
2016.04.22 16:34:37.933,1.86621,1.86658,1.00,1.00
2016.04.22 16:34:38.489,1.86617,1.86654,1.00,1.00
2016.04.22 16:34:39.337,1.8662,1.86653,1.00,1.00
2016.04.22 16:34:39.947,1.86619,1.86659,1.00,3.00
2016.04.22 16:34:39.998,1.86617,1.86654,1.00,1.00
2016.04.22 16:34:40.830,1.86619,1.86654,1.00,1.00
2016.04.22 16:34:40.881,1.8662,1.86658,1.00,1.00
2016.04.22 16:34:41.202,1.86616,1.86654,1.00,1.00
2016.04.22 16:34:41.504,1.86616,1.86652,1.00,1.00
2016.04.22 16:34:42.009,1.86616,1.86649,1.00,1.00
2016.04.22 16:34:42.246,1.8661,1.86649,2.25,1.50
2016.04.22 16:34:42.791,1.86611,1.86649,1.00,1.50
2016.04.22 16:34:43.041,1.86613,1.86649,1.00,1.00
2016.04.22 16:34:43.155,1.8661,1.86649,1.50,1.00
2016.04.22 16:34:43.256,1.86612,1.86649,1.00,1.00
2016.04.22 16:34:43.307,1.86613,1.86651,1.00,1.00
2016.04.22 16:34:43.820,1.86614,1.86652,1.00,1.00
2016.04.22 16:34:46.343,1.86614,1.86652,1.37,1.50
2016.04.22 16:34:46.657,1.86619,1.86655,1.00,1.00
2016.04.22 16:34:47.646,1.86625,1.86655,1.00,1.00
2016.04.22 16:34:47.697,1.86625,1.86659,1.00,1.50
2016.04.22 16:34:47.748,1.86626,1.86659,1.75,1.00
2016.04.22 16:34:47.952,1.86636,1.86671,1.00,1.00
2016.04.22 16:34:48.718,1.86636,1.86676,1.50,1.37
2016.04.22 16:34:49.329,1.86637,1.86676,1.00,2.62
2016.04.22 16:34:50.573,1.86636,1.86676,1.50,1.87
2016.04.22 16:34:50.624,1.86639,1.86676,1.00,1.87
2016.04.22 16:34:50.754,1.86636,1.86676,1.50,1.87
2016.04.22 16:34:50.805,1.86636,1.86668,1.00,1.00
2016.04.22 16:34:50.907,1.86631,1.86669,1.00,1.57
2016.04.22 16:34:51.311,1.86627,1.86667,2.62,1.00
2016.04.22 16:34:51.362,1.86627,1.86662,1.50,1.37
2016.04.22 16:34:51.735,1.86622,1.86661,1.50,1.50
2016.04.22 16:34:51.837,1.86626,1.8666,1.00,1.12
2016.04.22 16:34:51.888,1.86622,1.86658,1.00,1.00
2016.04.22 16:34:52.430,1.86622,1.86659,1.12,1.00
2016.04.22 16:34:52.633,1.86621,1.86653,1.50,1.00
2016.04.22 16:34:52.894,1.86616,1.86653,2.25,2.25
2016.04.22 16:34:52.945,1.86616,1.86651,3.00,1.00
2016.04.22 16:34:53.400,1.86616,1.86653,2.25,2.25
2016.04.22 16:34:54.350,1.86616,1.86653,1.84,2.25
2016.04.22 16:34:54.552,1.86632,1.86667,1.00,1.00
2016.04.22 16:34:54.603,1.86636,1.8667,1.00,1.00
2016.04.22 16:34:54.805,1.86636,1.86673,1.50,1.50
2016.04.22 16:34:55.144,1.86635,1.8667,1.00,1.00
2016.04.22 16:34:55.497,1.86636,1.86673,1.50,1.00
2016.04.22 16:34:55.691,1.86636,1.86671,1.00,1.00
2016.04.22 16:34:56.288,1.86636,1.86669,1.00,1.00
2016.04.22 16:34:56.339,1.86631,1.86669,1.12,1.50
2016.04.22 16:34:56.394,1.86631,1.86663,1.00,1.00
2016.04.22 16:34:56.496,1.86625,1.86663,1.00,1.00
2016.04.22 16:34:56.748,1.86625,1.86665,1.50,2.25
2016.04.22 16:34:57.252,1.86625,1.86664,1.00,1.00
2016.04.22 16:34:57.432,1.86628,1.86665,1.00,1.00
2016.04.22 16:34:58.138,1.86631,1.86667,1.00,1.00
2016.04.22 16:34:58.731,1.86631,1.86668,1.00,1.00
2016.04.22 16:34:59.034,1.86629,1.86663,1.00,1.00
2016.04.22 16:34:59.135,1.86623,1.86659,1.00,1.50
2016.04.22 16:34:59.237,1.86622,1.86655,1.00,1.00
2016.04.22 16:34:59.440,1.8662,1.86657,1.50,1.00
2016.04.22 16:34:59.541,1.86626,1.86662,1.00,1.75
2016.04.22 16:34:59.816,1.86627,1.86666,1.00,1.00
2016.04.22 16:35:00.522,1.86626,1.86661,1.00,1.00
2016.04.22 16:35:00.901,1.86627,1.86663,1.00,1.00
2016.04.22 16:35:00.952,1.8663,1.86665,1.00,1.00
2016.04.22 16:35:01.003,1.8663,1.86667,1.50,1.00
2016.04.22 16:35:01.055,1.8663,1.86669,1.00,1.00
2016.04.22 16:35:01.308,1.86629,1.86665,1.00,1.00
2016.04.22 16:35:01.510,1.86627,1.86665,1.00,1.00
2016.04.22 16:35:02.021,1.86626,1.86665,1.50,1.00
2016.04.22 16:35:03.024,1.86629,1.86669,1.00,1.00
2016.04.22 16:35:03.226,1.86629,1.86665,1.00,1.00
2016.04.22 16:35:03.378,1.86626,1.86664,1.50,1.00
2016.04.22 16:35:03.479,1.86636,1.86667,1.12,1.57
2016.04.22 16:35:03.681,1.86642,1.8668,1.00,1.00
2016.04.22 16:35:03.782,1.86642,1.86678,1.00,1.00
2016.04.22 16:35:04.287,1.86642,1.86679,1.00,1.00
2016.04.22 16:35:04.591,1.8664,1.86676,1.00,1.00
2016.04.22 16:35:05.177,1.86641,1.86676,1.00,1.00
2016.04.22 16:35:05.683,1.8664,1.86676,1.00,1.00
2016.04.22 16:35:06.706,1.86641,1.86676,1.00,1.00
2016.04.22 16:35:07.073,1.86641,1.86669,1.00,1.00
2016.04.22 16:35:07.124,1.86634,1.86669,1.00,1.00
2016.04.22 16:35:07.175,1.8663,1.86664,1.37,1.00
2016.04.22 16:35:07.226,1.86625,1.86664,1.75,1.50
2016.04.22 16:35:07.328,1.86625,1.86664,1.00,1.50
2016.04.22 16:35:07.480,1.86621,1.8666,1.50,1.00
2016.04.22 16:35:07.902,1.86628,1.86663,1.12,1.00
2016.04.22 16:35:08.205,1.86628,1.86664,1.50,1.00
2016.04.22 16:35:08.777,1.86627,1.86664,3.00,1.00
2016.04.22 16:35:09.324,1.86627,1.86663,2.25,1.00
2016.04.22 16:35:09.829,1.86628,1.86664,1.12,1.00
2016.04.22 16:35:10.031,1.86622,1.86661,2.25,1.00
2016.04.22 16:35:10.224,1.86627,1.86664,1.00,1.50
2016.04.22 16:35:10.326,1.86627,1.86667,1.00,1.00
2016.04.22 16:35:10.528,1.8663,1.86667,1.00,1.00
2016.04.22 16:35:10.831,1.86633,1.8667,1.00,1.00
2016.04.22 16:35:11.654,1.8663,1.86667,1.37,1.00
2016.04.22 16:35:11.806,1.86629,1.86667,1.00,1.00
2016.04.22 16:35:12.029,1.86629,1.86664,1.00,1.00
2016.04.22 16:35:12.130,1.86624,1.86662,1.00,1.00
2016.04.22 16:35:12.759,1.86624,1.86662,1.37,1.00
2016.04.22 16:35:13.289,1.86624,1.86662,1.00,1.00
2016.04.22 16:35:13.942,1.86626,1.86662,1.00,1.00
2016.04.22 16:35:14.446,1.86627,1.86662,1.00,1.00
2016.04.22 16:35:14.714,1.86627,1.86667,1.50,1.00
2016.04.22 16:35:15.447,1.86626,1.86661,1.00,1.00
2016.04.22 16:35:15.905,1.86626,1.86659,1.00,1.00
2016.04.22 16:35:16.052,1.86624,1.86659,1.00,1.00
2016.04.22 16:35:16.107,1.86619,1.86656,1.00,1.00
2016.04.22 16:35:16.158,1.86619,1.86652,1.00,1.00
2016.04.22 16:35:16.461,1.86619,1.86652,1.00,1.75
2016.04.22 16:35:17.693,1.86613,1.86652,1.00,1.75
2016.04.22 16:35:17.996,1.86609,1.86649,1.50,1.00
2016.04.22 16:35:18.047,1.86609,1.86646,1.00,1.00
2016.04.22 16:35:18.586,1.86609,1.86645,1.00,1.00
2016.04.22 16:35:19.010,1.86614,1.86645,1.00,1.00
2016.04.22 16:35:19.061,1.86614,1.86649,1.12,1.00
2016.04.22 16:35:19.313,1.86617,1.86649,1.00,1.00
2016.04.22 16:35:19.465,1.86615,1.86649,1.12,1.00
2016.04.22 16:35:19.516,1.86615,1.86652,1.12,1.00
2016.04.22 16:35:20.053,1.86614,1.86652,1.00,1.00
2016.04.22 16:35:20.154,1.86614,1.86652,1.37,1.00
2016.04.22 16:35:20.642,1.86615,1.8665,1.37,1.00
2016.04.22 16:35:21.850,1.86613,1.8665,1.37,1.00
2016.04.22 16:35:22.292,1.86618,1.86656,1.00,1.12
2016.04.22 16:35:24.496,1.86621,1.86656,1.00,1.12
2016.04.22 16:35:25.130,1.86618,1.86656,1.00,1.12
2016.04.22 16:35:27.597,1.86619,1.86656,1.37,1.12
2016.04.22 16:35:27.698,1.86619,1.86656,1.00,1.12
2016.04.22 16:35:27.749,1.86622,1.86657,1.00,1.50
2016.04.22 16:35:27.800,1.86622,1.86661,1.00,1.50
2016.04.22 16:35:29.426,1.86626,1.86665,1.00,2.25
2016.04.22 16:35:29.887,1.86629,1.86665,1.00,1.50
2016.04.22 16:35:30.039,1.86631,1.86669,1.00,1.50
2016.04.22 16:35:30.090,1.86629,1.86669,1.00,1.50
2016.04.22 16:35:30.601,1.86629,1.86668,1.00,1.00
2016.04.22 16:35:30.652,1.86627,1.86664,1.00,1.00
2016.04.22 16:35:31.130,1.86631,1.86668,1.00,1.00
2016.04.22 16:35:34.205,1.86626,1.86666,1.50,1.00
2016.04.22 16:35:35.113,1.86623,1.86663,1.87,1.87
2016.04.22 16:35:35.623,1.86623,1.86663,1.00,1.87
2016.04.22 16:35:35.942,1.86623,1.86663,1.37,1.12
2016.04.22 16:35:36.492,1.86624,1.86664,1.87,1.00
2016.04.22 16:35:39.420,1.86624,1.8666,1.12,1.00
2016.04.22 16:35:39.576,1.8662,1.86659,1.00,1.00
2016.04.22 16:35:39.626,1.8662,1.86653,1.00,1.00
2016.04.22 16:35:39.677,1.86614,1.86653,1.50,1.00
2016.04.22 16:35:40.931,1.86611,1.86648,1.37,1.00
2016.04.22 16:35:40.982,1.86611,1.86648,1.00,1.00
2016.04.22 16:35:41.134,1.86611,1.86646,1.00,1.00
2016.04.22 16:35:41.665,1.86611,1.86647,1.00,1.00
2016.04.22 16:35:42.536,1.86606,1.86646,1.50,1.00
2016.04.22 16:35:45.498,1.86606,1.86644,1.50,1.00
2016.04.22 16:35:47.363,1.86614,1.86648,1.00,1.37
2016.04.22 16:35:47.414,1.86614,1.86648,1.37,1.00
2016.04.22 16:35:47.465,1.86614,1.86654,1.75,1.37
2016.04.22 16:35:47.566,1.86618,1.86658,1.00,1.00
2016.04.22 16:35:47.617,1.86618,1.86658,1.87,1.00
2016.04.22 16:35:47.819,1.86618,1.86658,1.00,1.00
2016.04.22 16:35:48.093,1.86622,1.86658,1.00,1.00
2016.04.22 16:35:48.396,1.86624,1.86661,1.00,1.37
2016.04.22 16:35:50.913,1.86624,1.86661,1.00,1.00
2016.04.22 16:35:51.216,1.86621,1.86658,1.00,1.00
2016.04.22 16:35:51.736,1.86622,1.86658,1.00,1.00
2016.04.22 16:35:52.268,1.86621,1.86658,1.00,1.00
2016.04.22 16:35:53.680,1.86622,1.86658,1.00,1.00
2016.04.22 16:35:54.684,1.86621,1.86658,1.00,1.00
2016.04.22 16:35:54.887,1.86619,1.86658,1.00,1.00
2016.04.22 16:35:55.172,1.86616,1.86653,1.00,1.00
2016.04.22 16:35:55.676,1.86611,1.86649,2.25,1.00
2016.04.22 16:35:57.287,1.86613,1.86649,1.00,1.00
2016.04.22 16:35:57.338,1.86614,1.86654,1.00,1.00
2016.04.22 16:35:59.992,1.8662,1.86656,1.00,1.00
2016.04.22 16:36:01.100,1.86616,1.86654,1.00,1.00
2016.04.22 16:36:05.414,1.86616,1.86652,1.00,1.00
2016.04.22 16:36:05.516,1.86608,1.86646,1.00,1.00
2016.04.22 16:36:05.567,1.86604,1.86641,1.87,1.00
2016.04.22 16:36:05.898,1.86596,1.86634,2.25,1.00
2016.04.22 16:36:06.312,1.86596,1.86634,1.50,1.00
2016.04.22 16:36:07.238,1.86596,1.86629,1.50,1.00
2016.04.22 16:36:07.994,1.86592,1.86629,1.00,1.00
2016.04.22 16:36:09.013,1.86592,1.86628,1.00,1.00
2016.04.22 16:36:09.215,1.86593,1.86632,1.00,1.00
2016.04.22 16:36:10.309,1.86593,1.86628,1.00,1.00
2016.04.22 16:36:11.366,1.86592,1.86628,1.00,1.00
2016.04.22 16:36:13.178,1.86592,1.86631,1.00,1.00
2016.04.22 16:36:13.381,1.86597,1.86633,1.00,1.00
2016.04.22 16:36:14.697,1.86597,1.86632,1.00,1.00
2016.04.22 16:36:14.928,1.86593,1.86629,1.00,1.00
2016.04.22 16:36:15.434,1.86593,1.8663,1.00,1.50
2016.04.22 16:36:25.933,1.86593,1.86624,1.00,1.00
2016.04.22 16:36:25.984,1.86591,1.86624,1.00,1.00
2016.04.22 16:36:28.374,1.86592,1.86627,1.50,1.50
2016.04.22 16:36:28.424,1.86592,1.86627,2.25,1.00
2016.04.22 16:36:28.475,1.86597,1.86631,1.12,1.00
2016.04.22 16:36:28.645,1.86608,1.86634,1.00,1.00
2016.04.22 16:36:28.696,1.86608,1.86645,1.37,1.00
2016.04.22 16:36:28.747,1.86613,1.86645,1.00,2.25
2016.04.22 16:36:28.848,1.86604,1.86642,1.50,1.00
2016.04.22 16:36:31.363,1.8661,1.86647,1.00,1.00
2016.04.22 16:36:31.679,1.86614,1.8665,1.00,1.00
2016.04.22 16:36:32.050,1.86618,1.8665,1.00,1.00
2016.04.22 16:36:32.434,1.86626,1.86656,1.00,1.00
2016.04.22 16:36:32.485,1.86622,1.86659,1.00,1.00
2016.04.22 16:36:32.639,1.86618,1.86656,1.50,1.00
2016.04.22 16:36:33.668,1.86623,1.8666,1.00,1.00
2016.04.22 16:36:33.983,1.86632,1.86666,1.00,1.12
2016.04.22 16:36:34.084,1.86628,1.86665,1.00,1.00
2016.04.22 16:36:34.437,1.86627,1.86664,1.00,1.37
2016.04.22 16:36:34.603,1.86623,1.86663,1.00,1.12
2016.04.22 16:36:35.130,1.86623,1.86662,1.00,1.00
2016.04.22 16:36:35.654,1.86623,1.86663,1.00,1.87
2016.04.22 16:36:36.984,1.86623,1.86662,1.00,1.00
2016.04.22 16:36:37.269,1.86618,1.86655,1.12,1.00
2016.04.22 16:36:37.371,1.86615,1.86655,1.00,1.50
2016.04.22 16:36:38.078,1.8662,1.86655,1.00,1.00
2016.04.22 16:36:38.383,1.8662,1.86657,1.00,1.00
2016.04.22 16:36:38.434,1.86622,1.8666,1.00,1.00
2016.04.22 16:36:38.949,1.86622,1.86659,1.00,1.00
2016.04.22 16:36:40.072,1.86622,1.86662,1.87,1.00
2016.04.22 16:36:40.224,1.86625,1.86662,1.00,1.00
2016.04.22 16:36:40.728,1.86626,1.86662,1.00,1.00
2016.04.22 16:36:42.436,1.86624,1.86662,1.00,1.00
2016.04.22 16:36:42.890,1.86622,1.86659,1.50,2.25
2016.04.22 16:36:42.992,1.86613,1.86652,1.00,1.00
2016.04.22 16:36:43.093,1.8661,1.86646,1.00,1.00
2016.04.22 16:36:43.832,1.86615,1.86651,1.00,1.75
2016.04.22 16:36:43.984,1.86615,1.86651,1.00,1.50
2016.04.22 16:36:44.388,1.86618,1.86653,1.00,1.00
2016.04.22 16:36:44.521,1.86618,1.86655,1.00,1.00
2016.04.22 16:36:44.724,1.8662,1.86656,1.00,1.50
2016.04.22 16:36:45.279,1.86618,1.86656,1.50,1.50
2016.04.22 16:36:45.863,1.86618,1.86652,1.00,1.10
2016.04.22 16:36:46.065,1.86605,1.8664,1.00,1.00
2016.04.22 16:36:46.317,1.866,1.86638,1.00,1.00
2016.04.22 16:36:48.901,1.866,1.86633,1.00,1.00
2016.04.22 16:36:48.952,1.86595,1.86633,2.25,1.00
2016.04.22 16:36:49.205,1.86591,1.86631,1.00,1.00
2016.04.22 16:36:50.357,1.86593,1.86631,1.00,1.00
2016.04.22 16:36:50.705,1.86596,1.86633,1.00,1.00
2016.04.22 16:36:51.317,1.86596,1.86634,1.12,1.50
2016.04.22 16:36:55.149,1.86596,1.86634,2.25,1.00
2016.04.22 16:36:55.313,1.866,1.86638,1.12,1.50
2016.04.22 16:36:55.773,1.86604,1.86638,1.50,1.00
2016.04.22 16:36:55.925,1.86604,1.86642,1.87,1.00
2016.04.22 16:36:56.426,1.86605,1.86642,1.00,1.00
2016.04.22 16:36:56.477,1.86604,1.86642,2.21,1.00
2016.04.22 16:36:56.645,1.86617,1.86651,1.00,1.00
2016.04.22 16:36:56.758,1.86617,1.86654,1.00,1.00
2016.04.22 16:36:57.411,1.86621,1.86658,1.00,1.84
2016.04.22 16:37:00.184,1.86621,1.86658,1.71,1.00
2016.04.22 16:37:00.336,1.86624,1.86662,1.87,1.00
2016.04.22 16:37:00.387,1.86627,1.86663,1.37,1.00
2016.04.22 16:37:00.900,1.86631,1.86659,1.00,1.00
2016.04.22 16:37:01.052,1.86616,1.86652,1.00,1.00
2016.04.22 16:37:01.587,1.86615,1.86652,1.00,1.37
2016.04.22 16:37:02.692,1.86615,1.86648,1.00,1.00
2016.04.22 16:37:02.793,1.86613,1.86648,1.00,1.00
2016.04.22 16:37:03.341,1.86612,1.86649,1.00,1.50
2016.04.22 16:37:05.343,1.86615,1.86652,1.00,1.87
2016.04.22 16:37:07.105,1.86615,1.8665,1.00,1.00
2016.04.22 16:37:07.621,1.86615,1.86649,1.00,1.00
2016.04.22 16:37:07.704,1.86611,1.86649,1.00,1.00
2016.04.22 16:37:07.855,1.86615,1.86652,1.50,1.50
2016.04.22 16:37:08.007,1.86616,1.86654,1.12,1.00
2016.04.22 16:37:11.075,1.86615,1.86653,1.00,1.00
2016.04.22 16:37:11.126,1.86614,1.8665,1.00,1.00
2016.04.22 16:37:11.227,1.86611,1.86649,1.50,1.50
2016.04.22 16:37:12.087,1.86611,1.86647,1.50,1.00
2016.04.22 16:37:12.188,1.86606,1.86644,3.00,1.00
2016.04.22 16:37:13.010,1.86606,1.86643,1.00,1.00
2016.04.22 16:37:13.351,1.86606,1.86645,1.00,1.50
2016.04.22 16:37:13.402,1.8661,1.86645,1.00,1.00
2016.04.22 16:37:13.920,1.86611,1.86647,1.00,1.50
2016.04.22 16:37:15.425,1.8661,1.86648,1.50,1.75
2016.04.22 16:37:15.861,1.86607,1.86644,1.00,1.00
2016.04.22 16:37:16.832,1.86605,1.86641,1.00,1.00
2016.04.22 16:37:17.636,1.86606,1.86639,1.00,1.00
2016.04.22 16:37:18.182,1.86605,1.86639,1.00,1.00
2016.04.22 16:37:19.356,1.86604,1.86641,1.00,1.00
2016.04.22 16:37:20.538,1.86605,1.86641,1.00,1.50
2016.04.22 16:37:22.044,1.86604,1.86641,1.00,1.00
2016.04.22 16:37:22.594,1.86605,1.86641,1.00,1.00
2016.04.22 16:37:24.367,1.86604,1.86641,1.00,1.00
2016.04.22 16:37:25.353,1.86605,1.86641,1.12,1.00
2016.04.22 16:37:25.856,1.86604,1.86641,1.87,1.00
2016.04.22 16:37:26.432,1.86607,1.86641,1.00,1.00
2016.04.22 16:37:26.483,1.86607,1.86644,1.50,1.00
2016.04.22 16:37:34.126,1.8661,1.86644,1.00,1.00
2016.04.22 16:37:34.429,1.86637,1.86668,1.00,1.00
2016.04.22 16:37:34.656,1.86631,1.86669,1.75,1.50
2016.04.22 16:37:34.758,1.86631,1.86668,1.00,1.00
2016.04.22 16:37:35.278,1.86631,1.86669,1.00,1.12
2016.04.22 16:37:36.115,1.8663,1.86667,1.00,1.00
2016.04.22 16:37:36.804,1.8663,1.86666,1.00,1.00
2016.04.22 16:37:37.107,1.8663,1.86664,1.00,1.00
2016.04.22 16:37:37.322,1.8663,1.86666,1.00,1.00
2016.04.22 16:37:38.705,1.8663,1.86665,1.00,1.00
2016.04.22 16:37:39.941,1.86629,1.86665,1.00,1.00
2016.04.22 16:37:40.741,1.86629,1.86662,1.00,1.00
2016.04.22 16:37:41.611,1.86628,1.86662,1.00,1.00
2016.04.22 16:37:42.145,1.86628,1.86661,1.00,1.00
2016.04.22 16:37:42.297,1.86625,1.86662,1.50,1.00
2016.04.22 16:37:42.872,1.86625,1.86661,1.50,1.00
2016.04.22 16:37:43.410,1.86625,1.86662,1.50,1.00
2016.04.22 16:37:44.509,1.86625,1.8666,1.50,1.00
2016.04.22 16:37:44.812,1.8662,1.86648,1.00,1.00
2016.04.22 16:37:44.914,1.86612,1.86648,1.00,1.00
2016.04.22 16:37:45.015,1.86608,1.86647,1.50,1.00
2016.04.22 16:37:45.217,1.86608,1.86645,1.50,1.00
2016.04.22 16:37:45.700,1.86608,1.86643,1.50,1.00
2016.04.22 16:37:45.802,1.86608,1.86645,1.50,1.57
2016.04.22 16:37:46.042,1.86605,1.86644,1.37,1.50
2016.04.22 16:37:47.036,1.86607,1.86644,1.00,1.00
2016.04.22 16:37:47.398,1.86609,1.86647,1.00,2.25
2016.04.22 16:37:47.449,1.86611,1.86647,1.00,1.50
2016.04.22 16:37:47.550,1.86609,1.86647,1.00,1.50
2016.04.22 16:37:48.923,1.86609,1.86645,1.50,1.00
2016.04.22 16:37:49.125,1.86606,1.86644,1.12,1.00
2016.04.22 16:37:49.672,1.86607,1.86644,1.00,1.00
2016.04.22 16:37:50.279,1.86604,1.86643,2.25,1.00
2016.04.22 16:37:50.887,1.86607,1.86643,1.00,1.00
2016.04.22 16:37:51.261,1.86609,1.86643,1.00,1.00
2016.04.22 16:37:51.521,1.86614,1.86651,1.00,1.00
2016.04.22 16:37:51.572,1.86619,1.86652,1.00,1.00
2016.04.22 16:37:51.825,1.86618,1.86656,1.37,1.00
2016.04.22 16:37:53.172,1.86616,1.86655,1.00,1.12
2016.04.22 16:37:53.820,1.86616,1.86654,1.00,1.00
2016.04.22 16:37:54.072,1.86613,1.86652,1.00,1.00
2016.04.22 16:37:55.266,1.8661,1.86648,1.75,1.00
2016.04.22 16:38:02.950,1.8661,1.86648,1.00,1.00
2016.04.22 16:38:03.152,1.86612,1.86649,1.00,1.00
2016.04.22 16:38:03.564,1.86612,1.86651,1.00,1.00
2016.04.22 16:38:03.766,1.86616,1.86652,1.00,1.00
2016.04.22 16:38:04.103,1.86621,1.86654,1.00,1.00
2016.04.22 16:38:04.153,1.86622,1.86657,1.00,1.00
2016.04.22 16:38:04.204,1.86622,1.86659,1.50,1.00
2016.04.22 16:38:06.662,1.86619,1.86656,1.00,1.00
2016.04.22 16:38:06.915,1.86617,1.86656,1.50,1.00
2016.04.22 16:38:07.167,1.86617,1.8665,1.50,1.00
2016.04.22 16:38:07.414,1.86608,1.86645,1.37,1.87
2016.04.22 16:38:07.469,1.86606,1.86645,1.00,2.25
2016.04.22 16:38:07.791,1.86603,1.8664,1.00,1.00
2016.04.22 16:38:08.447,1.86604,1.8664,1.00,1.00
2016.04.22 16:38:09.003,1.86603,1.8664,1.12,1.00
2016.04.22 16:38:09.423,1.86605,1.86642,1.00,1.00
2016.04.22 16:38:09.581,1.86605,1.86644,1.00,1.12
2016.04.22 16:38:09.682,1.86607,1.86643,1.00,1.00
2016.04.22 16:38:10.036,1.86614,1.86649,1.00,1.00
2016.04.22 16:38:10.542,1.86614,1.86651,1.00,1.50
2016.04.22 16:38:12.885,1.86615,1.86651,1.00,1.50
2016.04.22 16:38:13.315,1.86609,1.86647,1.00,1.00
2016.04.22 16:38:13.417,1.86612,1.86647,1.00,1.00
2016.04.22 16:38:13.518,1.8661,1.86647,1.00,1.00
2016.04.22 16:38:13.619,1.86612,1.86647,1.00,1.00
2016.04.22 16:38:13.670,1.86613,1.86649,1.00,1.00
2016.04.22 16:38:14.024,1.86613,1.86651,1.00,1.50
2016.04.22 16:38:14.950,1.86614,1.86651,1.00,1.00
2016.04.22 16:38:15.404,1.86613,1.86645,1.00,1.00
2016.04.22 16:38:15.744,1.86624,1.86649,1.00,1.00
2016.04.22 16:38:15.795,1.86624,1.86654,1.00,1.00
2016.04.22 16:38:15.846,1.86618,1.86654,1.00,1.00
2016.04.22 16:38:15.897,1.86618,1.86654,1.37,1.50
2016.04.22 16:38:16.521,1.86618,1.86654,1.50,1.00
2016.04.22 16:38:16.572,1.86618,1.86657,2.25,1.50
2016.04.22 16:38:21.665,1.86622,1.86657,1.00,1.00
2016.04.22 16:38:22.040,1.86623,1.86661,1.37,1.50
2016.04.22 16:38:22.091,1.86623,1.86661,1.00,1.50
2016.04.22 16:38:23.120,1.86629,1.86661,1.00,1.00
2016.04.22 16:38:23.595,1.86623,1.86661,1.50,1.00
2016.04.22 16:38:23.804,1.86625,1.86661,1.00,1.00
2016.04.22 16:38:24.107,1.86628,1.86662,1.50,1.37
2016.04.22 16:38:24.158,1.86628,1.86665,1.50,1.00
2016.04.22 16:38:28.907,1.86631,1.86665,1.00,1.00
2016.04.22 16:38:29.521,1.86628,1.86665,1.00,1.00
2016.04.22 16:38:33.465,1.86628,1.86664,1.00,1.00
2016.04.22 16:38:36.100,1.86628,1.86663,1.50,1.00
2016.04.22 16:38:36.734,1.86635,1.86665,1.00,1.00
2016.04.22 16:38:36.937,1.86635,1.86669,1.00,1.37
2016.04.22 16:38:36.988,1.86635,1.86669,1.00,1.00
2016.04.22 16:38:37.089,1.86635,1.86675,1.50,1.50
2016.04.22 16:38:37.140,1.86639,1.86675,1.00,1.50
2016.04.22 16:38:37.190,1.8664,1.86678,1.00,1.50
2016.04.22 16:38:37.342,1.86645,1.86678,1.00,1.50
2016.04.22 16:38:37.443,1.8664,1.86678,1.50,1.50
2016.04.22 16:38:38.158,1.8664,1.86678,2.62,1.12
2016.04.22 16:38:38.209,1.86642,1.86681,1.12,1.00
2016.04.22 16:38:38.311,1.86646,1.86682,1.00,1.00
2016.04.22 16:38:38.512,1.86644,1.86682,1.00,1.00
2016.04.22 16:38:38.715,1.86642,1.86682,1.00,1.00
2016.04.22 16:38:44.542,1.86642,1.86679,1.00,1.34
2016.04.22 16:38:44.593,1.86638,1.86678,1.00,1.84
2016.04.22 16:38:44.770,1.86638,1.86673,1.00,1.00
2016.04.22 16:38:45.291,1.86638,1.86674,1.00,1.00
2016.04.22 16:38:45.544,1.86635,1.86672,1.00,1.00
2016.04.22 16:38:47.449,1.86632,1.86669,1.75,1.00
2016.04.22 16:38:48.522,1.86635,1.86673,1.00,1.50
2016.04.22 16:38:48.573,1.86632,1.86669,1.75,1.00
2016.04.22 16:38:48.724,1.86629,1.86665,1.00,1.00
2016.04.22 16:38:48.775,1.86629,1.86661,1.00,1.00
2016.04.22 16:38:48.826,1.86624,1.86661,1.37,1.50
2016.04.22 16:38:48.877,1.86619,1.86656,1.37,1.12
2016.04.22 16:38:48.927,1.86619,1.86656,1.00,1.12
2016.04.22 16:38:49.493,1.86618,1.86657,1.00,1.37
2016.04.22 16:38:52.864,1.86618,1.86657,2.25,1.00
2016.04.22 16:38:52.915,1.86621,1.86657,1.00,1.00
2016.04.22 16:38:53.091,1.86623,1.86663,1.37,1.00
2016.04.22 16:38:53.616,1.86626,1.86663,1.00,1.00
2016.04.22 16:38:53.768,1.86627,1.86665,1.00,1.00
2016.04.22 16:38:53.869,1.86627,1.86667,3.00,1.50
2016.04.22 16:38:54.569,1.86628,1.86667,1.00,1.00
2016.04.22 16:38:55.220,1.86627,1.86667,1.50,1.00
2016.04.22 16:38:55.271,1.86623,1.86663,2.25,1.00
2016.04.22 16:38:55.606,1.86623,1.86663,1.50,1.87
2016.04.22 16:38:56.211,1.86623,1.86658,1.00,1.00
2016.04.22 16:38:56.313,1.86617,1.86655,1.00,1.12
2016.04.22 16:38:57.371,1.86615,1.86651,1.00,1.00
2016.04.22 16:38:58.451,1.86617,1.86655,1.00,1.87
2016.04.22 16:38:59.473,1.86615,1.86652,1.00,1.00
2016.04.22 16:38:59.592,1.86616,1.86655,1.00,1.12
2016.04.22 16:39:00.539,1.86615,1.8665,1.00,1.00
2016.04.22 16:39:00.890,1.86616,1.86655,1.00,1.12
2016.04.22 16:39:02.759,1.86615,1.8665,1.00,1.00
2016.04.22 16:39:06.336,1.86613,1.8665,1.00,1.00
2016.04.22 16:39:10.420,1.8661,1.86648,1.50,1.00
2016.04.22 16:39:11.464,1.86609,1.86648,1.00,1.00
2016.04.22 16:39:11.565,1.86609,1.86644,1.00,1.00
2016.04.22 16:39:12.215,1.86609,1.86648,1.00,1.00
2016.04.22 16:39:13.557,1.8661,1.86648,1.00,1.00
2016.04.22 16:39:14.071,1.86609,1.86648,1.00,1.00
2016.04.22 16:39:15.977,1.86608,1.86646,1.00,1.00
2016.04.22 16:39:16.179,1.86608,1.86648,1.50,1.00
2016.04.22 16:39:16.727,1.86608,1.86647,1.00,1.50
2016.04.22 16:39:17.131,1.86614,1.86647,1.00,1.00
2016.04.22 16:39:17.181,1.86615,1.8665,1.00,1.12
2016.04.22 16:39:17.232,1.86617,1.8665,1.00,1.12
2016.04.22 16:39:17.334,1.86617,1.86656,1.12,1.00
2016.04.22 16:39:17.536,1.86616,1.86652,1.37,1.00
2016.04.22 16:39:17.844,1.86621,1.86652,1.00,1.00
2016.04.22 16:39:17.895,1.86621,1.86656,1.00,1.00
2016.04.22 16:39:18.632,1.86618,1.86656,1.00,1.00
2016.04.22 16:39:19.675,1.86619,1.86656,1.00,1.00
2016.04.22 16:39:19.776,1.86624,1.86659,1.00,1.00
2016.04.22 16:39:20.079,1.86619,1.86657,1.00,1.50
2016.04.22 16:39:21.142,1.86615,1.86654,2.25,1.00
2016.04.22 16:39:22.945,1.8662,1.86657,1.00,1.00
2016.04.22 16:39:23.970,1.8662,1.86657,1.00,1.37
2016.04.22 16:39:24.475,1.8662,1.86657,1.00,1.00
2016.04.22 16:39:24.678,1.8662,1.86657,1.00,2.70
2016.04.22 16:39:25.023,1.86611,1.86645,1.00,1.00
2016.04.22 16:39:25.527,1.8661,1.86647,1.00,1.50
2016.04.22 16:39:26.032,1.86611,1.86647,1.00,1.50
2016.04.22 16:39:26.899,1.86611,1.86644,1.00,1.00
2016.04.22 16:39:33.054,1.86612,1.86644,1.00,1.00
2016.04.22 16:39:33.194,1.86607,1.86644,1.00,1.00
2016.04.22 16:39:37.531,1.86609,1.86648,1.00,2.25
2016.04.22 16:39:38.144,1.86612,1.86648,1.00,2.25
2016.04.22 16:39:38.448,1.86612,1.86643,1.00,1.00
2016.04.22 16:39:38.759,1.86607,1.86643,1.00,1.00
2016.04.22 16:39:40.048,1.86606,1.86643,2.25,1.00
2016.04.22 16:39:40.552,1.86607,1.86643,1.00,1.00
2016.04.22 16:39:42.137,1.86606,1.86643,1.00,1.00
2016.04.22 16:39:42.238,1.86606,1.86639,1.00,1.00
2016.04.22 16:39:42.289,1.86602,1.86639,2.62,1.00
2016.04.22 16:39:42.831,1.86602,1.8664,1.50,1.00
2016.04.22 16:39:44.519,1.86602,1.86639,1.50,1.00
2016.04.22 16:39:44.570,1.86602,1.86637,1.00,1.00
2016.04.22 16:39:45.263,1.86602,1.86639,1.50,1.00
2016.04.22 16:39:49.053,1.86605,1.86639,1.00,1.00
2016.04.22 16:39:49.205,1.86605,1.86644,1.00,1.87
2016.04.22 16:39:49.356,1.86607,1.86644,1.00,1.87
2016.04.22 16:39:50.529,1.86606,1.86644,1.00,1.12
2016.04.22 16:39:51.055,1.86605,1.86644,1.00,1.87
2016.04.22 16:39:57.770,1.86606,1.86644,1.00,1.87
2016.04.22 16:39:58.197,1.86609,1.86644,1.00,1.12
2016.04.22 16:39:58.374,1.86605,1.86644,1.00,1.12
2016.04.22 16:39:59.100,1.86606,1.86644,1.00,1.00
2016.04.22 16:40:00.012,1.86607,1.86644,1.00,1.00
2016.04.22 16:40:00.164,1.86605,1.86644,1.50,1.50
2016.04.22 16:40:01.598,1.86606,1.86644,1.00,1.50
2016.04.22 16:40:02.101,1.86607,1.86644,1.00,1.50
2016.04.22 16:40:02.404,1.86605,1.86644,1.50,1.00
2016.04.22 16:40:03.192,1.86606,1.86644,1.00,1.00
2016.04.22 16:40:05.418,1.86607,1.86644,1.00,1.00
2016.04.22 16:40:05.957,1.86606,1.86644,1.00,1.00
2016.04.22 16:40:06.922,1.86605,1.86644,1.00,1.00
2016.04.22 16:40:08.378,1.86606,1.86642,1.00,1.00
2016.04.22 16:40:08.927,1.86605,1.86642,1.00,1.00
2016.04.22 16:40:09.930,1.86606,1.8664,1.00,1.00
2016.04.22 16:40:10.459,1.86607,1.8664,1.00,1.00
2016.04.22 16:40:10.588,1.86603,1.8664,1.50,1.00
2016.04.22 16:40:10.891,1.86606,1.8664,1.00,1.00
2016.04.22 16:40:10.992,1.86603,1.8664,1.50,1.00
2016.04.22 16:40:12.644,1.86607,1.8664,1.00,1.00
2016.04.22 16:40:12.859,1.86603,1.8664,1.50,1.00
2016.04.22 16:40:15.400,1.86603,1.8664,1.00,1.00
2016.04.22 16:40:17.138,1.86602,1.86635,1.00,1.00
2016.04.22 16:40:17.456,1.86616,1.86649,1.00,1.12
2016.04.22 16:40:17.608,1.86616,1.86654,1.50,1.00
2016.04.22 16:40:17.659,1.86618,1.86657,1.00,1.00
2016.04.22 16:40:21.336,1.86619,1.86657,1.00,1.00
2016.04.22 16:40:21.437,1.86619,1.86657,1.00,1.34
2016.04.22 16:40:21.539,1.86616,1.86652,1.00,1.12
2016.04.22 16:40:21.589,1.86615,1.86649,1.00,1.34
2016.04.22 16:40:21.640,1.86611,1.86648,1.00,1.34
2016.04.22 16:40:21.966,1.86611,1.86648,1.00,1.50
2016.04.22 16:40:22.271,1.86607,1.86646,2.25,1.00
2016.04.22 16:40:23.402,1.86607,1.86644,1.00,1.00
2016.04.22 16:40:23.706,1.866,1.86637,1.50,1.37
2016.04.22 16:40:24.010,1.86604,1.86637,1.12,1.37
2016.04.22 16:40:24.112,1.86604,1.86637,1.12,1.00
2016.04.22 16:40:24.376,1.86604,1.86644,1.12,1.00
2016.04.22 16:40:29.450,1.86605,1.86644,1.00,1.00
2016.04.22 16:40:30.753,1.86606,1.86644,1.00,1.00
2016.04.22 16:40:31.263,1.86605,1.86644,1.00,1.00
2016.04.22 16:40:31.784,1.86604,1.86644,1.12,1.00
2016.04.22 16:40:34.399,1.86605,1.86644,1.00,1.00
2016.04.22 16:40:35.416,1.86604,1.86644,1.12,1.00
2016.04.22 16:40:40.383,1.86605,1.86644,1.00,1.00
2016.04.22 16:40:40.959,1.86606,1.86644,1.00,1.00
2016.04.22 16:40:41.586,1.86604,1.86644,1.87,1.00
2016.04.22 16:40:42.911,1.86604,1.86643,1.00,1.00
2016.04.22 16:40:43.012,1.86602,1.86639,1.00,1.00
2016.04.22 16:40:43.315,1.86594,1.86632,1.00,1.75
2016.04.22 16:40:43.568,1.86592,1.86628,1.00,1.12
2016.04.22 16:40:43.770,1.86593,1.86625,1.00,1.00
2016.04.22 16:40:44.293,1.86593,1.86624,1.00,1.00
2016.04.22 16:40:46.261,1.86593,1.86625,1.00,1.00
2016.04.22 16:40:46.682,1.86589,1.86625,1.00,1.00
2016.04.22 16:40:47.183,1.86588,1.86624,1.00,1.00
2016.04.22 16:40:48.228,1.86585,1.86624,1.87,1.00
2016.04.22 16:40:49.531,1.86588,1.86626,1.00,1.00
2016.04.22 16:40:50.611,1.86588,1.86625,1.00,1.00
2016.04.22 16:40:50.783,1.86585,1.86624,1.87,1.00
2016.04.22 16:40:50.834,1.86587,1.86624,1.00,1.00
2016.04.22 16:40:53.611,1.86587,1.86621,1.00,1.00
2016.04.22 16:40:53.662,1.86583,1.8662,1.87,1.00
2016.04.22 16:40:54.219,1.86583,1.8662,1.50,1.50
2016.04.22 16:40:54.951,1.86583,1.86617,1.00,1.00
2016.04.22 16:40:56.475,1.86584,1.8662,1.00,1.00
2016.04.22 16:40:57.630,1.86587,1.8662,1.00,1.00
2016.04.22 16:40:58.331,1.86586,1.8662,1.00,1.00
2016.04.22 16:40:58.681,1.86591,1.8662,1.00,1.00
2016.04.22 16:40:59.205,1.86587,1.8662,1.00,1.00
2016.04.22 16:40:59.750,1.86586,1.8662,1.00,1.00
2016.04.22 16:41:01.088,1.86586,1.86621,1.12,1.12
2016.04.22 16:41:01.589,1.86587,1.8662,1.00,1.00
2016.04.22 16:41:04.038,1.86587,1.86622,1.00,1.50
2016.04.22 16:41:04.697,1.86586,1.86622,1.00,1.50
2016.04.22 16:41:07.416,1.86586,1.86622,1.00,1.00
2016.04.22 16:41:07.467,1.86584,1.86622,1.50,1.00
2016.04.22 16:41:07.529,1.86587,1.86622,1.00,1.00
2016.04.22 16:41:08.175,1.86586,1.86622,1.00,1.00
2016.04.22 16:41:08.286,1.86589,1.86626,1.00,1.50
2016.04.22 16:41:08.554,1.86592,1.86626,1.00,1.50
2016.04.22 16:41:08.655,1.86589,1.86626,1.00,1.50
2016.04.22 16:41:09.449,1.86589,1.86625,1.00,1.00
2016.04.22 16:41:09.773,1.86592,1.86625,1.00,1.00
2016.04.22 16:41:10.408,1.86589,1.86625,1.00,1.00
2016.04.22 16:41:10.609,1.86592,1.86625,1.00,1.00
2016.04.22 16:41:11.531,1.86592,1.86626,1.00,1.00
2016.04.22 16:41:12.420,1.86589,1.86626,1.50,1.00
2016.04.22 16:41:12.875,1.86592,1.86622,1.00,1.00
2016.04.22 16:41:13.077,1.86603,1.86636,1.12,1.00
2016.04.22 16:41:13.182,1.86606,1.86636,1.00,1.00
2016.04.22 16:41:13.232,1.86606,1.8664,1.00,1.00
2016.04.22 16:41:13.283,1.86606,1.86644,1.00,1.84
2016.04.22 16:41:13.547,1.86606,1.86639,1.00,1.00
2016.04.22 16:41:13.597,1.86607,1.86644,1.00,1.84
2016.04.22 16:41:13.648,1.86606,1.86639,1.00,1.00
2016.04.22 16:41:14.003,1.86606,1.86644,1.00,1.09
2016.04.22 16:41:14.659,1.86607,1.86644,1.00,1.09
2016.04.22 16:41:15.239,1.86606,1.86644,1.00,1.09
2016.04.22 16:41:16.155,1.86609,1.86645,1.00,1.34
2016.04.22 16:41:19.641,1.86612,1.86646,1.00,1.34
2016.04.22 16:41:20.196,1.86608,1.86644,1.00,1.09
2016.04.22 16:41:21.682,1.86609,1.86644,1.00,1.09
2016.04.22 16:41:22.528,1.86609,1.86643,1.00,1.00
2016.04.22 16:41:22.629,1.86603,1.86641,1.12,1.50
2016.04.22 16:41:22.788,1.86601,1.86639,2.25,1.12
2016.04.22 16:41:22.890,1.86601,1.86638,1.00,1.00
2016.04.22 16:41:23.430,1.86601,1.86639,1.00,1.00
2016.04.22 16:41:23.648,1.86599,1.86636,1.00,1.00
2016.04.22 16:41:23.951,1.8661,1.8664,1.00,1.00
2016.04.22 16:41:24.103,1.86612,1.8665,1.00,1.00
2016.04.22 16:41:24.447,1.86612,1.86649,1.87,1.00
2016.04.22 16:41:24.962,1.86612,1.8665,2.25,1.50
2016.04.22 16:41:25.396,1.86606,1.86642,2.25,1.00
2016.04.22 16:41:25.497,1.86601,1.86638,1.50,1.00
2016.04.22 16:41:29.248,1.86606,1.86643,1.00,1.12
2016.04.22 16:41:29.400,1.86612,1.8665,1.50,1.00
2016.04.22 16:41:29.450,1.86618,1.8665,1.00,1.00
2016.04.22 16:41:29.501,1.86618,1.86654,1.00,1.00
2016.04.22 16:41:30.205,1.86617,1.86654,1.50,1.00
2016.04.22 16:41:31.009,1.86617,1.86654,1.00,1.37
2016.04.22 16:41:31.110,1.86613,1.86649,1.00,1.84
2016.04.22 16:41:31.161,1.86611,1.86646,1.50,1.00
2016.04.22 16:41:31.262,1.86612,1.86649,1.00,1.84
2016.04.22 16:41:32.372,1.86612,1.86648,1.00,1.00
2016.04.22 16:41:32.878,1.86611,1.86649,1.00,1.84
2016.04.22 16:41:34.482,1.86611,1.86648,1.00,1.00
2016.04.22 16:41:37.181,1.86611,1.86649,1.00,1.09
2016.04.22 16:41:41.189,1.86612,1.86649,1.00,1.09
2016.04.22 16:41:42.541,1.86612,1.86647,1.00,1.00
2016.04.22 16:41:42.642,1.86609,1.86647,1.50,1.00
2016.04.22 16:41:43.095,1.86611,1.86647,1.00,1.00
2016.04.22 16:41:43.578,1.86611,1.86649,1.00,1.09
2016.04.22 16:41:45.044,1.86609,1.86649,1.50,1.09
2016.04.22 16:41:45.095,1.86609,1.86645,1.00,1.00
2016.04.22 16:41:45.279,1.86607,1.86645,1.12,1.00
2016.04.22 16:41:46.396,1.86611,1.86645,1.00,1.00
2016.04.22 16:41:47.506,1.86607,1.86645,1.87,1.00
2016.04.22 16:41:48.811,1.86611,1.86645,1.00,1.00
2016.04.22 16:41:49.462,1.86607,1.86645,1.12,1.00
2016.04.22 16:41:49.596,1.86609,1.86645,1.00,1.00
2016.04.22 16:41:49.798,1.86614,1.86651,1.00,1.00
2016.04.22 16:41:49.899,1.86616,1.86651,1.12,1.00
2016.04.22 16:41:50.001,1.86618,1.86656,1.00,1.00
2016.04.22 16:41:50.537,1.86619,1.86656,1.00,1.00
2016.04.22 16:41:50.638,1.86622,1.86656,1.00,1.00
2016.04.22 16:41:53.404,1.86625,1.86656,1.00,1.00
2016.04.22 16:41:54.584,1.86625,1.86659,1.00,2.25
2016.04.22 16:41:54.635,1.86622,1.86659,1.00,2.25
2016.04.22 16:41:56.509,1.86622,1.86659,1.37,1.50
2016.04.22 16:41:56.611,1.86625,1.86659,1.00,1.00
2016.04.22 16:41:56.863,1.86627,1.86665,1.00,1.00
2016.04.22 16:41:57.015,1.86629,1.86665,1.00,1.00
2016.04.22 16:41:57.342,1.86626,1.86665,1.50,1.00
2016.04.22 16:41:57.546,1.86626,1.8666,1.00,1.00
2016.04.22 16:41:57.850,1.86626,1.86664,1.00,1.50
2016.04.22 16:41:58.731,1.86626,1.86663,1.00,1.50
2016.04.22 16:41:58.782,1.86625,1.86661,1.00,1.00
2016.04.22 16:41:59.661,1.86617,1.86657,1.00,1.12
2016.04.22 16:41:59.947,1.86614,1.86652,1.12,1.00
2016.04.22 16:42:00.401,1.86621,1.86652,1.00,1.00
2016.04.22 16:42:00.503,1.86618,1.86656,1.37,1.00
2016.04.22 16:42:01.044,1.86621,1.86656,1.37,1.00
2016.04.22 16:42:01.347,1.86622,1.86661,1.12,1.00
2016.04.22 16:42:01.878,1.86623,1.86661,1.00,1.00
2016.04.22 16:42:04.210,1.86626,1.86664,1.00,1.50
2016.04.22 16:42:04.857,1.86626,1.86659,1.50,1.00
2016.04.22 16:42:04.959,1.86621,1.86657,1.00,1.00
2016.04.22 16:42:05.010,1.86621,1.86653,1.00,1.00
2016.04.22 16:42:05.061,1.86615,1.86653,1.00,2.25
2016.04.22 16:42:05.566,1.86615,1.86653,1.00,1.00
2016.04.22 16:42:07.803,1.86616,1.86653,1.00,1.00
2016.04.22 16:42:08.056,1.86618,1.86653,1.00,1.00
2016.04.22 16:42:08.560,1.86617,1.86653,1.00,1.00
2016.04.22 16:42:08.711,1.86611,1.86649,1.00,1.00
2016.04.22 16:42:15.582,1.86612,1.86649,1.10,1.00
2016.04.22 16:42:15.634,1.86627,1.86653,1.00,1.00
2016.04.22 16:42:15.685,1.86627,1.86659,1.50,1.00
2016.04.22 16:42:15.837,1.86627,1.86664,1.50,1.00
2016.04.22 16:42:15.887,1.86631,1.86664,1.00,1.00
2016.04.22 16:42:17.431,1.86631,1.86668,1.00,1.00
2016.04.22 16:42:17.532,1.86636,1.86668,1.00,1.00
2016.04.22 16:42:17.734,1.86632,1.86668,1.00,1.00
2016.04.22 16:42:20.266,1.86631,1.86668,1.00,1.00
2016.04.22 16:42:20.468,1.8663,1.86665,1.12,1.00
2016.04.22 16:42:21.150,1.86627,1.86664,2.25,1.00
2016.04.22 16:42:24.041,1.86626,1.86661,1.00,1.00
2016.04.22 16:42:24.546,1.86627,1.86661,1.00,1.00
2016.04.22 16:42:25.617,1.86627,1.86665,1.00,1.00
2016.04.22 16:42:26.124,1.86626,1.86664,1.00,1.00
2016.04.22 16:42:26.711,1.86627,1.86664,1.00,1.50
2016.04.22 16:42:27.234,1.86626,1.86663,1.00,1.00
2016.04.22 16:42:27.337,1.86626,1.8666,1.00,1.00
2016.04.22 16:42:28.980,1.86623,1.86656,1.12,1.50
2016.04.22 16:42:29.031,1.86618,1.8665,1.50,1.00
2016.04.22 16:42:29.082,1.86615,1.8665,1.00,1.00
2016.04.22 16:42:29.133,1.86612,1.8665,1.50,1.00
2016.04.22 16:42:29.184,1.86612,1.8665,1.87,1.00
2016.04.22 16:42:29.700,1.86617,1.8665,1.50,1.00
2016.04.22 16:42:30.429,1.86617,1.86653,1.00,1.00
2016.04.22 16:42:30.946,1.86621,1.86653,1.00,1.00
2016.04.22 16:42:31.246,1.86617,1.86653,1.00,1.00
2016.04.22 16:42:31.750,1.86616,1.86653,3.75,1.00
2016.04.22 16:42:35.249,1.86617,1.86653,1.00,1.00
2016.04.22 16:42:38.867,1.86616,1.86653,3.00,1.00
2016.04.22 16:42:39.373,1.86617,1.86653,1.50,1.00
2016.04.22 16:42:41.378,1.86616,1.86653,3.00,1.00
2016.04.22 16:42:42.251,1.86617,1.86653,1.00,1.00
2016.04.22 16:42:44.314,1.86621,1.86657,1.00,1.00
2016.04.22 16:42:44.617,1.86627,1.86663,1.00,1.00
2016.04.22 16:42:45.886,1.86624,1.86663,1.00,1.00
2016.04.22 16:42:46.094,1.86623,1.86659,1.00,1.00
2016.04.22 16:42:46.397,1.86626,1.86659,1.00,1.00
2016.04.22 16:42:46.559,1.86623,1.86659,1.00,1.00
2016.04.22 16:42:47.104,1.86622,1.86659,1.00,1.50
2016.04.22 16:42:48.556,1.86627,1.86659,1.00,1.50
2016.04.22 16:42:49.061,1.86627,1.86658,1.00,1.00
2016.04.22 16:42:49.610,1.86627,1.86659,1.00,1.00
2016.04.22 16:42:50.233,1.86622,1.86659,1.50,1.00
2016.04.22 16:42:50.461,1.86622,1.86655,1.00,1.00
2016.04.22 16:42:50.965,1.86617,1.86655,1.50,1.00
2016.04.22 16:42:51.186,1.86622,1.86655,1.00,1.00
2016.04.22 16:42:51.966,1.86621,1.86655,1.00,1.00
2016.04.22 16:42:53.296,1.86622,1.86655,1.00,1.00
2016.04.22 16:42:54.607,1.86631,1.86664,1.00,1.00
2016.04.22 16:42:54.658,1.86631,1.86667,1.00,1.12
2016.04.22 16:42:54.709,1.86641,1.86667,1.00,1.00
2016.04.22 16:42:55.174,1.86641,1.8667,1.00,1.00
2016.04.22 16:42:55.542,1.86642,1.86668,1.00,1.34
2016.04.22 16:42:56.130,1.86641,1.86666,1.00,1.09
2016.04.22 16:42:57.436,1.86642,1.86666,1.00,1.09
2016.04.22 16:43:07.348,1.8663,1.86666,1.00,1.00
2016.04.22 16:43:07.398,1.8663,1.86661,1.00,1.00
2016.04.22 16:43:07.921,1.86631,1.86661,1.00,1.00
2016.04.22 16:43:08.073,1.86631,1.86665,1.00,1.00
2016.04.22 16:43:09.157,1.8663,1.86665,1.00,1.00
2016.04.22 16:43:09.676,1.86631,1.86665,1.00,1.00
2016.04.22 16:43:10.139,1.86631,1.86665,1.50,1.34
2016.04.22 16:43:10.476,1.86637,1.86665,1.00,1.34
2016.04.22 16:43:11.075,1.86636,1.86665,1.00,1.34
2016.04.22 16:43:13.202,1.86636,1.86665,1.00,1.00
2016.04.22 16:43:14.386,1.86637,1.86665,1.00,1.00
2016.04.22 16:43:14.487,1.86637,1.86668,1.00,1.34
2016.04.22 16:43:14.839,1.86641,1.86668,1.00,1.34
2016.04.22 16:43:16.941,1.86637,1.86668,1.00,1.34
2016.04.22 16:43:19.207,1.86632,1.86668,1.00,1.34
2016.04.22 16:43:19.465,1.86636,1.86668,1.00,1.84
2016.04.22 16:43:19.810,1.86636,1.86665,1.00,1.00
2016.04.22 16:43:20.351,1.86628,1.86665,1.00,1.50
2016.04.22 16:43:21.553,1.86627,1.86662,1.50,1.00
2016.04.22 16:43:22.070,1.86628,1.86662,1.00,1.00
2016.04.22 16:43:23.607,1.86636,1.86662,1.00,1.00
2016.04.22 16:43:23.709,1.86636,1.86666,1.00,1.09
2016.04.22 16:43:33.180,1.86637,1.86669,1.00,1.34
2016.04.22 16:43:34.315,1.86637,1.86669,1.00,1.34
2016.04.22 16:43:34.836,1.86642,1.86669,1.00,1.00
2016.04.22 16:43:35.438,1.86642,1.86671,1.00,1.00
2016.04.22 16:43:35.942,1.86642,1.86672,1.00,1.00
2016.04.22 16:43:36.195,1.86646,1.86672,1.00,1.00
2016.04.22 16:43:37.849,1.86646,1.86673,1.00,1.00
2016.04.22 16:43:38.832,1.86642,1.86673,1.00,1.00
2016.04.22 16:43:39.035,1.86647,1.86673,1.00,1.00
2016.04.22 16:43:39.238,1.86642,1.8667,1.00,1.00
2016.04.22 16:43:39.339,1.86632,1.8667,1.00,1.00
2016.04.22 16:43:40.048,1.86635,1.86673,1.00,1.00
2016.04.22 16:43:40.351,1.86642,1.86673,1.00,1.00
2016.04.22 16:43:42.894,1.86641,1.86673,1.00,1.00
2016.04.22 16:43:43.361,1.86641,1.8667,1.00,1.00
2016.04.22 16:43:43.411,1.86631,1.8667,1.37,1.00
2016.04.22 16:43:43.462,1.86631,1.8667,1.50,1.00
2016.04.22 16:43:43.870,1.86635,1.86673,1.00,1.00
2016.04.22 16:43:44.376,1.86635,1.86674,1.00,1.00
2016.04.22 16:43:49.759,1.86636,1.86674,1.00,1.00
2016.04.22 16:43:50.339,1.86639,1.86677,1.00,1.00
2016.04.22 16:43:53.665,1.86636,1.86673,1.50,1.00
2016.04.22 16:43:53.968,1.86635,1.86669,1.00,1.50
2016.04.22 16:43:54.293,1.86637,1.86675,2.25,1.37
2016.04.22 16:43:54.344,1.86637,1.86675,2.25,1.00
2016.04.22 16:43:54.719,1.86641,1.86675,1.00,1.00
2016.04.22 16:43:54.870,1.86645,1.86683,1.50,1.75
2016.04.22 16:43:54.921,1.86645,1.86683,1.87,1.00
2016.04.22 16:43:54.972,1.86647,1.86683,1.37,1.00
2016.04.22 16:43:55.023,1.86649,1.86687,1.37,1.00
2016.04.22 16:43:55.074,1.86649,1.86687,1.00,1.00
2016.04.22 16:43:55.306,1.86651,1.86687,1.12,1.00
2016.04.22 16:43:55.558,1.86654,1.86691,1.00,1.00
2016.04.22 16:43:56.076,1.86655,1.86691,1.00,1.00
2016.04.22 16:43:59.300,1.86654,1.86691,1.00,1.00
2016.04.22 16:44:00.002,1.86653,1.86691,1.00,1.00
2016.04.22 16:44:02.834,1.86653,1.86687,1.00,1.00
2016.04.22 16:44:02.936,1.86647,1.86687,1.50,1.12
2016.04.22 16:44:03.463,1.86651,1.86687,1.00,1.12
2016.04.22 16:44:03.839,1.86653,1.86692,1.00,1.00
2016.04.22 16:44:04.344,1.86652,1.86692,1.50,1.00
2016.04.22 16:44:05.591,1.86654,1.86692,1.00,1.00
2016.04.22 16:44:05.894,1.86658,1.86696,1.50,1.00
2016.04.22 16:44:06.197,1.86662,1.86699,1.00,1.00
2016.04.22 16:44:06.587,1.86661,1.86696,1.00,1.00
2016.04.22 16:44:06.776,1.86658,1.86696,1.50,1.00
2016.04.22 16:44:06.827,1.86657,1.86692,2.25,1.00
2016.04.22 16:44:06.943,1.86652,1.86692,2.25,1.50
2016.04.22 16:44:09.826,1.86652,1.86692,1.37,1.00
2016.04.22 16:44:09.877,1.86658,1.86694,1.00,1.00
2016.04.22 16:44:10.129,1.86654,1.86694,1.00,1.50
2016.04.22 16:44:15.376,1.86656,1.86694,1.00,1.00
2016.04.22 16:44:15.881,1.86657,1.86694,1.00,1.00
2016.04.22 16:44:16.184,1.86662,1.86694,1.00,1.00
2016.04.22 16:44:16.666,1.86656,1.86694,1.50,1.00
2016.04.22 16:44:17.207,1.86657,1.86694,1.00,1.00
2016.04.22 16:44:20.969,1.86662,1.86694,1.00,1.00
2016.04.22 16:44:21.171,1.86662,1.86696,1.00,1.00
2016.04.22 16:44:21.273,1.86657,1.86696,1.50,1.00
2016.04.22 16:44:21.821,1.86661,1.86697,1.00,1.00
2016.04.22 16:44:22.522,1.8666,1.86697,1.50,1.00
2016.04.22 16:44:23.092,1.86661,1.86697,1.00,1.00
2016.04.22 16:44:23.627,1.8666,1.86697,1.00,1.00
2016.04.22 16:44:23.977,1.86663,1.86697,1.00,1.00
2016.04.22 16:44:24.028,1.86663,1.867,1.00,1.00
2016.04.22 16:44:25.783,1.86666,1.867,1.00,1.00
2016.04.22 16:44:28.633,1.86662,1.867,1.50,1.00
2016.04.22 16:44:28.684,1.86663,1.86692,1.00,1.00
2016.04.22 16:44:28.836,1.86661,1.86692,1.00,1.00
2016.04.22 16:44:28.988,1.86658,1.86692,1.00,1.00
2016.04.22 16:44:29.707,1.86658,1.86691,1.00,1.00
2016.04.22 16:44:30.229,1.86657,1.86691,1.00,1.00
2016.04.22 16:44:30.767,1.86657,1.86692,1.00,1.50
2016.04.22 16:44:31.871,1.86657,1.86691,1.00,1.00
2016.04.22 16:44:34.469,1.86661,1.86691,1.00,1.00
2016.04.22 16:44:34.971,1.86662,1.86691,1.00,1.00
2016.04.22 16:44:35.622,1.86661,1.86692,1.00,1.50
2016.04.22 16:44:35.894,1.86656,1.86692,1.00,1.50
2016.04.22 16:44:36.564,1.86661,1.86692,1.00,1.00
2016.04.22 16:44:37.128,1.86662,1.86693,1.00,1.00
2016.04.22 16:44:37.730,1.86662,1.86695,1.00,1.00
2016.04.22 16:44:38.200,1.86657,1.86691,1.50,1.00
2016.04.22 16:44:39.378,1.86656,1.86691,1.00,1.50
2016.04.22 16:44:40.238,1.86656,1.86689,1.00,1.00
2016.04.22 16:44:41.624,1.86656,1.86687,1.00,1.00
2016.04.22 16:44:41.725,1.86651,1.86683,1.50,1.00
2016.04.22 16:44:42.231,1.86652,1.86683,1.00,1.00
2016.04.22 16:44:44.150,1.86652,1.86684,1.00,1.00
2016.04.22 16:44:44.693,1.86651,1.86684,1.00,1.00
2016.04.22 16:44:45.784,1.86656,1.86684,1.00,1.00
2016.04.22 16:44:46.233,1.86648,1.86681,1.50,1.00
2016.04.22 16:44:46.486,1.86644,1.86681,3.37,1.00
2016.04.22 16:44:48.676,1.86644,1.86683,1.50,1.50
2016.04.22 16:44:49.130,1.86644,1.86683,1.00,1.87
2016.04.22 16:44:50.151,1.86644,1.86682,1.00,1.00
2016.04.22 16:44:50.252,1.86642,1.86678,1.00,1.00
2016.04.22 16:44:50.454,1.86637,1.86674,2.25,2.62
2016.04.22 16:44:50.707,1.86637,1.86674,1.00,3.00
2016.04.22 16:44:50.758,1.86633,1.8667,1.00,1.75
2016.04.22 16:44:50.960,1.86636,1.86667,1.00,1.12
2016.04.22 16:44:51.112,1.86634,1.86667,1.00,1.12
2016.04.22 16:44:51.371,1.86633,1.8667,1.12,1.00
2016.04.22 16:44:51.422,1.86636,1.8667,1.00,1.00
2016.04.22 16:44:52.078,1.86637,1.8667,1.00,1.00
2016.04.22 16:44:52.737,1.86636,1.8667,1.00,1.00
2016.04.22 16:44:54.342,1.86637,1.8667,1.00,1.00
2016.04.22 16:44:54.443,1.86641,1.86676,1.50,1.00
2016.04.22 16:44:55.056,1.86638,1.86671,1.00,1.00
2016.04.22 16:44:55.157,1.86636,1.8667,1.00,1.00
2016.04.22 16:44:55.679,1.86637,1.86671,1.00,1.00
2016.04.22 16:44:56.225,1.86637,1.8667,1.00,1.00
2016.04.22 16:44:56.276,1.86642,1.8667,1.00,1.00
2016.04.22 16:44:56.694,1.86636,1.8667,1.00,1.00
2016.04.22 16:44:56.796,1.86636,1.86665,1.00,1.00
2016.04.22 16:44:57.119,1.86637,1.86664,1.00,1.75
2016.04.22 16:44:58.330,1.86632,1.86664,1.00,1.75
2016.04.22 16:44:58.648,1.86632,1.86664,1.00,1.00
2016.04.22 16:44:59.864,1.86631,1.86664,1.00,1.00
2016.04.22 16:45:00.240,1.86627,1.86664,1.87,1.00
2016.04.22 16:45:00.804,1.86627,1.86664,1.37,1.00
2016.04.22 16:45:01.305,1.86632,1.86664,1.00,1.50
2016.04.22 16:45:06.318,1.86632,1.86668,1.00,1.00
2016.04.22 16:45:06.369,1.86636,1.86668,1.00,1.00
2016.04.22 16:45:06.420,1.86636,1.86671,1.00,1.00
2016.04.22 16:45:06.925,1.86635,1.86672,1.00,1.00
2016.04.22 16:45:07.026,1.86637,1.86672,1.00,1.00
2016.04.22 16:45:07.337,1.86637,1.8667,1.00,1.00
2016.04.22 16:45:09.295,1.86637,1.86668,1.00,1.00
2016.04.22 16:45:10.197,1.86637,1.86668,1.00,1.37
2016.04.22 16:45:10.551,1.86631,1.86668,1.50,2.25
2016.04.22 16:45:10.602,1.86631,1.86663,1.50,1.00
2016.04.22 16:45:11.436,1.86627,1.86663,1.00,1.00
2016.04.22 16:45:11.537,1.86631,1.86663,1.00,1.00
2016.04.22 16:45:12.232,1.86626,1.8666,1.50,1.00
2016.04.22 16:45:12.535,1.86627,1.86657,1.00,1.00
2016.04.22 16:45:12.737,1.86627,1.8666,1.00,1.00
2016.04.22 16:45:14.054,1.86626,1.8666,1.00,1.00
2016.04.22 16:45:14.563,1.86627,1.8666,1.00,1.00
2016.04.22 16:45:14.825,1.86632,1.8666,1.00,1.00
2016.04.22 16:45:15.592,1.86632,1.86663,1.00,1.75
2016.04.22 16:45:16.521,1.86626,1.86663,1.50,1.75
2016.04.22 16:45:16.887,1.86626,1.86653,1.50,1.00
2016.04.22 16:45:17.321,1.86612,1.86639,1.00,1.75
2016.04.22 16:45:18.729,1.86612,1.86639,1.00,1.00
2016.04.22 16:45:19.631,1.86612,1.86638,1.00,1.00
2016.04.22 16:45:21.937,1.86612,1.86639,1.00,1.00
2016.04.22 16:45:22.038,1.86607,1.86639,1.00,1.00
2016.04.22 16:45:22.539,1.86607,1.86638,1.00,1.00
2016.04.22 16:45:23.235,1.86607,1.86639,1.00,1.00
2016.04.22 16:45:23.790,1.86606,1.86638,1.00,1.00
2016.04.22 16:45:23.934,1.86606,1.86641,1.00,1.00
2016.04.22 16:45:24.136,1.86606,1.86639,1.00,1.00
2016.04.22 16:45:24.288,1.86604,1.86639,1.00,1.00
2016.04.22 16:45:24.339,1.86602,1.86638,1.50,1.00
2016.04.22 16:45:24.541,1.86601,1.86636,1.00,1.00
2016.04.22 16:45:24.642,1.86601,1.86638,1.37,1.50
2016.04.22 16:45:24.817,1.86607,1.86638,1.00,1.50
2016.04.22 16:45:24.868,1.86611,1.86643,1.00,1.50
2016.04.22 16:45:25.390,1.86612,1.86643,1.00,1.50
2016.04.22 16:45:25.939,1.86612,1.86642,1.00,1.00
2016.04.22 16:45:25.990,1.86612,1.86639,1.00,1.00
2016.04.22 16:45:28.102,1.86612,1.86638,1.00,2.25
2016.04.22 16:45:28.152,1.86599,1.86638,1.00,2.25
2016.04.22 16:45:28.304,1.86602,1.86637,1.00,1.00
2016.04.22 16:45:28.607,1.86611,1.86638,1.00,1.00
2016.04.22 16:45:29.152,1.86611,1.86639,1.00,1.00
2016.04.22 16:45:29.606,1.86617,1.8664,1.00,1.00
2016.04.22 16:45:29.808,1.86611,1.8664,1.00,1.00
2016.04.22 16:45:30.060,1.86604,1.86639,1.12,1.00
2016.04.22 16:45:30.111,1.86604,1.86636,1.12,1.00
2016.04.22 16:45:30.839,1.86598,1.86636,1.00,1.00
2016.04.22 16:45:30.895,1.86602,1.86636,1.00,1.00
2016.04.22 16:45:31.209,1.86602,1.86634,1.00,1.00
2016.04.22 16:45:31.260,1.86598,1.86634,1.00,1.00
2016.04.22 16:45:31.462,1.86601,1.86634,1.00,1.00
2016.04.22 16:45:32.002,1.86598,1.86634,1.00,1.00
2016.04.22 16:45:32.375,1.86598,1.86632,1.00,1.00
2016.04.22 16:45:32.909,1.86597,1.86632,1.00,1.00
2016.04.22 16:45:33.481,1.86597,1.86633,1.00,1.50
2016.04.22 16:45:34.969,1.86611,1.86633,1.00,1.00
2016.04.22 16:45:36.499,1.86611,1.86636,1.00,1.00
2016.04.22 16:45:36.550,1.86607,1.86636,1.00,1.00
2016.04.22 16:45:36.818,1.86607,1.86634,1.00,1.00
2016.04.22 16:45:37.426,1.86607,1.86632,1.00,1.00
2016.04.22 16:45:37.753,1.86611,1.86632,1.00,1.00
2016.04.22 16:45:39.066,1.86611,1.86633,1.00,1.00
2016.04.22 16:45:39.495,1.86606,1.86633,1.00,1.00
2016.04.22 16:45:40.015,1.86607,1.86633,1.00,1.00
2016.04.22 16:45:41.018,1.86611,1.86633,1.00,1.00
2016.04.22 16:45:41.731,1.86611,1.86632,1.00,1.00
2016.04.22 16:45:42.249,1.86611,1.86633,1.00,1.00
2016.04.22 16:45:42.582,1.86611,1.86631,1.00,1.00
2016.04.22 16:45:43.041,1.86607,1.86628,1.00,1.00
2016.04.22 16:45:43.558,1.86606,1.86628,1.00,1.50
2016.04.22 16:45:46.844,1.86601,1.86628,1.00,1.50
2016.04.22 16:45:46.945,1.86601,1.86625,1.00,1.00
2016.04.22 16:45:48.768,1.86601,1.86626,1.00,2.25
2016.04.22 16:45:49.153,1.86601,1.86622,1.00,1.00
2016.04.22 16:45:49.660,1.86602,1.86623,1.00,1.00
2016.04.22 16:45:50.165,1.86607,1.86622,1.00,1.00
2016.04.22 16:45:50.388,1.86607,1.86626,1.00,1.00
2016.04.22 16:45:50.490,1.86602,1.86626,1.00,1.50
2016.04.22 16:45:51.264,1.86596,1.86623,1.00,1.00
2016.04.22 16:45:51.877,1.86597,1.86623,1.00,1.00
2016.04.22 16:45:52.467,1.86597,1.86622,1.00,1.00
2016.04.22 16:45:52.656,1.86597,1.86626,1.00,2.59
2016.04.22 16:45:53.489,1.86591,1.86626,1.00,1.00
2016.04.22 16:45:53.590,1.86596,1.86627,1.00,1.34
2016.04.22 16:45:54.575,1.86602,1.86626,1.00,1.09
2016.04.22 16:45:55.666,1.86601,1.86627,1.00,1.34
2016.04.22 16:45:55.978,1.86607,1.86626,1.00,1.09
2016.04.22 16:45:56.263,1.86607,1.86628,1.00,1.00
2016.04.22 16:45:56.314,1.86602,1.86628,1.00,1.00
2016.04.22 16:45:56.617,1.86602,1.86634,1.00,1.75
2016.04.22 16:45:56.667,1.86606,1.86638,1.00,1.75
2016.04.22 16:45:56.718,1.86606,1.8664,1.00,1.00
2016.04.22 16:45:56.769,1.86612,1.86645,1.00,1.00
2016.04.22 16:45:57.072,1.86612,1.86643,1.00,1.50
2016.04.22 16:45:57.207,1.86607,1.86639,1.00,1.00
2016.04.22 16:45:57.308,1.86598,1.8663,1.00,1.00
2016.04.22 16:45:57.460,1.86596,1.86629,1.00,1.00
2016.04.22 16:45:57.632,1.86596,1.86625,1.00,1.00
2016.04.22 16:45:57.886,1.86587,1.86625,1.87,1.00
2016.04.22 16:45:58.412,1.86591,1.86625,1.00,1.00
2016.04.22 16:45:58.662,1.86589,1.86625,1.00,1.50
2016.04.22 16:45:58.884,1.86592,1.86625,1.00,1.00
2016.04.22 16:45:59.086,1.86589,1.86625,1.00,1.00
2016.04.22 16:46:00.289,1.86588,1.86625,1.50,1.00
2016.04.22 16:46:02.095,1.86589,1.86628,1.00,1.50
2016.04.22 16:46:02.146,1.86597,1.86628,1.00,1.50
2016.04.22 16:46:02.672,1.86601,1.86628,1.00,1.00
2016.04.22 16:46:03.046,1.86597,1.86628,1.00,1.00
2016.04.22 16:46:03.298,1.86596,1.86624,1.00,1.00
2016.04.22 16:46:03.349,1.86591,1.86624,1.00,1.00
2016.04.22 16:46:03.754,1.86591,1.86628,1.12,1.00
2016.04.22 16:46:03.977,1.86592,1.86628,2.25,1.00
2016.04.22 16:46:04.280,1.86592,1.86628,1.87,1.00
2016.04.22 16:46:05.382,1.86592,1.8663,2.25,1.00
2016.04.22 16:46:06.208,1.86592,1.86629,1.50,1.00
2016.04.22 16:46:06.712,1.8659,1.86619,1.00,1.00
2016.04.22 16:46:07.055,1.86587,1.86616,1.00,1.50
2016.04.22 16:46:07.358,1.86587,1.86613,1.00,1.00
2016.04.22 16:46:08.013,1.86587,1.86613,1.00,3.00
2016.04.22 16:46:08.206,1.86572,1.86607,1.00,1.00
2016.04.22 16:46:08.560,1.86587,1.86606,1.00,1.00
2016.04.22 16:46:08.662,1.86582,1.86608,1.00,1.50
2016.04.22 16:46:08.965,1.86572,1.86607,1.00,1.00
2016.04.22 16:46:09.721,1.86572,1.86606,1.00,1.00
2016.04.22 16:46:11.321,1.86571,1.86606,1.50,1.00
2016.04.22 16:46:11.841,1.86572,1.86606,1.00,1.00
2016.04.22 16:46:12.603,1.86576,1.86608,1.00,1.00
2016.04.22 16:46:12.906,1.86571,1.86601,1.00,1.00
2016.04.22 16:46:13.611,1.86567,1.866,1.00,1.00
2016.04.22 16:46:13.713,1.86571,1.866,1.00,1.00
2016.04.22 16:46:14.066,1.86567,1.86601,1.00,1.00
2016.04.22 16:46:14.167,1.86571,1.86601,1.00,1.00
2016.04.22 16:46:14.490,1.86576,1.86609,1.00,1.00
2016.04.22 16:46:14.541,1.86576,1.86609,1.37,1.00
2016.04.22 16:46:14.592,1.86582,1.86615,1.00,1.00
2016.04.22 16:46:14.643,1.86582,1.86612,1.00,1.00
2016.04.22 16:46:14.948,1.86577,1.86609,1.00,1.00
2016.04.22 16:46:15.722,1.86581,1.86609,1.00,1.00
2016.04.22 16:46:15.924,1.86576,1.86609,1.00,1.00
2016.04.22 16:46:16.198,1.86576,1.86612,1.00,1.87
2016.04.22 16:46:17.234,1.86576,1.86609,1.00,1.00
2016.04.22 16:46:19.759,1.86577,1.86609,1.00,1.00
2016.04.22 16:46:20.973,1.86571,1.86609,1.50,1.00
2016.04.22 16:46:22.207,1.86572,1.86609,1.00,1.00
2016.04.22 16:46:23.780,1.86572,1.86609,1.00,1.37
2016.04.22 16:46:24.284,1.86571,1.86608,1.50,1.00
2016.04.22 16:46:24.386,1.86574,1.86609,1.00,1.00
2016.04.22 16:46:24.689,1.86582,1.86617,1.00,1.12
2016.04.22 16:46:25.766,1.86581,1.86617,1.12,1.00
2016.04.22 16:46:25.817,1.86582,1.86619,1.00,1.00
2016.04.22 16:46:26.667,1.86585,1.86619,1.00,1.00
2016.04.22 16:46:26.970,1.86596,1.86619,1.00,1.00
2016.04.22 16:46:28.403,1.86582,1.86619,1.00,1.00
2016.04.22 16:46:28.555,1.86581,1.86616,1.87,1.00
2016.04.22 16:46:29.211,1.86581,1.86612,1.12,1.00
2016.04.22 16:46:29.557,1.86577,1.86608,1.00,1.00
2016.04.22 16:46:30.112,1.86577,1.86612,1.00,1.37
2016.04.22 16:46:30.655,1.8658,1.86613,1.00,1.00
2016.04.22 16:46:31.782,1.8658,1.86613,1.37,1.00
2016.04.22 16:46:32.282,1.86579,1.86613,1.12,1.00
2016.04.22 16:46:33.531,1.86575,1.86613,2.25,1.00
2016.04.22 16:46:33.837,1.86578,1.86613,1.00,1.00
2016.04.22 16:46:34.949,1.86576,1.86613,1.00,1.00
2016.04.22 16:46:35.101,1.86575,1.8661,1.12,1.00
2016.04.22 16:46:35.404,1.86571,1.86605,3.75,1.00
2016.04.22 16:46:35.993,1.86571,1.86604,2.25,1.00
2016.04.22 16:46:36.500,1.86571,1.86604,1.00,2.25
2016.04.22 16:46:36.652,1.86568,1.866,1.00,1.00
2016.04.22 16:46:36.703,1.86566,1.866,1.50,1.00
2016.04.22 16:46:37.208,1.86561,1.866,3.00,1.00
2016.04.22 16:46:37.460,1.86561,1.86595,2.25,1.00
2016.04.22 16:46:38.022,1.86562,1.86595,1.00,1.00
2016.04.22 16:46:38.655,1.86561,1.86595,1.50,1.00
2016.04.22 16:46:38.958,1.86562,1.86595,1.37,1.00
2016.04.22 16:46:39.009,1.86562,1.86595,1.00,1.00
2016.04.22 16:46:39.186,1.86568,1.86599,1.00,1.00
2016.04.22 16:46:39.489,1.86576,1.86604,1.00,1.00
2016.04.22 16:46:39.641,1.86571,1.86604,1.00,1.00
2016.04.22 16:46:39.792,1.86566,1.86604,1.00,1.50
2016.04.22 16:46:39.843,1.86565,1.86602,1.00,1.00
2016.04.22 16:46:40.170,1.86566,1.866,1.00,1.00
2016.04.22 16:46:41.043,1.86565,1.866,1.00,1.00
2016.04.22 16:46:41.403,1.86567,1.866,1.00,1.00
2016.04.22 16:46:41.609,1.86565,1.866,1.00,1.00
2016.04.22 16:46:42.132,1.86566,1.866,1.00,1.00
2016.04.22 16:46:43.615,1.86562,1.866,2.25,1.00
2016.04.22 16:46:45.647,1.86565,1.866,1.00,1.00
2016.04.22 16:46:48.341,1.86565,1.86602,1.50,1.00
2016.04.22 16:46:48.442,1.86572,1.86603,1.00,1.09
2016.04.22 16:46:48.765,1.86576,1.86603,1.00,1.84
2016.04.22 16:46:50.273,1.86577,1.86603,1.00,1.09
2016.04.22 16:46:51.194,1.86565,1.86603,1.12,1.00
2016.04.22 16:46:51.500,1.86565,1.866,1.00,1.00
2016.04.22 16:46:51.702,1.86565,1.86603,1.00,1.50
2016.04.22 16:46:52.400,1.86565,1.86602,1.00,1.00
2016.04.22 16:46:52.950,1.86565,1.86601,1.00,1.00
2016.04.22 16:46:55.167,1.86564,1.86601,1.12,1.50
2016.04.22 16:46:55.731,1.86564,1.86601,1.50,1.50
2016.04.22 16:46:55.832,1.86566,1.86604,1.00,1.12
2016.04.22 16:46:56.313,1.86567,1.86605,1.37,1.50
2016.04.22 16:46:56.616,1.86576,1.86605,1.00,1.09
2016.04.22 16:46:59.624,1.86576,1.86608,1.00,1.09
2016.04.22 16:47:00.072,1.86582,1.86608,1.00,1.09
2016.04.22 16:47:00.729,1.86581,1.86608,1.00,1.09
2016.04.22 16:47:01.311,1.86582,1.8661,1.00,2.21
2016.04.22 16:47:01.840,1.86582,1.8661,1.00,1.84
2016.04.22 16:47:02.602,1.86576,1.8661,1.00,1.84
2016.04.22 16:47:05.415,1.86582,1.8661,1.00,1.84
2016.04.22 16:47:05.735,1.86581,1.86609,1.00,1.00
2016.04.22 16:47:05.837,1.86581,1.86613,1.12,1.50
2016.04.22 16:47:05.938,1.86588,1.86615,1.00,1.00
2016.04.22 16:47:05.989,1.86588,1.86621,1.37,1.50
2016.04.22 16:47:06.090,1.86589,1.86622,1.37,1.10
2016.04.22 16:47:06.393,1.86595,1.8663,1.00,1.12
2016.04.22 16:47:07.103,1.86595,1.86625,1.00,1.00
2016.04.22 16:47:07.255,1.86595,1.8663,1.00,1.12
2016.04.22 16:47:08.237,1.86596,1.8663,1.00,1.12
2016.04.22 16:47:10.584,1.86594,1.86625,1.00,1.00
2016.04.22 16:47:10.786,1.86577,1.8661,1.50,1.00
2016.04.22 16:47:10.889,1.86574,1.86609,1.00,1.00
2016.04.22 16:47:11.091,1.86574,1.86605,1.00,2.25
2016.04.22 16:47:11.412,1.86564,1.86597,1.00,1.00
2016.04.22 16:47:11.466,1.86561,1.86597,1.00,1.75
2016.04.22 16:47:11.669,1.86562,1.86597,1.50,1.00
2016.04.22 16:47:11.770,1.86567,1.86602,1.00,1.00
2016.04.22 16:47:12.073,1.86572,1.86602,1.00,1.00
2016.04.22 16:47:12.285,1.8657,1.86602,1.00,1.00
2016.04.22 16:47:12.577,1.86574,1.86602,1.00,1.00
2016.04.22 16:47:12.678,1.86571,1.86602,1.00,1.00
2016.04.22 16:47:12.870,1.86568,1.86602,1.50,1.00
2016.04.22 16:47:12.972,1.86568,1.86599,1.00,1.00
2016.04.22 16:47:13.073,1.86558,1.86594,1.00,1.50
2016.04.22 16:47:13.123,1.86556,1.8659,1.50,1.00
2016.04.22 16:47:13.433,1.86557,1.86587,1.00,1.00
2016.04.22 16:47:13.715,1.86566,1.86597,1.00,1.00
2016.04.22 16:47:13.970,1.86571,1.86597,1.00,1.00
2016.04.22 16:47:14.274,1.86567,1.86597,1.00,1.00
2016.04.22 16:47:14.382,1.86576,1.86597,1.00,1.00
2016.04.22 16:47:14.483,1.86576,1.86602,1.00,1.50
2016.04.22 16:47:15.713,1.86577,1.86602,1.00,1.50
2016.04.22 16:47:15.915,1.86575,1.86603,1.00,1.00
2016.04.22 16:47:16.066,1.86568,1.86603,1.00,1.00
2016.04.22 16:47:16.722,1.8657,1.86603,1.00,1.00
2016.04.22 16:47:17.025,1.86578,1.86607,1.00,1.50
2016.04.22 16:47:17.177,1.86576,1.86607,1.50,1.50
2016.04.22 16:47:17.278,1.86576,1.86602,1.00,1.00
2016.04.22 16:47:17.379,1.86572,1.86602,1.00,1.00
2016.04.22 16:47:17.743,1.86565,1.86602,1.50,1.00
2016.04.22 16:47:18.266,1.86565,1.86601,1.00,1.00
2016.04.22 16:47:18.686,1.86563,1.86597,1.00,1.00
2016.04.22 16:47:19.206,1.86562,1.86597,1.00,1.00
2016.04.22 16:47:19.610,1.86559,1.86597,1.00,1.00
2016.04.22 16:47:20.347,1.86566,1.86597,1.00,1.00
2016.04.22 16:47:21.761,1.86562,1.86596,1.00,1.12
2016.04.22 16:47:23.496,1.86562,1.86592,1.00,1.00
2016.04.22 16:47:24.051,1.86567,1.86592,1.00,1.00
2016.04.22 16:47:24.203,1.86556,1.86592,1.37,1.00
2016.04.22 16:47:24.255,1.86559,1.86596,1.37,1.12
2016.04.22 16:47:24.407,1.86567,1.86596,1.00,1.00
2016.04.22 16:47:24.570,1.86562,1.86596,1.50,1.00
2016.04.22 16:47:24.772,1.86564,1.86599,1.00,1.00
2016.04.22 16:47:25.300,1.86564,1.86597,1.00,1.00
2016.04.22 16:47:27.151,1.86563,1.86597,1.00,1.00
2016.04.22 16:47:29.468,1.86561,1.86597,1.00,1.00
2016.04.22 16:47:32.521,1.86558,1.86597,2.25,1.00
2016.04.22 16:47:32.624,1.86558,1.86591,1.37,1.00
2016.04.22 16:47:32.726,1.86562,1.86595,1.00,1.00
2016.04.22 16:47:33.332,1.86562,1.86595,1.00,1.34
2016.04.22 16:47:33.534,1.86556,1.8659,1.50,2.25
2016.04.22 16:47:33.760,1.86561,1.8659,1.00,1.84
2016.04.22 16:47:34.291,1.86562,1.8659,1.00,1.50
2016.04.22 16:47:34.342,1.86562,1.86591,1.50,1.00
2016.04.22 16:47:34.393,1.86562,1.86593,1.50,1.00
2016.04.22 16:47:34.545,1.8656,1.86593,1.00,1.00
2016.04.22 16:47:35.048,1.86558,1.86593,1.37,1.00
2016.04.22 16:47:36.459,1.86557,1.8659,1.00,1.00
2016.04.22 16:47:36.509,1.86554,1.8659,1.12,1.50
2016.04.22 16:47:36.611,1.86551,1.86587,1.00,1.00
2016.04.22 16:47:37.267,1.86551,1.86583,1.00,1.00
2016.04.22 16:47:37.570,1.86552,1.86588,1.00,1.50
2016.04.22 16:47:37.621,1.86554,1.86588,1.00,1.50
2016.04.22 16:47:37.963,1.86567,1.86595,1.00,1.00
2016.04.22 16:47:38.165,1.86571,1.86603,1.00,1.12
2016.04.22 16:47:38.266,1.86576,1.86606,1.00,1.75
2016.04.22 16:47:38.468,1.86577,1.8661,1.00,1.00
2016.04.22 16:47:38.978,1.86577,1.8661,1.87,1.00
2016.04.22 16:47:39.499,1.86577,1.8661,1.50,1.00
2016.04.22 16:47:39.832,1.86573,1.86609,1.00,1.00
2016.04.22 16:47:39.883,1.86572,1.86603,1.00,1.00
2016.04.22 16:47:40.192,1.86574,1.86602,1.00,1.00
2016.04.22 16:47:40.243,1.86572,1.86602,1.00,1.00
2016.04.22 16:47:40.747,1.86573,1.86603,1.00,1.00
2016.04.22 16:47:41.121,1.86576,1.86603,1.00,1.00
2016.04.22 16:47:42.100,1.86576,1.86607,1.00,1.12
2016.04.22 16:47:43.354,1.86575,1.86607,1.00,1.12
2016.04.22 16:47:45.205,1.86574,1.86607,1.00,1.12
2016.04.22 16:47:46.550,1.8657,1.86607,1.00,1.12
2016.04.22 16:47:47.844,1.86574,1.86607,1.00,1.00
2016.04.22 16:47:48.148,1.86577,1.86607,1.00,1.00
2016.04.22 16:47:48.299,1.86574,1.86607,1.00,1.00
2016.04.22 16:47:48.502,1.86577,1.86607,1.00,1.00
2016.04.22 16:47:48.831,1.86577,1.86611,1.00,1.00
2016.04.22 16:47:49.285,1.8658,1.86611,1.00,1.00
2016.04.22 16:47:51.363,1.86579,1.86611,1.00,1.00
2016.04.22 16:47:52.568,1.86581,1.86611,1.00,1.00
2016.04.22 16:47:54.384,1.86581,1.86615,1.00,1.12
2016.04.22 16:47:54.435,1.86583,1.86615,1.00,1.00
2016.04.22 16:47:54.739,1.86592,1.86628,1.50,1.00
2016.04.22 16:47:54.991,1.86586,1.86623,1.00,1.00
2016.04.22 16:47:55.042,1.86583,1.8662,1.37,1.00
2016.04.22 16:47:55.380,1.86586,1.8662,1.00,1.00
2016.04.22 16:47:55.871,1.86589,1.8662,1.00,1.00
2016.04.22 16:47:56.230,1.86585,1.8662,1.00,1.00
2016.04.22 16:47:57.233,1.86585,1.86617,1.00,1.00
2016.04.22 16:47:58.634,1.86585,1.8662,1.00,1.00
2016.04.22 16:47:59.138,1.86586,1.8662,1.00,1.00
2016.04.22 16:47:59.281,1.86591,1.8662,1.00,1.00
2016.04.22 16:47:59.332,1.86598,1.86634,1.00,1.00
2016.04.22 16:47:59.534,1.86596,1.86634,1.00,1.00
2016.04.22 16:47:59.739,1.86599,1.86634,1.00,1.00
2016.04.22 16:47:59.961,1.86596,1.86634,1.00,1.00
2016.04.22 16:48:00.622,1.86595,1.86634,1.50,1.00
2016.04.22 16:48:01.181,1.86596,1.86634,1.00,1.00
2016.04.22 16:48:02.786,1.86596,1.86634,1.00,2.59
2016.04.22 16:48:03.089,1.86586,1.8662,1.00,1.00
2016.04.22 16:48:03.140,1.86583,1.8662,1.50,1.00
2016.04.22 16:48:04.227,1.86586,1.8662,1.00,1.00
2016.04.22 16:48:04.530,1.8659,1.8662,1.00,1.00
2016.04.22 16:48:05.152,1.8659,1.86625,1.00,2.25
2016.04.22 16:48:06.200,1.86587,1.86625,1.00,2.25
2016.04.22 16:48:06.806,1.86587,1.86621,1.00,1.00
2016.04.22 16:48:07.391,1.86586,1.86621,1.00,1.00
2016.04.22 16:48:08.200,1.86584,1.86617,1.00,1.00
2016.04.22 16:48:08.302,1.86582,1.86617,2.25,1.00
2016.04.22 16:48:09.808,1.86582,1.8662,2.25,1.00
2016.04.22 16:48:11.110,1.86582,1.8662,2.62,1.00
2016.04.22 16:48:11.413,1.86586,1.86624,1.00,2.25
2016.04.22 16:48:11.901,1.86589,1.86624,1.00,1.12
2016.04.22 16:48:12.205,1.86594,1.86632,1.50,1.34
2016.04.22 16:48:13.155,1.86596,1.86632,1.50,1.00
2016.04.22 16:48:13.206,1.86596,1.86632,1.50,1.00
2016.04.22 16:48:13.509,1.86606,1.86636,1.00,1.50
2016.04.22 16:48:13.559,1.86602,1.86636,1.00,1.50
2016.04.22 16:48:13.661,1.86598,1.86636,1.00,1.50
2016.04.22 16:48:13.762,1.86598,1.86631,1.00,1.00
2016.04.22 16:48:13.930,1.86595,1.86631,1.37,1.50
2016.04.22 16:48:14.591,1.86595,1.8663,1.37,1.00
2016.04.22 16:48:14.692,1.86594,1.86624,1.12,1.00
2016.04.22 16:48:14.743,1.86591,1.86624,1.00,1.00
2016.04.22 16:48:15.190,1.8659,1.86627,1.50,1.50
2016.04.22 16:48:15.858,1.86591,1.86627,1.00,1.50
2016.04.22 16:48:16.364,1.8659,1.86627,1.00,1.50
2016.04.22 16:48:16.724,1.86588,1.86624,1.00,1.00
2016.04.22 16:48:18.742,1.86587,1.86624,1.00,1.00
2016.04.22 16:48:20.885,1.86586,1.86624,1.00,1.75
2016.04.22 16:48:21.190,1.86589,1.86621,1.00,1.00
2016.04.22 16:48:21.392,1.86587,1.86621,1.00,1.00
2016.04.22 16:48:21.631,1.86585,1.86618,1.00,1.00
2016.04.22 16:48:21.934,1.86588,1.86621,1.00,1.34
2016.04.22 16:48:22.161,1.86585,1.86621,1.00,1.34
2016.04.22 16:48:23.725,1.86583,1.86621,1.50,1.34
2016.04.22 16:48:23.826,1.86583,1.86621,1.50,1.00
2016.04.22 16:48:23.877,1.86587,1.86621,1.00,1.00
2016.04.22 16:48:23.979,1.86587,1.86624,1.50,1.50
2016.04.22 16:48:24.030,1.86596,1.86624,1.00,1.84
2016.04.22 16:48:24.333,1.8659,1.86624,1.00,1.34
2016.04.22 16:48:24.485,1.86592,1.86624,1.00,1.34
2016.04.22 16:48:24.688,1.86586,1.86624,1.00,1.34
2016.04.22 16:48:24.864,1.86588,1.86624,1.12,1.34
2016.04.22 16:48:25.066,1.86589,1.86624,1.00,1.00
2016.04.22 16:48:25.168,1.86586,1.86623,1.50,1.00
2016.04.22 16:48:25.219,1.86586,1.86619,1.00,1.12
2016.04.22 16:48:26.464,1.86588,1.86622,1.00,1.00
2016.04.22 16:48:27.253,1.86586,1.86622,1.00,1.00
2016.04.22 16:48:27.555,1.86587,1.86625,1.00,1.00
2016.04.22 16:48:29.325,1.8659,1.86625,1.00,1.00
2016.04.22 16:48:29.696,1.86592,1.86625,1.00,1.00
2016.04.22 16:48:29.999,1.86596,1.86625,1.00,1.00
2016.04.22 16:48:30.100,1.86597,1.8663,1.00,1.00
2016.04.22 16:48:30.302,1.866,1.8663,1.00,1.00
2016.04.22 16:48:30.655,1.86597,1.8663,1.00,1.00
2016.04.22 16:48:31.209,1.866,1.8663,1.00,1.00
2016.04.22 16:48:31.411,1.86598,1.8663,1.00,1.00
2016.04.22 16:48:32.752,1.86595,1.8663,1.00,1.00
2016.04.22 16:48:33.685,1.86595,1.86626,1.00,1.50
2016.04.22 16:48:33.735,1.86588,1.86626,1.87,1.50
2016.04.22 16:48:33.786,1.86588,1.86626,1.87,1.00
2016.04.22 16:48:33.938,1.86596,1.8663,1.00,1.00
2016.04.22 16:48:34.600,1.86598,1.8663,1.00,1.00
2016.04.22 16:48:34.852,1.86598,1.86634,1.00,1.00
2016.04.22 16:48:36.842,1.86599,1.86638,1.00,1.00
2016.04.22 16:48:37.233,1.86601,1.86638,1.00,1.00
2016.04.22 16:48:41.218,1.866,1.86638,1.50,1.00
2016.04.22 16:48:43.147,1.86602,1.86638,1.12,1.00
2016.04.22 16:48:45.387,1.866,1.86638,1.50,1.00
2016.04.22 16:48:50.490,1.86603,1.86638,1.00,1.00
2016.04.22 16:48:50.676,1.86605,1.86641,1.00,1.00
2016.04.22 16:48:50.777,1.86612,1.86641,1.00,1.00
2016.04.22 16:48:50.878,1.86612,1.86646,1.50,1.00
2016.04.22 16:48:51.030,1.86612,1.86648,1.87,1.37
2016.04.22 16:48:51.232,1.86614,1.86653,2.25,1.00
2016.04.22 16:48:51.818,1.8662,1.86653,1.00,1.00
2016.04.22 16:48:52.243,1.86618,1.86653,1.00,1.00
2016.04.22 16:48:52.578,1.86618,1.86656,1.50,1.00
2016.04.22 16:48:52.830,1.86618,1.86654,1.50,1.00
2016.04.22 16:48:52.931,1.86618,1.86656,1.50,1.00
2016.04.22 16:48:54.339,1.86618,1.86656,1.50,1.84
2016.04.22 16:48:54.643,1.86612,1.86647,1.37,1.00
2016.04.22 16:48:54.861,1.86607,1.86645,1.87,1.00
2016.04.22 16:48:55.721,1.86607,1.86643,1.87,1.00
2016.04.22 16:48:56.125,1.86606,1.86641,1.50,1.00
2016.04.22 16:48:56.377,1.86607,1.86645,1.12,1.00
2016.04.22 16:48:57.750,1.86607,1.86643,1.87,1.00
2016.04.22 16:48:58.255,1.86606,1.86642,1.00,1.00
2016.04.22 16:48:58.789,1.86607,1.86642,1.00,1.00
2016.04.22 16:48:59.583,1.86609,1.86642,1.00,1.00
2016.04.22 16:48:59.976,1.8661,1.86645,1.00,1.00
2016.04.22 16:49:00.481,1.86609,1.86645,1.00,1.00
2016.04.22 16:49:00.633,1.86609,1.86642,1.00,1.00
2016.04.22 16:49:01.461,1.86607,1.86642,1.12,1.00
2016.04.22 16:49:01.512,1.86607,1.86645,1.87,1.00
2016.04.22 16:49:02.017,1.86609,1.86645,1.00,1.00
2016.04.22 16:49:02.443,1.86607,1.86645,1.12,1.00
2016.04.22 16:49:02.594,1.86605,1.86641,1.37,1.00
2016.04.22 16:49:02.695,1.86601,1.86638,1.37,1.00
2016.04.22 16:49:02.796,1.86598,1.86637,1.37,1.87
2016.04.22 16:49:02.847,1.86598,1.86637,1.00,1.50
2016.04.22 16:49:02.898,1.86595,1.86631,1.00,1.00
2016.04.22 16:49:03.795,1.86597,1.86631,1.00,1.00
2016.04.22 16:49:04.166,1.86598,1.86634,1.00,1.00
2016.04.22 16:49:04.469,1.86599,1.86632,1.00,1.00
2016.04.22 16:49:04.621,1.86599,1.86635,1.00,1.00
2016.04.22 16:49:05.170,1.866,1.86635,1.00,1.00
2016.04.22 16:49:05.271,1.86598,1.86635,1.00,1.00
2016.04.22 16:49:05.372,1.86597,1.86633,1.00,1.00
2016.04.22 16:49:05.680,1.86596,1.86629,1.00,1.00
2016.04.22 16:49:06.088,1.86592,1.86629,1.87,1.50
2016.04.22 16:49:06.190,1.86592,1.86627,1.50,1.00
2016.04.22 16:49:06.493,1.86594,1.86629,1.00,1.00
2016.04.22 16:49:06.644,1.86592,1.86629,1.00,1.00
2016.04.22 16:49:09.690,1.86592,1.86628,1.00,1.00
2016.04.22 16:49:09.893,1.86595,1.86631,1.50,1.00
2016.04.22 16:49:10.222,1.86598,1.86633,1.12,1.00
2016.04.22 16:49:10.928,1.86595,1.86629,1.75,1.00
2016.04.22 16:49:11.312,1.86597,1.86633,1.87,1.00
2016.04.22 16:49:11.363,1.866,1.86633,1.00,1.00
2016.04.22 16:49:13.138,1.86601,1.86633,1.00,1.00
2016.04.22 16:49:13.441,1.86606,1.86633,1.37,1.00
2016.04.22 16:49:13.492,1.86606,1.86638,1.37,1.00
2016.04.22 16:49:13.594,1.86606,1.86643,1.37,1.00
2016.04.22 16:49:13.947,1.86611,1.86647,2.25,1.00
2016.04.22 16:49:14.476,1.86611,1.86647,1.87,1.00
2016.04.22 16:49:15.087,1.86611,1.86647,1.50,1.00
2016.04.22 16:49:15.842,1.86612,1.86647,1.00,1.00
2016.04.22 16:49:16.498,1.86611,1.86647,1.87,1.00
2016.04.22 16:49:16.549,1.86617,1.86647,1.00,1.00
2016.04.22 16:49:17.735,1.86612,1.86647,1.00,1.00
2016.04.22 16:49:18.189,1.86615,1.86647,1.00,1.00
2016.04.22 16:49:19.891,1.86615,1.86651,1.00,1.00
2016.04.22 16:49:20.244,1.86618,1.86651,1.00,1.00
2016.04.22 16:49:20.295,1.86618,1.86654,1.00,1.00
2016.04.22 16:49:20.727,1.86621,1.86654,1.00,1.00
2016.04.22 16:49:21.588,1.86618,1.86654,1.50,1.00
2016.04.22 16:49:21.869,1.86618,1.86651,1.00,1.00
2016.04.22 16:49:21.920,1.86613,1.86651,1.50,1.00
2016.04.22 16:49:22.235,1.86616,1.86651,1.00,1.00
2016.04.22 16:49:22.628,1.86613,1.86651,1.50,1.00
2016.04.22 16:49:22.937,1.86619,1.86651,1.50,1.00
2016.04.22 16:49:23.190,1.86622,1.86656,1.00,1.00
2016.04.22 16:49:23.894,1.86626,1.86661,1.00,1.12
2016.04.22 16:49:23.945,1.86649,1.86661,1.00,1.12
2016.04.22 16:49:23.996,1.86653,1.86667,1.00,1.50
2016.04.22 16:49:24.047,1.86653,1.86678,1.50,1.00
2016.04.22 16:49:24.098,1.86653,1.86684,1.00,1.00
2016.04.22 16:49:24.149,1.86654,1.86689,1.00,1.00
2016.04.22 16:49:24.451,1.86649,1.86689,1.00,1.50
2016.04.22 16:49:24.673,1.86647,1.86684,1.00,1.00
2016.04.22 16:49:25.985,1.86651,1.86684,1.00,1.00
2016.04.22 16:49:26.086,1.86652,1.86689,1.00,1.00
2016.04.22 16:49:26.545,1.86654,1.86689,1.00,1.00
2016.04.22 16:49:26.799,1.86659,1.86697,1.50,1.50
2016.04.22 16:49:26.850,1.86657,1.86693,1.00,1.00
2016.04.22 16:49:27.052,1.86655,1.86694,1.50,1.00
2016.04.22 16:49:27.355,1.86652,1.86694,1.57,1.00
2016.04.22 16:49:27.691,1.86669,1.86709,1.00,1.00
2016.04.22 16:49:28.095,1.86671,1.86709,1.00,1.12
2016.04.22 16:49:28.398,1.86666,1.8671,1.50,2.62
2016.04.22 16:49:28.733,1.86666,1.86708,1.50,1.00
2016.04.22 16:49:29.238,1.86666,1.86707,1.00,1.00
2016.04.22 16:49:29.607,1.86667,1.86703,1.00,1.00
2016.04.22 16:49:29.708,1.86665,1.86703,3.00,1.00
2016.04.22 16:49:29.810,1.86665,1.867,1.50,1.00
2016.04.22 16:49:29.979,1.86665,1.86704,1.00,1.50
2016.04.22 16:49:30.030,1.86662,1.86702,1.00,1.00
2016.04.22 16:49:30.787,1.86661,1.86703,1.00,1.00
2016.04.22 16:49:30.989,1.86663,1.86702,1.00,1.00
2016.04.22 16:49:31.090,1.86661,1.86703,1.57,1.00
2016.04.22 16:49:31.317,1.86659,1.86703,1.50,1.00
2016.04.22 16:49:33.188,1.8666,1.86702,1.00,1.12
2016.04.22 16:49:33.698,1.86659,1.86703,1.50,1.00
2016.04.22 16:49:34.374,1.86662,1.86703,1.00,1.00
2016.04.22 16:49:34.677,1.86664,1.86702,1.00,1.00
2016.04.22 16:49:37.527,1.86662,1.86702,1.00,1.00
2016.04.22 16:49:38.400,1.86662,1.86702,1.37,1.00
2016.04.22 16:49:38.934,1.86664,1.86702,1.00,1.00
2016.04.22 16:49:40.809,1.86664,1.86703,1.00,1.00
2016.04.22 16:49:40.860,1.86663,1.86699,1.00,1.00
2016.04.22 16:49:41.163,1.86667,1.86699,1.50,1.00
2016.04.22 16:49:41.466,1.86669,1.867,1.00,1.12
2016.04.22 16:49:41.617,1.86667,1.86699,1.00,1.00
2016.04.22 16:49:42.118,1.86666,1.867,1.00,1.12
2016.04.22 16:49:42.645,1.86666,1.86704,1.00,1.37
2016.04.22 16:49:43.547,1.86666,1.86705,1.00,1.87
2016.04.22 16:49:44.713,1.86666,1.86703,1.00,1.12
2016.04.22 16:49:45.016,1.86669,1.86702,1.00,1.37
2016.04.22 16:49:45.277,1.86667,1.86702,1.00,1.12
2016.04.22 16:49:45.803,1.86667,1.86701,1.00,1.00
2016.04.22 16:49:47.357,1.86667,1.867,1.00,1.00
2016.04.22 16:49:47.861,1.86667,1.86699,1.00,1.00
2016.04.22 16:49:48.411,1.86668,1.86699,1.00,1.00
2016.04.22 16:49:49.102,1.86668,1.86704,1.00,1.75
2016.04.22 16:49:51.569,1.86666,1.86705,1.00,1.12
2016.04.22 16:49:51.620,1.86663,1.86706,1.50,1.75
2016.04.22 16:49:52.125,1.86664,1.86704,1.00,2.25
2016.04.22 16:49:52.676,1.86663,1.86704,1.50,2.25
2016.04.22 16:49:53.966,1.86663,1.86704,1.00,2.62
2016.04.22 16:49:55.584,1.86664,1.86703,1.00,1.12
2016.04.22 16:49:56.054,1.86663,1.86703,1.50,1.12
2016.04.22 16:49:56.889,1.86673,1.86702,1.00,1.37
2016.04.22 16:49:57.404,1.86667,1.86704,1.37,2.62
2016.04.22 16:49:57.505,1.86665,1.86704,1.37,2.25
2016.04.22 16:49:57.708,1.86665,1.86703,1.00,1.37
2016.04.22 16:49:58.271,1.86664,1.86704,1.00,1.87
2016.04.22 16:49:58.611,1.86664,1.86704,1.00,1.87
2016.04.22 16:50:00.916,1.86664,1.86704,2.62,1.87
2016.04.22 16:50:00.967,1.86677,1.86704,1.00,1.87
2016.04.22 16:50:01.120,1.86677,1.86704,1.00,1.00
2016.04.22 16:50:02.362,1.86677,1.86707,1.00,1.00
2016.04.22 16:50:02.466,1.86677,1.86703,1.00,1.00
2016.04.22 16:50:03.092,1.86677,1.86708,1.00,1.00
2016.04.22 16:50:03.403,1.86669,1.86702,1.37,1.00
2016.04.22 16:50:03.609,1.86669,1.86706,1.50,1.87
2016.04.22 16:50:03.710,1.86669,1.86703,1.00,1.00
2016.04.22 16:50:06.230,1.86669,1.86703,1.37,1.00
2016.04.22 16:50:06.331,1.86669,1.86703,1.12,1.00
2016.04.22 16:50:06.382,1.86673,1.86703,1.00,1.00
2016.04.22 16:50:06.534,1.86673,1.86706,1.00,1.00
2016.04.22 16:50:06.585,1.86668,1.86706,1.00,1.00
2016.04.22 16:50:08.101,1.86673,1.86706,1.37,1.00
2016.04.22 16:50:08.152,1.86673,1.86711,1.37,1.87
2016.04.22 16:50:08.203,1.86673,1.86711,1.87,1.12
2016.04.22 16:50:08.304,1.86683,1.86722,1.37,1.00
2016.04.22 16:50:08.666,1.86689,1.86722,1.00,1.00
2016.04.22 16:50:09.233,1.86686,1.86722,1.00,1.00
2016.04.22 16:50:09.773,1.86687,1.86722,1.00,1.00
2016.04.22 16:50:10.299,1.86686,1.86722,1.00,1.00
2016.04.22 16:50:10.835,1.86687,1.86722,1.00,1.00
2016.04.22 16:50:11.137,1.86687,1.86725,1.00,1.84
2016.04.22 16:50:12.139,1.86687,1.86722,1.00,1.00
2016.04.22 16:50:12.689,1.86686,1.86722,1.00,1.00
2016.04.22 16:50:13.194,1.86687,1.86722,1.00,1.00
2016.04.22 16:50:13.646,1.86686,1.86725,2.25,1.34
2016.04.22 16:50:13.848,1.86683,1.8672,2.25,1.50
2016.04.22 16:50:13.950,1.86683,1.8672,1.00,1.50
2016.04.22 16:50:14.253,1.86687,1.86721,1.00,1.00
2016.04.22 16:50:14.658,1.86686,1.86725,1.00,1.34
2016.04.22 16:50:15.189,1.86687,1.86725,1.00,1.34
2016.04.22 16:50:15.290,1.86685,1.86723,1.12,1.50
2016.04.22 16:50:15.341,1.86683,1.86721,1.75,1.50
2016.04.22 16:50:15.744,1.86683,1.86721,1.00,1.50
2016.04.22 16:50:16.605,1.86682,1.86721,2.25,1.00
2016.04.22 16:50:17.051,1.86682,1.86719,1.50,1.00
2016.04.22 16:50:17.354,1.86682,1.86721,2.25,1.50
2016.04.22 16:50:17.657,1.86687,1.86721,1.00,1.50
2016.04.22 16:50:18.658,1.86686,1.86721,1.00,1.50
2016.04.22 16:50:19.461,1.86687,1.86721,1.00,1.00
2016.04.22 16:50:19.619,1.86687,1.86725,1.00,1.00
2016.04.22 16:50:19.670,1.86687,1.86726,1.37,1.50
2016.04.22 16:50:19.911,1.86691,1.86726,1.12,1.00
2016.04.22 16:50:21.539,1.86691,1.86729,1.50,1.12
2016.04.22 16:50:21.893,1.86693,1.86729,1.00,1.00
2016.04.22 16:50:22.196,1.86699,1.86733,1.00,1.12
2016.04.22 16:50:22.499,1.86702,1.86739,1.50,1.00
2016.04.22 16:50:22.616,1.86702,1.86738,1.00,1.37
2016.04.22 16:50:22.667,1.86699,1.86735,1.00,1.12
2016.04.22 16:50:23.172,1.867,1.86735,1.00,1.00
2016.04.22 16:50:23.280,1.86703,1.86735,1.12,1.00
2016.04.22 16:50:23.331,1.86703,1.86743,1.87,2.25
2016.04.22 16:50:23.382,1.86706,1.86743,1.00,2.25
2016.04.22 16:50:23.747,1.86704,1.86742,1.00,1.50
2016.04.22 16:50:23.798,1.86706,1.86742,1.00,1.50
2016.04.22 16:50:24.098,1.86703,1.86743,2.25,2.25
2016.04.22 16:50:24.602,1.867,1.86737,1.00,1.00
2016.04.22 16:50:24.754,1.86699,1.86739,1.00,1.00
2016.04.22 16:50:24.805,1.86696,1.86738,1.37,1.37
2016.04.22 16:50:25.101,1.86696,1.86738,1.00,1.75
2016.04.22 16:50:25.202,1.86694,1.86737,2.62,1.75
2016.04.22 16:50:25.404,1.86696,1.86738,1.00,1.75
2016.04.22 16:50:25.922,1.86695,1.86738,1.37,1.75
2016.04.22 16:50:26.636,1.86697,1.86737,1.87,1.75
2016.04.22 16:50:26.788,1.86706,1.86749,1.95,1.00
2016.04.22 16:50:26.839,1.86714,1.86749,1.00,1.00
2016.04.22 16:50:26.940,1.86712,1.86751,1.00,1.09
2016.04.22 16:50:27.041,1.86715,1.86751,1.00,1.00
2016.04.22 16:50:27.343,1.8672,1.86752,1.00,1.00
2016.04.22 16:50:27.394,1.86716,1.86752,1.00,1.00
2016.04.22 16:50:27.543,1.86716,1.86746,1.00,1.00
2016.04.22 16:50:27.595,1.86716,1.86748,1.00,1.00
2016.04.22 16:50:27.697,1.8671,1.86747,1.00,1.00
2016.04.22 16:50:28.201,1.8671,1.86746,1.00,1.00
2016.04.22 16:50:28.681,1.86714,1.86746,1.00,1.00
2016.04.22 16:50:28.854,1.86714,1.86754,1.00,2.25
2016.04.22 16:50:29.006,1.86716,1.86755,1.00,1.12
2016.04.22 16:50:29.530,1.86716,1.86754,1.00,1.00
2016.04.22 16:50:30.546,1.86713,1.8675,1.37,1.00
2016.04.22 16:50:30.648,1.86713,1.86752,1.00,1.50
2016.04.22 16:50:30.698,1.8671,1.86747,1.50,1.00
2016.04.22 16:50:31.264,1.8671,1.86746,1.00,1.00
2016.04.22 16:50:31.967,1.8671,1.86746,1.37,1.00
2016.04.22 16:50:32.270,1.86714,1.86746,1.12,1.00
2016.04.22 16:50:32.473,1.86714,1.86754,1.00,1.37
2016.04.22 16:50:32.675,1.86716,1.86754,1.00,1.37
2016.04.22 16:50:33.763,1.86715,1.86754,1.00,1.37
2016.04.22 16:50:34.066,1.86717,1.86753,1.00,1.12
2016.04.22 16:50:34.393,1.86719,1.86753,1.00,1.12
2016.04.22 16:50:34.646,1.86717,1.86753,1.00,1.12
2016.04.22 16:50:34.747,1.8672,1.86754,1.00,1.37
2016.04.22 16:50:35.100,1.86717,1.86753,1.00,1.50
2016.04.22 16:50:35.303,1.86719,1.86753,1.00,1.50
2016.04.22 16:50:35.404,1.86715,1.86754,1.00,1.50
2016.04.22 16:50:35.599,1.86718,1.86754,1.00,1.50
2016.04.22 16:50:35.956,1.86714,1.86753,1.37,1.50
2016.04.22 16:50:36.007,1.86714,1.8675,1.00,1.00
2016.04.22 16:50:36.159,1.86708,1.86749,1.87,1.00
2016.04.22 16:50:36.512,1.86712,1.86748,1.00,1.00
2016.04.22 16:50:37.047,1.86708,1.86748,1.37,1.00
2016.04.22 16:50:37.098,1.86708,1.86748,1.37,1.00
2016.04.22 16:50:37.300,1.8671,1.86752,2.62,1.00
2016.04.22 16:50:37.406,1.86714,1.86754,1.00,2.62
2016.04.22 16:50:37.810,1.86717,1.86754,1.00,1.87
2016.04.22 16:50:38.138,1.86713,1.86753,1.37,1.12
2016.04.22 16:50:38.189,1.86713,1.86753,1.00,1.87
2016.04.22 16:50:38.240,1.8671,1.86753,1.12,1.87
2016.04.22 16:50:38.291,1.86707,1.86746,1.37,1.12
2016.04.22 16:50:38.595,1.86714,1.8675,1.00,1.00
2016.04.22 16:50:38.949,1.86712,1.8675,1.00,1.00
2016.04.22 16:50:39.226,1.86714,1.8675,1.00,1.00
2016.04.22 16:50:39.581,1.86717,1.8675,1.00,1.00
2016.04.22 16:50:39.936,1.86719,1.86751,1.00,1.00
2016.04.22 16:50:40.239,1.86716,1.86752,1.00,1.00
2016.04.22 16:50:40.466,1.86716,1.86754,1.00,1.00
2016.04.22 16:50:40.517,1.86716,1.86756,1.00,1.12
2016.04.22 16:50:41.817,1.86716,1.86754,1.00,1.00
2016.04.22 16:50:42.875,1.86716,1.86755,1.00,1.12
2016.04.22 16:50:43.178,1.86704,1.86744,1.37,1.00
2016.04.22 16:50:43.579,1.86704,1.86749,1.95,1.12
2016.04.22 16:50:44.132,1.86707,1.86744,1.87,1.00
2016.04.22 16:50:44.436,1.86705,1.86738,1.00,1.00
2016.04.22 16:50:44.739,1.86703,1.86738,1.00,1.00
2016.04.22 16:50:44.968,1.86706,1.86738,1.00,1.00
2016.04.22 16:50:45.372,1.86706,1.86741,1.12,1.50
2016.04.22 16:50:45.633,1.86711,1.86741,1.00,1.50
2016.04.22 16:50:47.048,1.86711,1.8674,1.00,1.00
2016.04.22 16:50:47.379,1.86708,1.8674,1.12,1.00
2016.04.22 16:50:49.135,1.8671,1.8674,1.00,1.00
2016.04.22 16:50:49.389,1.86712,1.86746,2.25,1.00
2016.04.22 16:50:49.440,1.86712,1.86746,1.87,1.00
2016.04.22 16:50:49.541,1.86715,1.86749,1.50,1.00
2016.04.22 16:50:49.693,1.86713,1.86749,1.50,1.00
2016.04.22 16:50:50.354,1.86715,1.86749,1.00,1.00
2016.04.22 16:50:51.140,1.86715,1.86751,1.00,1.00
2016.04.22 16:50:51.553,1.86717,1.86754,1.00,1.00
2016.04.22 16:50:52.659,1.86716,1.86754,1.00,1.00
2016.04.22 16:50:52.912,1.86718,1.86754,1.00,1.00
2016.04.22 16:50:53.741,1.86718,1.86754,1.37,1.00
2016.04.22 16:50:53.943,1.86722,1.86759,4.20,1.87
2016.04.22 16:50:53.994,1.86727,1.86759,1.00,1.50
2016.04.22 16:50:54.433,1.86724,1.86759,1.00,1.00
2016.04.22 16:50:54.635,1.86727,1.86759,1.00,1.00
2016.04.22 16:50:54.899,1.86723,1.86759,2.25,1.00
2016.04.22 16:50:55.447,1.86729,1.86759,1.00,1.00
2016.04.22 16:50:55.498,1.86729,1.86764,1.00,1.50
2016.04.22 16:50:55.649,1.86732,1.86764,1.00,1.50
2016.04.22 16:50:55.952,1.86726,1.86764,1.37,1.00
2016.04.22 16:50:56.054,1.86726,1.86764,1.00,1.50
2016.04.22 16:50:56.525,1.86724,1.86764,1.12,1.50
2016.04.22 16:50:56.626,1.86726,1.86764,1.00,1.00
2016.04.22 16:50:57.254,1.86726,1.86764,1.00,1.37
2016.04.22 16:50:57.355,1.86726,1.86764,1.00,1.00
2016.04.22 16:50:57.858,1.86728,1.86764,1.00,1.50
2016.04.22 16:50:59.714,1.86731,1.86761,1.00,1.00
2016.04.22 16:50:59.866,1.86731,1.86764,1.00,1.00
2016.04.22 16:50:59.917,1.86727,1.86764,1.87,1.00
2016.04.22 16:51:00.497,1.86727,1.86764,1.87,1.12
2016.04.22 16:51:00.548,1.86727,1.86762,1.12,1.00
2016.04.22 16:51:01.053,1.86727,1.86761,1.00,1.00
2016.04.22 16:51:01.901,1.86727,1.8676,1.00,1.00
2016.04.22 16:51:02.657,1.86727,1.86761,1.00,1.00
2016.04.22 16:51:02.910,1.86714,1.8675,1.00,1.00
2016.04.22 16:51:03.012,1.8672,1.8675,1.00,1.00
2016.04.22 16:51:03.329,1.86721,1.86751,1.37,1.00
2016.04.22 16:51:04.794,1.86724,1.86751,1.00,1.00
2016.04.22 16:51:05.313,1.86724,1.86752,1.00,1.12
2016.04.22 16:51:07.280,1.86725,1.86755,1.00,1.75
2016.04.22 16:51:07.482,1.86725,1.86755,1.00,1.00
2016.04.22 16:51:07.634,1.86722,1.86755,1.12,1.00
2016.04.22 16:51:07.736,1.86726,1.86755,1.00,1.00
2016.04.22 16:51:07.888,1.86726,1.86758,1.00,1.00
2016.04.22 16:51:08.392,1.86727,1.86758,1.00,1.12
2016.04.22 16:51:08.493,1.86734,1.86758,1.00,1.00
2016.04.22 16:51:08.645,1.86731,1.86763,1.00,1.50
2016.04.22 16:51:11.116,1.86732,1.86763,1.00,1.50
2016.04.22 16:51:11.318,1.86735,1.86763,1.00,1.50
2016.04.22 16:51:12.190,1.86737,1.86763,1.00,1.00
2016.04.22 16:51:12.342,1.86737,1.86767,1.00,1.00
2016.04.22 16:51:12.645,1.86731,1.86767,1.00,1.00
2016.04.22 16:51:12.804,1.86731,1.8676,1.00,1.00
2016.04.22 16:51:13.022,1.86726,1.86757,1.00,1.00
2016.04.22 16:51:13.483,1.86725,1.86759,2.70,1.00
2016.04.22 16:51:13.534,1.86731,1.86764,1.12,1.00
2016.04.22 16:51:13.837,1.86734,1.86764,1.00,1.00
2016.04.22 16:51:14.166,1.86743,1.86773,1.00,1.00
2016.04.22 16:51:14.318,1.8674,1.86775,1.12,1.50
2016.04.22 16:51:15.126,1.86739,1.86775,1.87,1.00
2016.04.22 16:51:15.256,1.86739,1.86775,1.50,1.00
2016.04.22 16:51:16.164,1.86741,1.86775,1.00,1.00
2016.04.22 16:51:16.668,1.8674,1.86775,1.12,1.00
2016.04.22 16:51:16.769,1.86738,1.86772,1.00,1.00
2016.04.22 16:51:16.921,1.8673,1.86769,2.25,1.50
2016.04.22 16:51:16.972,1.8673,1.86769,1.50,2.25
2016.04.22 16:51:17.074,1.86734,1.86769,1.00,1.75
2016.04.22 16:51:17.376,1.86739,1.8677,1.12,1.75
2016.04.22 16:51:17.823,1.86743,1.86769,1.00,1.75
2016.04.22 16:51:17.975,1.86743,1.86774,1.00,1.00
2016.04.22 16:51:18.076,1.86741,1.86774,1.00,1.00
2016.04.22 16:51:18.177,1.86738,1.86774,1.00,1.00
2016.04.22 16:51:18.279,1.8674,1.86774,1.00,1.00
2016.04.22 16:51:19.259,1.86741,1.86774,1.00,1.00
2016.04.22 16:51:22.119,1.8674,1.86774,1.00,1.00
2016.04.22 16:51:23.312,1.86738,1.86774,1.87,1.00
2016.04.22 16:51:24.846,1.86742,1.86774,1.00,1.00
2016.04.22 16:51:25.149,1.86746,1.86778,1.12,1.00
2016.04.22 16:51:25.659,1.86745,1.86778,1.50,1.00
2016.04.22 16:51:26.120,1.86746,1.8678,1.00,1.00
2016.04.22 16:51:26.634,1.8675,1.8678,1.00,1.00
2016.04.22 16:51:26.836,1.8675,1.86782,1.00,1.00
2016.04.22 16:51:27.689,1.8675,1.86781,1.00,1.00
2016.04.22 16:51:27.740,1.86744,1.86779,1.75,1.00
2016.04.22 16:51:27.791,1.86744,1.86779,1.00,1.12
2016.04.22 16:51:27.841,1.86743,1.86777,1.00,1.00
2016.04.22 16:51:28.346,1.86743,1.86781,1.50,1.75
2016.04.22 16:51:28.863,1.86744,1.86781,1.00,1.75
2016.04.22 16:51:29.274,1.86742,1.86779,1.00,1.12
2016.04.22 16:51:29.325,1.86742,1.86775,1.00,1.00
2016.04.22 16:51:29.375,1.86737,1.86774,1.00,1.00
2016.04.22 16:51:29.578,1.86735,1.86769,1.50,1.00
2016.04.22 16:51:30.102,1.86733,1.86768,1.37,1.00
2016.04.22 16:51:30.355,1.86738,1.8677,1.12,1.00
2016.04.22 16:51:30.607,1.86742,1.8677,1.00,1.00
2016.04.22 16:51:30.708,1.86742,1.86774,1.00,1.00
2016.04.22 16:51:30.982,1.86738,1.86774,1.37,1.00
2016.04.22 16:51:31.497,1.86741,1.86775,1.00,1.00
2016.04.22 16:51:31.850,1.86741,1.86779,1.00,2.62
2016.04.22 16:51:32.226,1.86741,1.86775,1.00,1.00
2016.04.22 16:51:32.725,1.86741,1.86778,1.00,1.00
2016.04.22 16:51:32.776,1.86743,1.86778,1.00,1.50
2016.04.22 16:51:33.347,1.86742,1.86778,1.00,1.50
2016.04.22 16:51:33.600,1.86739,1.86778,1.00,1.50
2016.04.22 16:51:33.701,1.86738,1.86774,1.00,1.00
2016.04.22 16:51:34.222,1.86737,1.86774,1.87,1.00
2016.04.22 16:51:34.589,1.8674,1.86774,1.00,1.00
2016.04.22 16:51:34.691,1.86739,1.86778,1.00,1.00
2016.04.22 16:51:35.274,1.86737,1.86773,1.50,1.00
2016.04.22 16:51:35.797,1.86736,1.86771,1.00,1.00
2016.04.22 16:51:35.848,1.86733,1.86769,1.00,1.00
2016.04.22 16:51:35.899,1.86731,1.86769,1.00,1.00
2016.04.22 16:51:36.101,1.86731,1.86769,1.37,1.50
2016.04.22 16:51:36.428,1.86737,1.86769,1.00,1.00
2016.04.22 16:51:36.731,1.86734,1.86769,1.00,1.50
2016.04.22 16:51:37.255,1.86735,1.86769,1.57,1.00
2016.04.22 16:51:37.760,1.86734,1.86769,1.00,1.00
2016.04.22 16:51:38.285,1.86735,1.86769,1.00,1.00
2016.04.22 16:51:38.817,1.86734,1.86769,1.95,1.00
2016.04.22 16:51:39.336,1.86733,1.86769,1.00,1.00
2016.04.22 16:51:39.437,1.86735,1.86769,1.00,1.00
2016.04.22 16:51:39.817,1.86737,1.86769,1.00,1.00
2016.04.22 16:51:39.871,1.86737,1.86772,1.00,1.37
2016.04.22 16:51:39.922,1.86739,1.86773,1.00,1.75
2016.04.22 16:51:40.024,1.86737,1.86773,1.00,1.00
2016.04.22 16:51:40.895,1.86734,1.86773,1.95,1.00
2016.04.22 16:51:41.404,1.86738,1.86773,1.37,1.00
2016.04.22 16:51:41.707,1.86739,1.86775,1.12,1.00
2016.04.22 16:51:42.347,1.8674,1.86774,1.00,1.00
2016.04.22 16:51:42.398,1.8674,1.86776,1.12,1.50
2016.04.22 16:51:42.663,1.86742,1.86776,1.00,1.00
2016.04.22 16:51:42.994,1.86739,1.86773,1.00,1.00
2016.04.22 16:51:43.514,1.8674,1.86773,1.00,1.00
2016.04.22 16:51:44.505,1.86737,1.86773,1.00,1.37
2016.04.22 16:51:44.606,1.86734,1.86769,1.00,1.00
2016.04.22 16:51:44.658,1.86729,1.86769,1.00,1.87
2016.04.22 16:51:45.011,1.86729,1.86764,1.00,1.00
2016.04.22 16:51:45.519,1.86729,1.86765,1.50,1.00
2016.04.22 16:51:45.923,1.86729,1.86763,1.00,1.00
2016.04.22 16:51:46.075,1.86725,1.86763,1.00,2.25
2016.04.22 16:51:46.226,1.8672,1.86756,1.00,1.00
2016.04.22 16:51:46.571,1.86721,1.86755,1.00,1.50
2016.04.22 16:51:46.622,1.86717,1.86755,1.00,1.50
2016.04.22 16:51:47.126,1.86718,1.86755,1.00,1.50
2016.04.22 16:51:47.938,1.86722,1.86755,1.00,1.50
2016.04.22 16:51:48.460,1.86722,1.86755,1.00,1.00
2016.04.22 16:51:48.612,1.86722,1.86759,1.50,1.50
2016.04.22 16:51:48.662,1.86724,1.86759,1.00,1.50
2016.04.22 16:51:48.991,1.86726,1.86759,1.00,1.00
2016.04.22 16:51:49.569,1.86726,1.86759,1.37,1.00
2016.04.22 16:51:49.771,1.86726,1.86759,1.12,1.00
2016.04.22 16:51:50.472,1.8673,1.86761,1.12,1.00
2016.04.22 16:51:50.624,1.86736,1.8677,1.00,1.00
2016.04.22 16:51:51.129,1.86736,1.86771,1.00,1.00
2016.04.22 16:51:52.279,1.86735,1.86771,1.00,1.00
2016.04.22 16:51:52.330,1.86735,1.86766,1.00,1.00
2016.04.22 16:51:52.381,1.86729,1.86766,1.00,1.12
2016.04.22 16:51:52.518,1.86724,1.86763,1.12,1.00
2016.04.22 16:51:52.620,1.86723,1.86755,1.00,1.00
2016.04.22 16:51:52.671,1.86718,1.86755,1.50,1.00
2016.04.22 16:51:53.703,1.86721,1.86755,1.12,1.00
2016.04.22 16:51:53.905,1.86719,1.86755,1.12,1.00
2016.04.22 16:51:54.056,1.86719,1.86755,1.37,1.00
2016.04.22 16:51:54.258,1.86723,1.8676,1.00,1.00
2016.04.22 16:51:54.584,1.86726,1.86762,1.00,1.00
2016.04.22 16:51:54.889,1.86721,1.8676,1.50,1.00
2016.04.22 16:51:55.436,1.86722,1.86759,1.00,1.00
2016.04.22 16:51:55.639,1.86725,1.86759,1.00,1.00
2016.04.22 16:51:55.891,1.86721,1.86759,2.62,1.00
2016.04.22 16:51:55.942,1.86721,1.86756,1.87,1.00
2016.04.22 16:51:56.475,1.8672,1.86756,1.37,2.25
2016.04.22 16:51:57.397,1.8672,1.86756,1.37,1.50
2016.04.22 16:51:57.499,1.8672,1.86756,1.12,1.50
2016.04.22 16:51:57.549,1.86726,1.86756,1.00,1.50
2016.04.22 16:51:57.651,1.86719,1.86756,1.00,1.50
2016.04.22 16:51:58.548,1.86717,1.86756,1.12,1.50
2016.04.22 16:51:58.901,1.86716,1.86753,1.37,1.00
2016.04.22 16:51:59.414,1.86717,1.86752,1.12,1.00
2016.04.22 16:51:59.951,1.86719,1.86752,1.00,1.00
2016.04.22 16:52:00.001,1.86719,1.86755,1.00,1.00
2016.04.22 16:52:00.410,1.86715,1.86755,1.00,1.00
2016.04.22 16:52:00.511,1.86715,1.8675,1.00,1.00
2016.04.22 16:52:00.562,1.86711,1.8675,3.00,1.50
2016.04.22 16:52:01.067,1.86713,1.8675,1.12,1.50
2016.04.22 16:52:01.606,1.86714,1.86751,1.00,1.00
2016.04.22 16:52:02.180,1.86714,1.86753,1.37,1.00
2016.04.22 16:52:02.332,1.86718,1.86756,1.37,1.50
2016.04.22 16:52:02.685,1.8672,1.86757,1.12,1.00
2016.04.22 16:52:03.221,1.8672,1.86757,1.37,1.00
2016.04.22 16:52:03.322,1.86722,1.8676,1.12,1.00
2016.04.22 16:52:03.830,1.86722,1.86761,1.50,1.00
2016.04.22 16:52:04.192,1.86724,1.8676,1.00,1.00
2016.04.22 16:52:04.293,1.86722,1.86761,1.00,1.00
2016.04.22 16:52:04.344,1.8672,1.86758,1.00,1.00
2016.04.22 16:52:04.648,1.86723,1.8676,1.00,1.00
2016.04.22 16:52:04.965,1.86726,1.86765,1.00,1.75
2016.04.22 16:52:05.268,1.86728,1.86762,1.00,1.00
2016.04.22 16:52:05.520,1.86723,1.8676,1.50,1.00
2016.04.22 16:52:06.235,1.86725,1.8676,1.00,1.00
2016.04.22 16:52:06.821,1.86723,1.8676,1.00,1.00
2016.04.22 16:52:08.042,1.86723,1.86757,1.00,1.00
2016.04.22 16:52:08.443,1.8672,1.86757,1.00,1.00
2016.04.22 16:52:08.974,1.8672,1.86756,1.12,1.00
2016.04.22 16:52:09.509,1.86718,1.86756,2.25,1.00
2016.04.22 16:52:09.749,1.86718,1.86747,1.00,1.00
2016.04.22 16:52:09.800,1.86715,1.86747,1.00,1.00
2016.04.22 16:52:10.822,1.86715,1.86748,1.12,1.00
2016.04.22 16:52:11.333,1.86714,1.86747,1.00,1.00
2016.04.22 16:52:11.434,1.86714,1.86749,1.00,1.00
2016.04.22 16:52:11.636,1.86711,1.86749,1.37,1.00
2016.04.22 16:52:11.738,1.86711,1.86749,1.95,1.00
2016.04.22 16:52:11.788,1.86714,1.86753,1.12,1.87
2016.04.22 16:52:11.940,1.86714,1.86753,1.37,1.87
2016.04.22 16:52:12.675,1.86716,1.86753,1.37,1.37
2016.04.22 16:52:13.235,1.86718,1.86753,1.00,1.37
2016.04.22 16:52:15.459,1.86719,1.86753,1.00,1.37
2016.04.22 16:52:17.756,1.86718,1.86756,1.00,1.75
2016.04.22 16:52:18.518,1.86716,1.86753,1.12,1.37
2016.04.22 16:52:19.764,1.86715,1.86753,1.37,1.37
2016.04.22 16:52:20.271,1.86715,1.86753,1.37,1.50
2016.04.22 16:52:21.977,1.86716,1.86753,1.12,1.00
2016.04.22 16:52:22.247,1.86718,1.86754,1.00,1.00
2016.04.22 16:52:23.178,1.86718,1.86753,1.00,1.00
2016.04.22 16:52:24.106,1.86716,1.86753,1.37,2.25
2016.04.22 16:52:25.265,1.86724,1.86753,1.00,1.00
2016.04.22 16:52:25.366,1.8672,1.86753,1.37,1.00
2016.04.22 16:52:25.893,1.8672,1.86754,1.37,1.00
2016.04.22 16:52:26.400,1.8672,1.86753,1.37,1.00
2016.04.22 16:52:26.643,1.86719,1.86753,1.12,1.00
2016.04.22 16:52:26.694,1.86718,1.86756,2.62,1.00
2016.04.22 16:52:26.997,1.86722,1.86756,1.12,1.00
2016.04.22 16:52:27.498,1.8672,1.86756,1.37,1.00
2016.04.22 16:52:28.036,1.86719,1.86756,1.00,1.00
2016.04.22 16:52:28.238,1.86723,1.86756,1.00,1.00
2016.04.22 16:52:28.440,1.86725,1.86761,1.00,1.00
2016.04.22 16:52:28.743,1.86727,1.86761,1.50,1.00
2016.04.22 16:52:29.082,1.86732,1.86766,1.12,1.00
2016.04.22 16:52:29.184,1.8673,1.86768,1.87,1.00
2016.04.22 16:52:29.437,1.8673,1.86768,1.00,1.00
2016.04.22 16:52:29.538,1.86729,1.86763,1.00,1.00
2016.04.22 16:52:30.055,1.86728,1.86763,1.50,1.00
2016.04.22 16:52:30.537,1.86728,1.86767,1.50,1.00
2016.04.22 16:52:31.921,1.86729,1.86767,1.00,1.00
2016.04.22 16:52:32.525,1.86728,1.86767,1.87,1.00
2016.04.22 16:52:32.727,1.86732,1.86767,1.37,1.00
2016.04.22 16:52:33.030,1.86736,1.86767,1.00,1.00
2016.04.22 16:52:34.055,1.86731,1.86767,1.37,1.50
2016.04.22 16:52:34.165,1.86731,1.86767,1.00,1.50
2016.04.22 16:52:34.542,1.86731,1.86766,1.37,1.00
2016.04.22 16:52:34.744,1.86731,1.86766,1.00,1.00
2016.04.22 16:52:34.845,1.86729,1.86766,1.12,1.00
2016.04.22 16:52:35.840,1.86728,1.86765,2.62,1.00
2016.04.22 16:52:35.891,1.86728,1.86763,1.87,1.00
2016.04.22 16:52:37.544,1.86727,1.86763,1.50,1.00
2016.04.22 16:52:37.876,1.86729,1.86763,1.00,1.00
2016.04.22 16:52:39.277,1.86731,1.86763,1.00,1.00
2016.04.22 16:52:39.480,1.86732,1.86768,1.00,1.00
2016.04.22 16:52:40.285,1.86728,1.86758,1.00,1.00
2016.04.22 16:52:40.437,1.86715,1.86752,1.00,1.50
2016.04.22 16:52:40.488,1.86715,1.86748,1.00,1.00
2016.04.22 16:52:40.771,1.86715,1.86752,1.00,1.00
2016.04.22 16:52:41.163,1.86722,1.86752,1.10,1.00
2016.04.22 16:52:41.214,1.86725,1.86756,1.50,1.50
2016.04.22 16:52:41.315,1.86726,1.86759,1.00,1.00
2016.04.22 16:52:41.669,1.86726,1.86761,1.00,1.00
2016.04.22 16:52:41.824,1.86728,1.86761,1.00,1.00
2016.04.22 16:52:42.110,1.86728,1.86764,1.00,1.00
2016.04.22 16:52:42.326,1.86731,1.86764,1.00,1.00
2016.04.22 16:52:42.941,1.8673,1.86764,1.00,1.00
2016.04.22 16:52:43.437,1.86727,1.86764,1.50,1.00
2016.04.22 16:52:43.947,1.86728,1.86764,1.00,1.00
2016.04.22 16:52:44.099,1.86724,1.8676,1.00,1.00
2016.04.22 16:52:44.481,1.86727,1.86764,1.00,1.00
2016.04.22 16:52:44.835,1.86723,1.86761,1.87,1.00
2016.04.22 16:52:45.088,1.86727,1.86765,1.00,1.00
2016.04.22 16:52:45.240,1.86731,1.86765,1.00,1.00
2016.04.22 16:52:45.493,1.86736,1.86773,1.37,1.87
2016.04.22 16:52:45.819,1.86736,1.86772,1.00,1.00
2016.04.22 16:52:46.336,1.86735,1.86773,1.50,1.87
2016.04.22 16:52:49.555,1.86736,1.86773,1.00,1.12
2016.04.22 16:52:50.071,1.86735,1.86773,1.87,1.12
2016.04.22 16:52:50.411,1.86738,1.86773,1.00,1.87
2016.04.22 16:52:50.916,1.8674,1.86773,1.00,1.50
2016.04.22 16:52:51.141,1.86738,1.86773,1.12,1.50
2016.04.22 16:52:51.664,1.86735,1.86773,1.87,1.00
2016.04.22 16:52:52.169,1.86738,1.86773,1.00,1.87
2016.04.22 16:52:52.732,1.86739,1.86773,1.00,1.00
2016.04.22 16:52:52.884,1.86741,1.86773,1.00,1.00
2016.04.22 16:52:53.036,1.86741,1.86777,1.00,1.00
2016.04.22 16:52:53.440,1.86748,1.86778,1.00,1.12
2016.04.22 16:52:53.775,1.8675,1.86779,1.00,1.00
2016.04.22 16:52:54.081,1.86746,1.86779,1.00,1.50
2016.04.22 16:52:54.132,1.86742,1.86779,1.00,1.50
2016.04.22 16:52:54.284,1.86738,1.86775,1.12,1.00
2016.04.22 16:52:54.985,1.86739,1.86775,1.00,1.00
2016.04.22 16:52:55.086,1.86741,1.86779,1.50,1.12
2016.04.22 16:52:55.368,1.86744,1.86778,1.00,1.12
2016.04.22 16:52:55.671,1.86744,1.8678,1.37,1.00
2016.04.22 16:52:55.772,1.86744,1.8678,1.37,1.00
2016.04.22 16:52:56.300,1.86745,1.86782,1.87,1.12
2016.04.22 16:52:56.878,1.86745,1.86784,1.37,1.37
2016.04.22 16:52:57.131,1.86745,1.86784,1.00,1.50
2016.04.22 16:52:57.640,1.86744,1.86783,1.00,1.12
2016.04.22 16:52:58.383,1.86744,1.86782,1.50,1.00
2016.04.22 16:52:58.889,1.86744,1.86784,1.50,1.50
2016.04.22 16:53:00.804,1.86744,1.86784,1.50,2.25
2016.04.22 16:53:01.489,1.86744,1.86783,1.50,1.00
2016.04.22 16:53:01.874,1.86744,1.86777,1.00,1.00
2016.04.22 16:53:02.267,1.86742,1.86777,1.00,1.00
2016.04.22 16:53:02.369,1.8674,1.86776,2.25,1.00
2016.04.22 16:53:02.894,1.8674,1.86777,1.00,2.25
2016.04.22 16:53:03.694,1.86737,1.86773,1.00,1.00
2016.04.22 16:53:04.396,1.86736,1.86773,1.00,1.00
2016.04.22 16:53:04.599,1.86732,1.8677,3.00,1.00
2016.04.22 16:53:06.510,1.86733,1.8677,1.87,1.00
2016.04.22 16:53:07.423,1.86735,1.8677,1.00,1.00
2016.04.22 16:53:07.524,1.86736,1.86772,1.00,1.00
2016.04.22 16:53:08.084,1.8674,1.86774,1.00,1.50
2016.04.22 16:53:08.599,1.86736,1.86774,1.00,1.00
2016.04.22 16:53:09.058,1.8674,1.86774,1.00,1.00
2016.04.22 16:53:10.310,1.86736,1.86774,1.00,1.00
2016.04.22 16:53:10.528,1.86739,1.86774,1.00,1.00
2016.04.22 16:53:11.514,1.86737,1.86774,1.00,1.00
2016.04.22 16:53:11.716,1.8674,1.86774,1.00,1.00
2016.04.22 16:53:12.315,1.86737,1.86774,1.00,1.00
2016.04.22 16:53:12.698,1.86736,1.86772,1.00,1.00
2016.04.22 16:53:13.218,1.86737,1.86771,1.00,1.00
2016.04.22 16:53:13.538,1.86744,1.86774,1.50,1.00
2016.04.22 16:53:13.589,1.86744,1.86776,1.50,1.00
2016.04.22 16:53:13.690,1.86745,1.86779,1.00,1.00
2016.04.22 16:53:14.219,1.86747,1.8678,1.50,1.00
2016.04.22 16:53:14.523,1.86754,1.86784,1.00,1.37
2016.04.22 16:53:14.851,1.86753,1.86785,1.57,1.50
2016.04.22 16:53:15.328,1.86755,1.86784,1.00,1.00
2016.04.22 16:53:15.940,1.86755,1.86785,1.00,1.00
2016.04.22 16:53:16.877,1.86753,1.86785,1.00,1.00
2016.04.22 16:53:17.079,1.86755,1.86785,1.00,1.50
2016.04.22 16:53:17.304,1.86755,1.86789,1.00,3.37
2016.04.22 16:53:17.478,1.86753,1.86789,1.57,1.50
2016.04.22 16:53:19.284,1.86752,1.86789,1.50,2.25
2016.04.22 16:53:19.886,1.86753,1.86789,1.00,1.50
2016.04.22 16:53:20.382,1.86755,1.86789,1.00,3.00
2016.04.22 16:53:20.987,1.86755,1.86789,1.00,1.87
2016.04.22 16:53:21.491,1.86756,1.86789,1.00,1.50
2016.04.22 16:53:22.009,1.86757,1.86789,1.00,1.50
2016.04.22 16:53:22.211,1.86759,1.86794,1.00,1.12
2016.04.22 16:53:22.464,1.86757,1.86794,1.50,1.12
2016.04.22 16:53:22.912,1.86757,1.86794,1.37,1.12
2016.04.22 16:53:24.096,1.86764,1.86794,1.00,1.12
2016.04.22 16:53:24.198,1.86757,1.86794,1.00,1.12
2016.04.22 16:53:24.450,1.86759,1.86797,1.00,1.75
2016.04.22 16:53:24.790,1.86763,1.86797,1.00,1.75
2016.04.22 16:53:25.402,1.86759,1.86797,1.37,1.75
2016.04.22 16:53:25.554,1.86762,1.86797,1.00,1.75
2016.04.22 16:53:25.789,1.86762,1.86799,1.00,1.50
2016.04.22 16:53:28.206,1.86758,1.86796,1.12,1.00
2016.04.22 16:53:28.801,1.86758,1.86796,1.37,1.00
2016.04.22 16:53:29.108,1.86754,1.86794,1.50,1.00
2016.04.22 16:53:29.260,1.86757,1.86794,1.00,1.00
2016.04.22 16:53:31.645,1.86758,1.86794,1.00,1.00
2016.04.22 16:53:32.204,1.86757,1.86794,1.50,1.50
2016.04.22 16:53:32.915,1.86757,1.86794,1.37,1.00
2016.04.22 16:53:33.217,1.86761,1.86794,1.00,1.00
2016.04.22 16:53:33.865,1.86761,1.86795,1.00,1.00
2016.04.22 16:53:34.169,1.86755,1.86789,1.00,1.00
2016.04.22 16:53:34.220,1.86751,1.86787,1.00,1.00
2016.04.22 16:53:34.271,1.86748,1.86785,1.00,1.00
2016.04.22 16:53:34.321,1.86748,1.8678,1.50,1.12
2016.04.22 16:53:34.959,1.86751,1.86785,1.00,2.25
2016.04.22 16:53:35.010,1.86752,1.86785,1.00,1.37
2016.04.22 16:53:35.061,1.86758,1.86785,1.00,1.00
2016.04.22 16:53:35.162,1.86757,1.86792,1.00,1.00
2016.04.22 16:53:35.882,1.86762,1.86792,1.00,1.00
2016.04.22 16:53:36.010,1.86762,1.86797,1.00,1.75
2016.04.22 16:53:36.533,1.86763,1.86797,1.00,2.25
2016.04.22 16:53:38.955,1.86764,1.86797,1.00,2.25
2016.04.22 16:53:39.477,1.86763,1.86797,1.00,2.25
2016.04.22 16:53:42.238,1.86762,1.86797,1.95,2.25
2016.04.22 16:53:42.660,1.86762,1.86798,1.95,1.00
2016.04.22 16:53:42.813,1.86761,1.86797,1.50,1.00
2016.04.22 16:53:42.863,1.86761,1.86794,1.37,1.00
2016.04.22 16:53:43.066,1.86768,1.86803,1.00,1.50
2016.04.22 16:53:43.949,1.86766,1.86801,1.00,1.12
2016.04.22 16:53:44.296,1.86768,1.868,1.00,1.00
2016.04.22 16:53:45.109,1.86768,1.86805,1.00,1.00
2016.04.22 16:53:47.658,1.86767,1.86805,1.00,1.00
2016.04.22 16:53:52.333,1.86769,1.86805,1.00,1.00
2016.04.22 16:53:52.636,1.86772,1.86809,1.00,1.75
2016.04.22 16:53:55.477,1.8677,1.86806,1.00,1.12
2016.04.22 16:53:55.983,1.86769,1.86806,1.00,1.12
2016.04.22 16:53:57.039,1.86764,1.86803,1.00,1.00
2016.04.22 16:53:57.543,1.86765,1.86803,1.00,1.00
2016.04.22 16:53:58.158,1.86768,1.86806,1.00,1.87
2016.04.22 16:53:58.461,1.86771,1.86806,1.00,1.12
2016.04.22 16:53:58.663,1.86768,1.86806,1.50,1.12
2016.04.22 16:53:58.957,1.86768,1.86802,1.00,1.00
2016.04.22 16:53:59.283,1.86768,1.86805,1.50,1.00
2016.04.22 16:53:59.384,1.86768,1.86803,1.00,1.00
2016.04.22 16:54:00.167,1.8677,1.86803,1.00,1.00
2016.04.22 16:54:00.218,1.8677,1.86807,1.00,1.87
2016.04.22 16:54:01.649,1.8677,1.86806,1.00,1.50
2016.04.22 16:54:01.953,1.86781,1.86815,1.00,1.75
2016.04.22 16:54:02.156,1.86778,1.86815,1.00,1.75
2016.04.22 16:54:02.358,1.86776,1.86815,1.87,1.00
2016.04.22 16:54:02.409,1.86776,1.8681,1.12,1.00
2016.04.22 16:54:02.637,1.86773,1.8681,2.25,1.00
2016.04.22 16:54:02.687,1.86777,1.86812,1.00,1.00
2016.04.22 16:54:03.273,1.86775,1.8681,1.12,1.00
2016.04.22 16:54:03.576,1.86776,1.86811,1.37,1.12
2016.04.22 16:54:03.901,1.86778,1.86813,1.12,1.00
2016.04.22 16:54:04.255,1.86776,1.86813,1.00,1.00
2016.04.22 16:54:05.158,1.86776,1.86813,1.37,1.00
2016.04.22 16:54:06.259,1.86776,1.86813,1.00,1.00
2016.04.22 16:54:09.726,1.86778,1.86817,1.00,1.37
2016.04.22 16:54:11.282,1.86778,1.86818,1.37,1.50
2016.04.22 16:54:11.544,1.86782,1.86821,1.00,1.50
2016.04.22 16:54:12.048,1.86783,1.8682,1.12,1.00
2016.04.22 16:54:12.150,1.86786,1.8682,1.00,1.00
2016.04.22 16:54:12.654,1.86786,1.86821,1.50,1.00
2016.04.22 16:54:13.745,1.86782,1.86821,1.37,1.50
2016.04.22 16:54:13.897,1.86782,1.86821,1.00,1.87
2016.04.22 16:54:14.418,1.86781,1.86821,1.00,1.00
2016.04.22 16:54:16.400,1.86781,1.86821,1.00,1.37
2016.04.22 16:54:22.417,1.86776,1.86814,1.00,1.00
2016.04.22 16:54:22.937,1.86776,1.86815,1.00,1.00
2016.04.22 16:54:23.139,1.86776,1.86815,1.00,1.75
2016.04.22 16:54:23.796,1.86776,1.86815,1.00,1.37
2016.04.22 16:54:24.048,1.86776,1.86814,1.87,1.00
2016.04.22 16:54:24.580,1.86779,1.86814,1.00,1.00
2016.04.22 16:54:25.378,1.8678,1.86814,1.00,1.00
2016.04.22 16:54:25.587,1.86781,1.86819,1.00,1.75
2016.04.22 16:54:26.597,1.86782,1.8682,1.00,1.75
2016.04.22 16:54:26.648,1.86784,1.8682,1.00,1.00
2016.04.22 16:54:27.207,1.86784,1.86821,1.00,1.00
2016.04.22 16:54:27.636,1.86784,1.86823,1.00,1.00
2016.04.22 16:54:27.687,1.8679,1.86823,1.00,1.00
2016.04.22 16:54:27.788,1.86792,1.86829,1.00,1.37
2016.04.22 16:54:27.839,1.86792,1.86832,1.00,1.50
2016.04.22 16:54:27.940,1.86792,1.86832,1.95,1.50
2016.04.22 16:54:28.458,1.86793,1.86832,1.00,1.50
2016.04.22 16:54:28.891,1.86797,1.86833,1.00,1.50
2016.04.22 16:54:29.295,1.86793,1.86832,1.00,1.00
2016.04.22 16:54:29.963,1.86793,1.86832,1.37,1.50
2016.04.22 16:54:30.064,1.86793,1.86832,1.87,1.50
2016.04.22 16:54:30.317,1.86795,1.86832,1.00,1.50
2016.04.22 16:54:30.647,1.86795,1.8683,1.00,1.00
2016.04.22 16:54:30.749,1.86793,1.86829,1.00,1.00
2016.04.22 16:54:30.951,1.86798,1.86832,1.12,1.00
2016.04.22 16:54:31.271,1.86805,1.86833,1.00,1.00
2016.04.22 16:54:31.373,1.86802,1.86833,1.00,1.00
2016.04.22 16:54:31.726,1.86805,1.86833,1.10,1.00
2016.04.22 16:54:32.029,1.86815,1.86843,1.00,1.00
2016.04.22 16:54:32.337,1.86819,1.86848,1.57,1.75
2016.04.22 16:54:32.540,1.86819,1.86848,1.57,1.46
2016.04.22 16:54:32.641,1.8682,1.86849,1.00,1.34
2016.04.22 16:54:32.793,1.86818,1.86849,1.10,1.34
2016.04.22 16:54:33.309,1.86817,1.86851,1.57,1.09
2016.04.22 16:54:33.360,1.86817,1.86842,1.57,1.00
2016.04.22 16:54:33.760,1.86813,1.86843,1.10,1.12
2016.04.22 16:54:33.811,1.8681,1.86842,2.32,1.12
2016.04.22 16:54:33.962,1.86805,1.86828,1.10,1.00
2016.04.22 16:54:34.013,1.86803,1.86828,1.57,1.00
2016.04.22 16:54:34.266,1.868,1.86829,1.57,1.00
2016.04.22 16:54:34.811,1.86801,1.86829,1.10,1.12
2016.04.22 16:54:35.407,1.86804,1.86829,1.10,1.12
2016.04.22 16:54:35.709,1.86801,1.86828,1.57,1.00
2016.04.22 16:54:35.996,1.86803,1.86829,1.00,1.12
2016.04.22 16:54:36.315,1.86805,1.86829,1.10,1.12
2016.04.22 16:54:36.669,1.86807,1.86835,1.00,1.75
2016.04.22 16:54:36.770,1.86805,1.86836,1.10,2.25
2016.04.22 16:54:36.872,1.86807,1.86836,1.00,1.50
2016.04.22 16:54:36.923,1.86809,1.86836,1.10,1.50
2016.04.22 16:54:37.175,1.86809,1.86839,1.10,1.00
2016.04.22 16:54:37.375,1.86806,1.8684,1.57,1.00
2016.04.22 16:54:37.678,1.86809,1.8684,1.00,1.00
2016.04.22 16:54:38.081,1.86811,1.86841,1.00,1.50
2016.04.22 16:54:38.506,1.86813,1.8684,1.00,1.00
2016.04.22 16:54:39.023,1.86814,1.8684,1.57,1.00
2016.04.22 16:54:39.866,1.86813,1.8684,1.57,1.00
2016.04.22 16:54:40.275,1.86811,1.8684,1.00,1.00
2016.04.22 16:54:40.377,1.86809,1.8684,1.10,1.00
2016.04.22 16:54:40.881,1.86811,1.86841,1.10,1.00
2016.04.22 16:54:41.261,1.86816,1.86841,1.10,1.00
2016.04.22 16:54:41.472,1.86814,1.86841,1.57,1.00
2016.04.22 16:54:41.523,1.86816,1.8684,1.00,1.00
2016.04.22 16:54:42.110,1.86817,1.8684,1.00,1.00
2016.04.22 16:54:42.611,1.86816,1.8684,1.10,1.00
2016.04.22 16:54:42.825,1.86814,1.86841,1.10,1.00
2016.04.22 16:54:43.272,1.86812,1.86841,1.10,1.00
2016.04.22 16:54:43.459,1.86814,1.86841,1.10,1.00
2016.04.22 16:54:43.989,1.86813,1.86841,1.10,1.00
2016.04.22 16:54:44.591,1.86814,1.86841,1.10,1.00
2016.04.22 16:54:44.938,1.86817,1.8684,1.00,1.00
2016.04.22 16:54:46.367,1.86818,1.86841,1.57,1.00
2016.04.22 16:54:46.748,1.8682,1.86841,1.10,1.00
2016.04.22 16:54:47.001,1.86832,1.86855,1.10,1.00
2016.04.22 16:54:47.052,1.8683,1.86855,1.57,1.00
2016.04.22 16:54:47.203,1.86832,1.86855,1.00,1.00
2016.04.22 16:54:47.405,1.86834,1.86861,1.00,3.00
2016.04.22 16:54:47.861,1.86836,1.86861,1.10,3.00
2016.04.22 16:54:47.962,1.86833,1.8686,1.57,1.50
2016.04.22 16:54:48.715,1.86834,1.8686,1.00,1.50
2016.04.22 16:54:48.816,1.8683,1.86853,1.57,1.00
2016.04.22 16:54:49.138,1.86832,1.86853,1.10,1.00
2016.04.22 16:54:50.262,1.86833,1.86853,1.10,1.00
2016.04.22 16:54:50.313,1.86833,1.86861,1.57,1.75
2016.04.22 16:54:50.641,1.86837,1.86863,1.00,1.37
2016.04.22 16:54:50.692,1.86838,1.86863,1.10,1.00
2016.04.22 16:54:51.065,1.8684,1.86863,1.10,1.00
2016.04.22 16:54:51.116,1.86843,1.86867,1.00,1.12
2016.04.22 16:54:51.167,1.86848,1.86867,1.10,1.12
2016.04.22 16:54:51.319,1.86849,1.86877,1.10,1.37
2016.04.22 16:54:51.471,1.86851,1.86877,1.10,1.37
2016.04.22 16:54:51.785,1.86851,1.86877,1.10,1.71
2016.04.22 16:54:51.886,1.86844,1.86875,1.10,1.34
2016.04.22 16:54:51.988,1.86839,1.86867,1.00,1.09
2016.04.22 16:54:52.191,1.86836,1.86868,1.57,1.34
2016.04.22 16:54:53.543,1.86844,1.86867,1.00,1.00
2016.04.22 16:54:53.695,1.86846,1.86872,1.57,1.00
2016.04.22 16:54:53.746,1.86846,1.86876,1.57,1.00
2016.04.22 16:54:53.797,1.8685,1.86876,1.10,1.00
2016.04.22 16:54:53.999,1.86847,1.86875,1.00,1.00
2016.04.22 16:54:54.391,1.86843,1.86874,1.57,1.00
2016.04.22 16:54:54.442,1.86845,1.86874,1.00,1.00
2016.04.22 16:54:54.747,1.86843,1.8687,1.00,1.00
2016.04.22 16:54:54.898,1.86841,1.86871,1.10,1.00
2016.04.22 16:54:56.025,1.86841,1.86871,1.10,1.37
2016.04.22 16:54:56.589,1.86834,1.86865,1.57,1.00
2016.04.22 16:54:56.640,1.86836,1.86865,1.00,1.00
2016.04.22 16:54:56.944,1.86838,1.86864,1.00,1.00
2016.04.22 16:54:57.045,1.86836,1.86865,1.57,1.00
2016.04.22 16:54:57.500,1.86838,1.86865,1.10,1.00
2016.04.22 16:54:57.775,1.86836,1.86865,1.57,1.00
2016.04.22 16:54:57.986,1.86838,1.86865,1.10,1.00
2016.04.22 16:54:58.390,1.86836,1.86865,1.57,1.00
2016.04.22 16:55:01.627,1.86841,1.86865,1.00,1.00
2016.04.22 16:55:01.935,1.86849,1.86871,1.57,1.00
2016.04.22 16:55:02.521,1.8685,1.86871,1.00,1.00
2016.04.22 16:55:03.935,1.86849,1.86871,1.10,1.00
2016.04.22 16:55:04.037,1.86847,1.86872,1.10,1.00
2016.04.22 16:55:04.088,1.86844,1.86872,1.00,1.09
2016.04.22 16:55:04.138,1.86843,1.86869,1.10,1.50
2016.04.22 16:55:04.316,1.86836,1.86864,1.10,1.00
2016.04.22 16:55:04.366,1.86837,1.86863,1.00,1.50
2016.04.22 16:55:05.378,1.86838,1.86863,1.10,1.50
2016.04.22 16:55:05.758,1.86842,1.86868,1.00,1.75
2016.04.22 16:55:05.859,1.86842,1.86868,1.00,1.00
2016.04.22 16:55:06.061,1.86843,1.86875,1.57,1.75
2016.04.22 16:55:06.163,1.86844,1.86876,1.00,1.37
2016.04.22 16:55:06.365,1.86846,1.86875,1.00,1.00
2016.04.22 16:55:06.912,1.86844,1.86876,1.10,1.50
2016.04.22 16:55:07.417,1.86845,1.86876,1.10,1.00
2016.04.22 16:55:07.943,1.86846,1.86875,1.57,1.00
2016.04.22 16:55:08.840,1.86845,1.86876,1.00,1.50
2016.04.22 16:55:09.347,1.86845,1.86875,2.32,1.00
2016.04.22 16:55:09.856,1.86846,1.86875,1.00,1.00
2016.04.22 16:55:10.297,1.86848,1.86876,1.10,1.00
2016.04.22 16:55:10.499,1.86846,1.86876,1.10,1.00
2016.04.22 16:55:10.761,1.86848,1.86876,1.10,1.00
2016.04.22 16:55:11.092,1.86852,1.86875,1.00,1.00
2016.04.22 16:55:11.794,1.86851,1.86876,1.10,1.00
2016.04.22 16:55:12.018,1.86853,1.86883,1.10,2.25
2016.04.22 16:55:12.536,1.86854,1.86883,1.57,2.25
2016.04.22 16:55:13.047,1.86853,1.86879,1.10,1.12
2016.04.22 16:55:13.098,1.86851,1.86879,1.57,1.12
2016.04.22 16:55:13.599,1.86852,1.86879,1.10,1.12
2016.04.22 16:55:14.149,1.86851,1.86879,1.57,1.12
2016.04.22 16:55:14.301,1.86849,1.86878,1.57,1.00
2016.04.22 16:55:14.499,1.86851,1.86878,1.00,1.00
2016.04.22 16:55:14.701,1.86849,1.86878,1.57,1.00
2016.04.22 16:55:14.904,1.86847,1.86879,1.57,1.12
2016.04.22 16:55:15.107,1.86849,1.86879,1.10,1.12
2016.04.22 16:55:15.410,1.86851,1.86878,1.00,1.00
2016.04.22 16:55:15.958,1.86852,1.86879,1.00,1.12
2016.04.22 16:55:16.160,1.86854,1.86885,1.00,1.00
2016.04.22 16:55:16.614,1.86856,1.86885,1.00,1.00
2016.04.22 16:55:17.034,1.86852,1.86885,1.00,1.00
2016.04.22 16:55:17.570,1.86852,1.86886,1.00,1.00
2016.04.22 16:55:18.092,1.86853,1.86886,1.57,1.00
2016.04.22 16:55:18.244,1.86855,1.86886,1.00,1.00
2016.04.22 16:55:18.748,1.86856,1.86886,1.00,1.00
2016.04.22 16:55:18.849,1.86854,1.86886,1.00,1.00
2016.04.22 16:55:19.229,1.86856,1.86885,1.00,1.00
2016.04.22 16:55:19.532,1.86842,1.86878,1.00,1.00
2016.04.22 16:55:19.633,1.86841,1.86873,1.00,1.00
2016.04.22 16:55:19.684,1.86837,1.86873,1.50,1.12
2016.04.22 16:55:19.735,1.86838,1.86868,1.00,1.00
2016.04.22 16:55:20.263,1.86839,1.86868,1.00,1.00
2016.04.22 16:55:20.314,1.86837,1.86868,1.50,1.00
2016.04.22 16:55:20.516,1.86841,1.86867,1.00,1.00
2016.04.22 16:55:20.617,1.86846,1.86879,1.12,3.00
2016.04.22 16:55:20.668,1.86846,1.86879,1.87,2.62
2016.04.22 16:55:20.719,1.86847,1.86879,1.00,1.00
2016.04.22 16:55:21.269,1.86846,1.8688,1.00,1.00
2016.04.22 16:55:21.320,1.86848,1.86879,1.00,1.00
2016.04.22 16:55:21.460,1.86846,1.8688,1.50,1.00
2016.04.22 16:55:24.348,1.86846,1.86879,1.00,1.00
2016.04.22 16:55:24.399,1.86844,1.86879,1.00,1.00
2016.04.22 16:55:25.639,1.86844,1.8688,1.00,1.50
2016.04.22 16:55:25.993,1.86845,1.86878,1.00,1.00
2016.04.22 16:55:26.145,1.86838,1.86874,1.00,1.37
2016.04.22 16:55:26.196,1.86838,1.86869,1.00,1.00
2016.04.22 16:55:26.247,1.86832,1.86869,1.00,1.50
2016.04.22 16:55:26.297,1.86832,1.86867,1.00,1.00
2016.04.22 16:55:26.633,1.86829,1.86863,1.10,1.00
2016.04.22 16:55:26.936,1.86831,1.86863,1.00,1.00
2016.04.22 16:55:27.037,1.86829,1.86863,1.57,1.00
2016.04.22 16:55:28.653,1.86828,1.86863,1.95,1.50
2016.04.22 16:55:29.201,1.86833,1.86863,1.50,1.00
2016.04.22 16:55:29.779,1.86834,1.86863,1.00,1.50
2016.04.22 16:55:30.687,1.86833,1.86863,1.00,1.50
2016.04.22 16:55:32.445,1.86834,1.86863,1.00,1.00
2016.04.22 16:55:32.949,1.86831,1.86863,1.57,1.00
2016.04.22 16:55:35.816,1.86832,1.86863,1.10,1.00
2016.04.22 16:55:36.065,1.86838,1.86864,1.10,1.00
2016.04.22 16:55:36.167,1.86848,1.86876,1.10,1.12
2016.04.22 16:55:36.218,1.86847,1.8688,1.10,1.00
2016.04.22 16:55:36.269,1.86851,1.8688,1.00,1.00
2016.04.22 16:55:36.421,1.86849,1.8688,1.00,1.00
2016.04.22 16:55:37.125,1.86849,1.86877,1.10,1.37
2016.04.22 16:55:37.354,1.86839,1.86868,1.57,1.00
2016.04.22 16:55:37.859,1.86838,1.86869,1.10,1.00
2016.04.22 16:55:38.521,1.86837,1.86869,1.00,1.00
2016.04.22 16:55:39.009,1.86845,1.86868,1.00,1.00
2016.04.22 16:55:39.110,1.86846,1.86874,1.00,3.00
2016.04.22 16:55:39.212,1.86848,1.86874,1.00,1.00
2016.04.22 16:55:39.515,1.8685,1.86875,1.00,1.00
2016.04.22 16:55:40.114,1.86849,1.86879,1.00,1.00
2016.04.22 16:55:40.618,1.86848,1.86879,1.00,1.00
2016.04.22 16:55:40.927,1.86846,1.86879,1.00,1.00
2016.04.22 16:55:41.160,1.86842,1.86872,1.50,1.00
2016.04.22 16:55:41.463,1.86838,1.86865,1.00,1.00
2016.04.22 16:55:41.514,1.86835,1.86865,1.00,1.00
2016.04.22 16:55:41.716,1.86833,1.86865,1.50,1.00
2016.04.22 16:55:41.919,1.86835,1.86865,1.00,1.00
2016.04.22 16:55:42.443,1.86833,1.86865,1.00,1.00
2016.04.22 16:55:42.545,1.86832,1.86858,1.00,1.00
2016.04.22 16:55:42.646,1.8683,1.86858,1.00,1.00
2016.04.22 16:55:43.151,1.8683,1.86857,1.00,1.00
2016.04.22 16:55:43.290,1.86827,1.86857,2.32,1.00
2016.04.22 16:55:43.543,1.86824,1.86858,1.00,1.50
2016.04.22 16:55:43.746,1.86826,1.86858,1.00,1.50
2016.04.22 16:55:44.049,1.86828,1.86858,1.00,1.00
2016.04.22 16:55:45.423,1.86838,1.86862,1.57,1.75
2016.04.22 16:55:45.525,1.86839,1.86864,1.00,1.00
2016.04.22 16:55:45.626,1.86839,1.86866,1.00,1.12
2016.04.22 16:55:45.951,1.86859,1.86874,1.00,1.37
2016.04.22 16:55:46.002,1.86859,1.86876,1.00,1.50
2016.04.22 16:55:46.103,1.86859,1.86889,1.00,2.25
2016.04.22 16:55:46.154,1.8686,1.8689,1.00,1.00
2016.04.22 16:55:46.205,1.86865,1.8689,1.10,1.00
2016.04.22 16:55:46.358,1.8687,1.86898,1.00,1.00
2016.04.22 16:55:46.459,1.86873,1.86901,1.00,1.00
2016.04.22 16:55:47.047,1.86874,1.86901,1.00,1.00
2016.04.22 16:55:47.151,1.86872,1.86901,1.00,1.00
2016.04.22 16:55:47.427,1.86874,1.86901,1.00,1.00
2016.04.22 16:55:47.730,1.86872,1.86902,1.00,1.12
2016.04.22 16:55:48.258,1.86871,1.86901,1.00,1.00
2016.04.22 16:55:48.465,1.86868,1.86901,1.00,1.00
2016.04.22 16:55:48.567,1.86872,1.86901,1.00,1.00
2016.04.22 16:55:48.981,1.86866,1.86899,1.10,1.00
2016.04.22 16:55:49.032,1.86866,1.86893,1.10,1.00
2016.04.22 16:55:49.083,1.86862,1.86893,1.00,1.00
2016.04.22 16:55:49.235,1.8686,1.86893,1.00,1.00
2016.04.22 16:55:49.506,1.8686,1.86891,1.00,1.00
2016.04.22 16:55:49.607,1.8686,1.86893,1.00,1.00
2016.04.22 16:55:50.136,1.86859,1.86893,1.00,1.00
2016.04.22 16:55:50.587,1.86859,1.86891,1.00,1.00
2016.04.22 16:55:51.136,1.86859,1.86894,1.57,1.12
2016.04.22 16:55:51.967,1.86866,1.86894,1.10,1.00
2016.04.22 16:55:52.019,1.86871,1.86901,1.00,1.00
2016.04.22 16:55:52.534,1.8687,1.86901,1.00,1.00
2016.04.22 16:55:53.106,1.86871,1.86901,1.00,1.00
2016.04.22 16:55:53.663,1.86872,1.86902,1.00,1.00
2016.04.22 16:55:54.067,1.8687,1.86901,1.00,1.00
2016.04.22 16:55:54.497,1.86868,1.86906,1.00,1.75
2016.04.22 16:55:55.002,1.86869,1.86904,1.00,1.37
2016.04.22 16:55:55.529,1.8687,1.86906,1.00,1.87
2016.04.22 16:55:55.783,1.86868,1.86906,1.57,2.25
2016.04.22 16:55:56.301,1.8687,1.86906,1.10,2.25
2016.04.22 16:55:56.604,1.86879,1.8691,1.00,1.12
2016.04.22 16:55:56.836,1.86876,1.86909,1.00,1.00
2016.04.22 16:55:56.886,1.86879,1.86909,1.00,1.00
2016.04.22 16:55:56.988,1.86876,1.86909,1.00,1.00
2016.04.22 16:55:57.515,1.86877,1.8691,1.00,1.87
2016.04.22 16:55:58.113,1.86878,1.86911,1.00,1.37
2016.04.22 16:55:58.671,1.86877,1.86904,1.10,1.00
2016.04.22 16:55:58.722,1.86875,1.86904,1.50,1.00
2016.04.22 16:55:58.773,1.86873,1.86903,1.00,1.50
2016.04.22 16:55:58.975,1.86877,1.86903,1.00,1.00
2016.04.22 16:55:59.077,1.86877,1.86909,1.00,1.37
2016.04.22 16:55:59.501,1.8688,1.86909,1.00,1.37
2016.04.22 16:55:59.804,1.86882,1.86908,1.00,1.12
2016.04.22 16:55:59.905,1.86879,1.86908,1.00,1.12
2016.04.22 16:56:00.007,1.86877,1.86909,1.00,1.37
2016.04.22 16:56:00.547,1.86878,1.86908,1.00,1.12
2016.04.22 16:56:00.750,1.86875,1.86909,1.00,1.37
2016.04.22 16:56:01.283,1.86876,1.86908,1.00,1.12
2016.04.22 16:56:01.786,1.86875,1.86908,1.57,1.12
2016.04.22 16:56:02.281,1.86875,1.86905,1.57,1.00
2016.04.22 16:56:02.331,1.86872,1.86905,1.00,1.00
2016.04.22 16:56:03.687,1.86872,1.86904,1.00,1.00
2016.04.22 16:56:04.040,1.86874,1.86904,1.10,2.25
2016.04.22 16:56:05.623,1.86874,1.86904,1.62,2.25
2016.04.22 16:56:06.002,1.86874,1.86894,1.10,1.00
2016.04.22 16:56:06.053,1.86867,1.86894,1.00,1.71
2016.04.22 16:56:06.105,1.86865,1.86884,1.00,1.00
2016.04.22 16:56:06.156,1.86857,1.86884,1.00,1.00
2016.04.22 16:56:06.207,1.86857,1.86887,1.00,1.50
2016.04.22 16:56:06.308,1.86853,1.86887,1.10,1.50
2016.04.22 16:56:06.359,1.86854,1.86886,1.62,1.00
2016.04.22 16:56:06.460,1.86853,1.86886,1.10,1.12
2016.04.22 16:56:07.057,1.86852,1.86886,1.35,1.12
2016.04.22 16:56:07.209,1.86852,1.86883,1.35,1.00
2016.04.22 16:56:07.714,1.86852,1.86882,1.10,1.00
2016.04.22 16:56:08.017,1.86854,1.86882,1.10,1.00
2016.04.22 16:56:08.555,1.86854,1.86883,1.10,1.00
2016.04.22 16:56:08.908,1.86854,1.86886,1.10,1.12
2016.04.22 16:56:09.061,1.86856,1.86886,1.62,1.12
2016.04.22 16:56:09.263,1.86856,1.86886,1.10,1.12
2016.04.22 16:56:09.465,1.86854,1.86886,2.10,1.12
2016.04.22 16:56:09.974,1.86854,1.86887,1.27,1.87
2016.04.22 16:56:10.327,1.8685,1.86886,2.10,1.09
2016.04.22 16:56:10.378,1.86848,1.86881,1.62,1.00
2016.04.22 16:56:10.580,1.86848,1.86882,1.00,1.50
2016.04.22 16:56:10.724,1.86848,1.86878,1.00,1.00
2016.04.22 16:56:10.860,1.86848,1.86882,1.00,1.50
2016.04.22 16:56:10.961,1.86848,1.86879,1.00,1.00
2016.04.22 16:56:11.518,1.86848,1.86878,1.00,1.00
2016.04.22 16:56:11.872,1.86848,1.86875,1.00,1.00
2016.04.22 16:56:12.199,1.86842,1.86868,1.00,1.00
2016.04.22 16:56:12.250,1.86838,1.86868,1.00,1.00
2016.04.22 16:56:12.301,1.86836,1.86868,1.00,1.00
2016.04.22 16:56:13.784,1.86837,1.86868,1.00,1.00
2016.04.22 16:56:13.986,1.86835,1.86868,1.00,1.00
2016.04.22 16:56:14.137,1.86834,1.86863,1.00,1.00
2016.04.22 16:56:14.289,1.86834,1.86868,1.00,1.00
2016.04.22 16:56:14.668,1.86834,1.86864,1.00,1.00
2016.04.22 16:56:15.025,1.86836,1.86868,1.10,1.00
2016.04.22 16:56:15.126,1.86839,1.86873,1.57,1.50
2016.04.22 16:56:15.227,1.86843,1.86873,1.00,1.12
2016.04.22 16:56:15.530,1.86842,1.86867,1.00,1.00
2016.04.22 16:56:15.632,1.86833,1.86867,1.50,1.50
2016.04.22 16:56:16.149,1.86834,1.86867,1.57,1.00
2016.04.22 16:56:16.503,1.86836,1.86867,1.00,1.00
2016.04.22 16:56:17.028,1.86837,1.86867,1.00,1.00
2016.04.22 16:56:17.331,1.86843,1.86873,1.00,1.84
2016.04.22 16:56:17.587,1.86845,1.86879,1.00,1.34
2016.04.22 16:56:17.739,1.86844,1.86871,1.00,1.00
2016.04.22 16:56:17.790,1.86841,1.86871,1.00,1.00
2016.04.22 16:56:17.841,1.86837,1.8687,1.50,1.50
2016.04.22 16:56:17.943,1.86835,1.86867,1.00,1.00
2016.04.22 16:56:18.246,1.86832,1.86862,1.00,1.00
2016.04.22 16:56:18.715,1.86832,1.8686,1.00,1.00
2016.04.22 16:56:19.234,1.8683,1.86861,1.50,1.00
2016.04.22 16:56:20.036,1.8683,1.86858,1.00,1.00
2016.04.22 16:56:20.439,1.86827,1.86859,1.00,1.00
2016.04.22 16:56:20.817,1.8683,1.86861,1.00,1.00
2016.04.22 16:56:21.122,1.86837,1.86863,1.00,1.00
2016.04.22 16:56:21.224,1.86831,1.86863,1.00,1.50
2016.04.22 16:56:21.282,1.86828,1.86863,1.00,1.50
2016.04.22 16:56:21.333,1.86827,1.86859,1.00,1.00
2016.04.22 16:56:21.489,1.86825,1.86859,1.00,1.00
2016.04.22 16:56:21.540,1.86823,1.86859,1.00,1.00
2016.04.22 16:56:22.056,1.86826,1.8686,1.00,1.00
2016.04.22 16:56:22.359,1.86831,1.86864,1.00,1.00
2016.04.22 16:56:22.662,1.86833,1.86863,1.00,1.00
2016.04.22 16:56:22.713,1.86828,1.86863,1.00,1.00
2016.04.22 16:56:22.764,1.86828,1.8686,1.00,1.00
2016.04.22 16:56:23.395,1.86828,1.86858,1.00,1.00
2016.04.22 16:56:23.698,1.86823,1.86859,1.00,1.00
2016.04.22 16:56:23.951,1.86825,1.86859,1.00,1.50
2016.04.22 16:56:24.052,1.86824,1.86862,1.57,1.50
2016.04.22 16:56:24.460,1.86826,1.86862,1.00,1.00
2016.04.22 16:56:24.964,1.86831,1.86864,1.00,1.50
2016.04.22 16:56:26.253,1.86828,1.86851,1.57,1.00
2016.04.22 16:56:26.355,1.86817,1.8685,1.12,1.00
2016.04.22 16:56:26.456,1.86812,1.8685,1.50,1.00
2016.04.22 16:56:26.969,1.86812,1.86849,1.50,1.00
2016.04.22 16:56:27.976,1.86812,1.8685,1.50,1.00
2016.04.22 16:56:28.453,1.86812,1.86847,1.50,1.00
2016.04.22 16:56:28.760,1.86815,1.8685,1.00,1.00
2016.04.22 16:56:29.780,1.86814,1.8685,1.00,1.00
2016.04.22 16:56:30.284,1.86815,1.8685,1.00,1.00
2016.04.22 16:56:31.551,1.86816,1.8685,1.00,1.50
2016.04.22 16:56:31.955,1.86814,1.8684,1.00,1.00
2016.04.22 16:56:32.157,1.86812,1.86841,1.00,1.00
2016.04.22 16:56:32.259,1.86809,1.86841,1.00,1.00
2016.04.22 16:56:33.084,1.86809,1.86839,1.00,1.00
2016.04.22 16:56:33.387,1.86813,1.86841,1.10,1.00
2016.04.22 16:56:33.589,1.86822,1.86851,1.00,1.00
2016.04.22 16:56:33.640,1.86822,1.86853,1.00,1.12
2016.04.22 16:56:33.819,1.86823,1.86855,1.00,1.00
2016.04.22 16:56:34.325,1.86822,1.86854,1.00,1.00
2016.04.22 16:56:34.473,1.86822,1.86857,1.00,1.00
2016.04.22 16:56:34.574,1.8682,1.86858,1.00,1.00
2016.04.22 16:56:35.135,1.8682,1.86857,1.00,1.00
2016.04.22 16:56:35.287,1.86822,1.86857,1.00,1.00
2016.04.22 16:56:35.793,1.8682,1.86857,1.00,1.00
2016.04.22 16:56:36.672,1.8682,1.86858,1.00,1.00
2016.04.22 16:56:36.925,1.86822,1.86858,1.00,1.00
2016.04.22 16:56:37.281,1.86825,1.86858,1.00,1.00
2016.04.22 16:56:38.041,1.8682,1.86858,1.12,1.00
2016.04.22 16:56:38.886,1.86822,1.86857,1.00,1.00
2016.04.22 16:56:40.027,1.8682,1.86858,1.57,1.00
2016.04.22 16:56:40.179,1.8682,1.86857,1.95,1.00
2016.04.22 16:56:40.331,1.8682,1.86857,1.57,1.00
2016.04.22 16:56:40.878,1.86821,1.86857,1.00,1.50
2016.04.22 16:56:41.394,1.8682,1.86857,1.00,1.00
2016.04.22 16:56:42.025,1.86821,1.86857,1.00,1.37
2016.04.22 16:56:42.127,1.86819,1.86855,1.00,1.00
2016.04.22 16:56:42.228,1.86819,1.86857,1.00,1.00
2016.04.22 16:56:42.329,1.86824,1.86858,1.50,1.00
2016.04.22 16:56:42.835,1.86824,1.86857,1.00,1.00
2016.04.22 16:56:43.652,1.86819,1.86857,1.00,1.00
2016.04.22 16:56:44.640,1.86819,1.86858,1.00,1.00
2016.04.22 16:56:44.843,1.86823,1.86859,1.00,1.00
2016.04.22 16:56:44.894,1.86824,1.86862,1.00,1.00
2016.04.22 16:56:45.411,1.86823,1.86862,1.00,1.00
2016.04.22 16:56:46.037,1.86824,1.86862,1.00,1.00
2016.04.22 16:56:46.088,1.86828,1.86862,1.10,1.00
2016.04.22 16:56:46.240,1.86834,1.86871,1.87,1.00
2016.04.22 16:56:46.341,1.86835,1.86873,1.12,1.00
2016.04.22 16:56:46.845,1.86834,1.86873,1.00,1.12
2016.04.22 16:56:47.919,1.86834,1.86871,1.00,1.00
2016.04.22 16:56:48.727,1.86833,1.86869,1.00,1.00
2016.04.22 16:56:49.031,1.86817,1.86854,2.25,1.50
2016.04.22 16:56:49.132,1.86817,1.86854,1.00,2.25
2016.04.22 16:56:52.552,1.86816,1.86851,1.00,1.00
2016.04.22 16:56:52.856,1.86814,1.86851,1.00,1.00
2016.04.22 16:56:54.478,1.86814,1.86851,1.87,1.00
2016.04.22 16:56:54.996,1.86817,1.86851,1.00,1.00
2016.04.22 16:56:55.197,1.86815,1.86851,1.00,1.00
2016.04.22 16:56:56.273,1.86814,1.86851,1.50,1.00
2016.04.22 16:56:58.148,1.86818,1.86854,1.00,1.00
2016.04.22 16:56:58.467,1.8682,1.86854,1.00,1.00
2016.04.22 16:56:59.126,1.86819,1.86854,1.00,1.00
2016.04.22 16:56:59.176,1.86817,1.86855,2.25,1.50
2016.04.22 16:56:59.933,1.86819,1.86855,1.00,1.50
2016.04.22 16:57:00.438,1.8682,1.86855,1.00,1.50
2016.04.22 16:57:00.773,1.86823,1.86855,1.00,1.12
2016.04.22 16:57:01.129,1.86822,1.86859,1.00,1.12
2016.04.22 16:57:01.654,1.86821,1.86859,1.00,1.87
2016.04.22 16:57:01.966,1.86823,1.86858,1.00,1.00
2016.04.22 16:57:02.470,1.86824,1.86859,1.00,1.87
2016.04.22 16:57:03.076,1.86823,1.8686,1.00,1.87
2016.04.22 16:57:04.514,1.86824,1.8686,1.00,1.87
2016.04.22 16:57:05.024,1.86825,1.86859,1.50,1.12
2016.04.22 16:57:05.626,1.86827,1.8686,1.00,1.37
2016.04.22 16:57:05.727,1.86829,1.86864,1.00,1.00
2016.04.22 16:57:05.778,1.86834,1.86864,1.00,1.00
2016.04.22 16:57:05.880,1.86835,1.86872,1.00,1.50
2016.04.22 16:57:06.033,1.86837,1.86872,1.00,1.00
2016.04.22 16:57:06.356,1.86841,1.86871,1.00,1.00
2016.04.22 16:57:06.408,1.86842,1.86875,1.00,1.50
2016.04.22 16:57:06.913,1.86843,1.86874,1.00,1.00
2016.04.22 16:57:07.015,1.86841,1.86874,1.50,1.00
2016.04.22 16:57:07.116,1.86838,1.86874,1.00,1.00
2016.04.22 16:57:07.330,1.86837,1.86872,1.00,1.37
2016.04.22 16:57:07.599,1.8683,1.86865,1.00,1.00
2016.04.22 16:57:07.981,1.86828,1.86864,1.00,1.00
2016.04.22 16:57:08.032,1.86828,1.86862,1.00,1.00
2016.04.22 16:57:08.133,1.86826,1.86862,1.00,1.00
2016.04.22 16:57:08.893,1.86826,1.86862,1.00,1.37
2016.04.22 16:57:08.994,1.86822,1.86856,1.00,1.00
2016.04.22 16:57:09.399,1.86821,1.86854,1.50,1.00
2016.04.22 16:57:09.926,1.86819,1.86853,1.00,1.00
2016.04.22 16:57:10.223,1.86819,1.86852,1.00,1.37
2016.04.22 16:57:10.325,1.86816,1.86852,1.00,1.00
2016.04.22 16:57:10.376,1.86816,1.86856,1.00,1.00
2016.04.22 16:57:11.497,1.86815,1.86851,1.00,1.00
2016.04.22 16:57:11.591,1.86816,1.86856,1.00,1.00
2016.04.22 16:57:11.873,1.86818,1.86851,1.10,1.00
2016.04.22 16:57:11.923,1.86822,1.86857,1.50,1.87
2016.04.22 16:57:12.076,1.86823,1.86859,1.00,1.00
2016.04.22 16:57:12.328,1.86825,1.8686,1.50,1.00
2016.04.22 16:57:12.647,1.86825,1.86864,2.62,1.87
2016.04.22 16:57:12.851,1.86825,1.8686,1.87,1.00
2016.04.22 16:57:12.953,1.86825,1.86864,1.50,1.37
2016.04.22 16:57:13.307,1.86823,1.8686,1.50,1.00
2016.04.22 16:57:13.660,1.86824,1.86864,1.00,1.87
2016.04.22 16:57:13.711,1.86823,1.8686,1.50,1.00
2016.04.22 16:57:13.965,1.86824,1.86864,1.00,1.87
2016.04.22 16:57:14.511,1.86824,1.86864,1.00,1.37
2016.04.22 16:57:14.612,1.8682,1.86859,1.00,1.50
2016.04.22 16:57:14.764,1.8682,1.86856,1.00,1.00
2016.04.22 16:57:15.263,1.8682,1.86859,1.00,1.50
2016.04.22 16:57:15.787,1.86821,1.86859,1.00,1.00
2016.04.22 16:57:16.764,1.86821,1.86856,1.00,1.00
2016.04.22 16:57:17.424,1.86818,1.86856,2.25,1.00
2016.04.22 16:57:20.061,1.8682,1.86859,1.00,1.50
2016.04.22 16:57:20.935,1.8682,1.8686,1.00,3.37
2016.04.22 16:57:21.629,1.8682,1.86859,1.00,1.00
2016.04.22 16:57:21.829,1.86818,1.86854,1.00,1.00
2016.04.22 16:57:21.930,1.86821,1.86859,1.00,1.00
2016.04.22 16:57:25.492,1.86828,1.86859,1.00,1.00
2016.04.22 16:57:25.694,1.86836,1.86871,1.00,1.12
2016.04.22 16:57:25.745,1.86833,1.86871,1.50,1.00
2016.04.22 16:57:27.475,1.86833,1.86869,1.50,1.00
2016.04.22 16:57:27.997,1.86833,1.8687,1.50,1.00
2016.04.22 16:57:28.563,1.86833,1.86869,1.50,1.00
2016.04.22 16:57:28.759,1.86833,1.86871,1.50,1.00
2016.04.22 16:57:30.950,1.86833,1.86871,1.00,1.50
2016.04.22 16:57:31.258,1.86833,1.86869,1.00,1.00
2016.04.22 16:57:31.841,1.86832,1.8687,1.00,1.00
2016.04.22 16:57:32.502,1.86831,1.8687,1.50,1.00
2016.04.22 16:57:33.137,1.86831,1.86869,1.50,1.00
2016.04.22 16:57:33.539,1.86827,1.86866,3.00,1.00
2016.04.22 16:57:33.841,1.86832,1.86868,1.00,1.37
2016.04.22 16:57:34.219,1.86837,1.86865,1.00,1.12
2016.04.22 16:57:34.856,1.86837,1.8687,1.00,1.00
2016.04.22 16:57:34.907,1.86836,1.86872,1.00,1.12
2016.04.22 16:57:35.109,1.86836,1.86869,1.37,1.00
2016.04.22 16:57:35.210,1.86831,1.86869,1.00,1.50
2016.04.22 16:57:35.424,1.86829,1.86869,1.00,1.50
2016.04.22 16:57:35.986,1.86832,1.86869,1.00,1.00
2016.04.22 16:57:36.188,1.86834,1.86872,1.00,1.50
2016.04.22 16:57:37.690,1.86834,1.86871,1.00,1.00
2016.04.22 16:57:37.892,1.86836,1.86871,1.00,1.00
2016.04.22 16:57:37.994,1.86834,1.86871,1.00,1.00
2016.04.22 16:57:40.646,1.86834,1.86872,1.00,1.50
2016.04.22 16:57:42.043,1.86834,1.86871,1.00,1.00
2016.04.22 16:57:42.579,1.86834,1.86872,1.00,1.50
2016.04.22 16:57:44.112,1.86836,1.86872,1.12,1.00
2016.04.22 16:57:44.617,1.86836,1.86872,1.87,1.00
2016.04.22 16:57:45.567,1.86834,1.86872,1.37,1.00
2016.04.22 16:57:45.618,1.86834,1.86872,1.00,1.00
2016.04.22 16:57:51.713,1.86831,1.86868,1.50,1.00
2016.04.22 16:57:52.942,1.86831,1.86866,1.00,1.00
2016.04.22 16:57:53.295,1.86831,1.86864,1.50,1.00
2016.04.22 16:57:53.841,1.86827,1.86864,1.75,1.00
2016.04.22 16:57:54.361,1.86827,1.86863,1.75,1.00
2016.04.22 16:57:54.412,1.86827,1.86863,1.37,1.00
2016.04.22 16:57:54.960,1.86827,1.86858,1.00,1.00
2016.04.22 16:57:55.779,1.86829,1.86858,1.00,1.00
2016.04.22 16:57:55.831,1.86829,1.86865,1.00,1.00
2016.04.22 16:57:55.882,1.86832,1.86866,1.00,1.00
2016.04.22 16:57:55.933,1.86832,1.86868,1.00,1.12
2016.04.22 16:57:55.984,1.86832,1.86871,1.75,1.37
2016.04.22 16:57:56.186,1.86839,1.86874,1.00,1.00
2016.04.22 16:57:56.697,1.8684,1.86873,1.00,1.00
2016.04.22 16:57:57.519,1.8684,1.86875,1.00,1.50
2016.04.22 16:57:57.570,1.86838,1.86872,1.10,1.00
2016.04.22 16:57:57.621,1.86835,1.86872,2.25,1.00
2016.04.22 16:57:58.061,1.86832,1.86871,1.00,1.00
2016.04.22 16:57:58.566,1.86833,1.86871,1.00,1.00
2016.04.22 16:57:59.075,1.86832,1.86868,1.00,1.00
2016.04.22 16:57:59.613,1.86828,1.86867,2.25,1.50
2016.04.22 16:58:00.220,1.86829,1.86867,1.10,1.50
2016.04.22 16:58:00.271,1.86833,1.86867,1.00,1.00
2016.04.22 16:58:00.882,1.86835,1.86867,1.00,1.00
2016.04.22 16:58:00.983,1.86835,1.86872,1.00,1.87
2016.04.22 16:58:01.084,1.86837,1.86872,1.00,1.87
2016.04.22 16:58:01.286,1.86834,1.86872,1.00,1.87
2016.04.22 16:58:02.282,1.86833,1.8687,1.00,1.00
2016.04.22 16:58:02.802,1.86835,1.8687,1.00,1.00
2016.04.22 16:58:03.981,1.86834,1.86872,1.00,1.50
2016.04.22 16:58:05.017,1.86835,1.86872,1.00,1.00
2016.04.22 16:58:05.901,1.86836,1.86872,1.00,1.00
2016.04.22 16:58:08.678,1.86837,1.86874,1.00,1.12
2016.04.22 16:58:09.404,1.86838,1.86873,1.00,1.12
2016.04.22 16:58:09.748,1.86838,1.86871,1.00,1.00
2016.04.22 16:58:09.900,1.86836,1.86875,1.50,2.62
2016.04.22 16:58:10.980,1.86836,1.86872,1.00,1.00
2016.04.22 16:58:11.709,1.86837,1.86872,1.00,1.00
2016.04.22 16:58:11.911,1.86837,1.86874,1.50,1.12
2016.04.22 16:58:11.962,1.86837,1.86871,1.00,1.00
2016.04.22 16:58:12.265,1.86838,1.86874,1.00,1.00
2016.04.22 16:58:12.701,1.8684,1.86874,1.00,1.00
2016.04.22 16:58:12.914,1.86841,1.86876,1.00,1.50
2016.04.22 16:58:13.266,1.86841,1.86874,1.00,1.00
2016.04.22 16:58:13.928,1.86841,1.86875,1.00,1.00
2016.04.22 16:58:14.443,1.86841,1.86874,1.00,1.00
2016.04.22 16:58:14.494,1.86841,1.86876,1.00,1.87
2016.04.22 16:58:14.999,1.8684,1.86877,1.00,1.37
2016.04.22 16:58:15.707,1.8684,1.86877,1.00,1.50
2016.04.22 16:58:17.334,1.86842,1.86876,1.00,1.00
2016.04.22 16:58:18.127,1.8684,1.86877,1.00,1.50
2016.04.22 16:58:20.251,1.86841,1.86876,1.00,1.00
2016.04.22 16:58:20.756,1.86842,1.86877,1.00,1.50
2016.04.22 16:58:21.543,1.8684,1.86877,1.00,1.37
2016.04.22 16:58:24.686,1.8684,1.86873,1.00,1.00
2016.04.22 16:58:26.240,1.8684,1.86873,1.00,1.37
2016.04.22 16:58:26.442,1.86836,1.86873,1.57,1.12
2016.04.22 16:58:26.976,1.86836,1.86873,1.00,1.37
2016.04.22 16:58:27.430,1.86835,1.86869,1.00,1.00
2016.04.22 16:58:27.734,1.86831,1.86865,1.00,1.00
2016.04.22 16:58:27.835,1.86828,1.86865,1.50,1.50
2016.04.22 16:58:28.571,1.86831,1.86865,1.00,1.12
2016.04.22 16:58:28.723,1.86833,1.86869,1.00,1.12
2016.04.22 16:58:29.077,1.86831,1.86869,3.00,1.50
2016.04.22 16:58:29.335,1.86828,1.86866,2.32,1.00
2016.04.22 16:58:30.878,1.86826,1.86866,2.32,1.12
2016.04.22 16:58:30.979,1.86828,1.86866,1.00,1.12
2016.04.22 16:58:31.283,1.86836,1.8687,1.00,1.87
2016.04.22 16:58:31.798,1.86835,1.8687,1.00,1.87
2016.04.22 16:58:32.312,1.86836,1.86873,1.00,1.12
2016.04.22 16:58:32.620,1.86838,1.8687,1.00,1.12
2016.04.22 16:58:32.671,1.86836,1.8687,1.57,1.12
2016.04.22 16:58:33.024,1.86836,1.86872,1.00,1.00
2016.04.22 16:58:33.276,1.86836,1.86873,1.00,2.25
2016.04.22 16:58:33.590,1.86835,1.86867,1.00,1.00
2016.04.22 16:58:33.842,1.86831,1.86867,1.50,1.75
2016.04.22 16:58:34.478,1.86834,1.86866,1.00,1.50
2016.04.22 16:58:34.985,1.86832,1.86866,1.00,2.62
2016.04.22 16:58:35.288,1.86834,1.86866,1.00,1.87
2016.04.22 16:58:35.458,1.86832,1.86866,1.00,1.87
2016.04.22 16:58:35.762,1.86834,1.86866,1.00,1.87
2016.04.22 16:58:36.603,1.86835,1.86867,1.00,1.87
2016.04.22 16:58:36.965,1.86838,1.86867,1.00,1.12
2016.04.22 16:58:37.016,1.86838,1.86869,1.00,1.37
2016.04.22 16:58:37.167,1.86839,1.86871,1.00,1.37
2016.04.22 16:58:37.269,1.86841,1.86871,1.00,1.00
2016.04.22 16:58:37.557,1.86839,1.86871,1.50,1.00
2016.04.22 16:58:39.919,1.8684,1.86872,1.00,1.00
2016.04.22 16:58:40.424,1.8684,1.86871,1.00,1.00
2016.04.22 16:58:42.024,1.86841,1.86871,1.00,1.00
2016.04.22 16:58:43.225,1.86839,1.86871,1.00,1.12
2016.04.22 16:58:44.005,1.86836,1.86871,1.50,1.12
2016.04.22 16:58:46.771,1.86836,1.86869,1.00,1.00
2016.04.22 16:58:47.043,1.86835,1.86872,1.00,3.00
2016.04.22 16:58:47.144,1.86839,1.86871,1.00,1.12
2016.04.22 16:58:50.227,1.86837,1.86871,1.00,1.00
2016.04.22 16:58:50.429,1.86839,1.86871,1.00,1.00
2016.04.22 16:58:50.530,1.86836,1.86871,1.00,1.00
2016.04.22 16:58:51.340,1.86838,1.86872,1.00,1.00
2016.04.22 16:58:51.558,1.86835,1.86872,1.57,1.00
2016.04.22 16:58:53.076,1.86836,1.86872,1.00,1.00
2016.04.22 16:58:53.578,1.86838,1.86872,1.00,1.00
2016.04.22 16:58:53.733,1.86836,1.86872,1.57,1.00
2016.04.22 16:58:54.483,1.86837,1.86872,1.00,1.00
2016.04.22 16:58:55.155,1.86836,1.86872,1.57,1.00
2016.04.22 16:58:56.145,1.86837,1.86872,1.00,1.87
2016.04.22 16:58:56.347,1.86839,1.86872,1.00,1.00
2016.04.22 16:58:56.822,1.8684,1.86876,1.00,2.25
2016.04.22 16:58:57.331,1.86841,1.86876,1.00,1.00
2016.04.22 16:58:57.877,1.86842,1.86874,1.00,1.00
2016.04.22 16:58:58.768,1.86842,1.86869,1.00,1.00
2016.04.22 16:58:58.870,1.86838,1.86869,1.10,1.12
2016.04.22 16:58:58.921,1.86836,1.86864,1.00,1.00
2016.04.22 16:58:58.972,1.86833,1.86863,1.00,1.00
2016.04.22 16:58:59.023,1.86833,1.86859,1.00,1.00
2016.04.22 16:58:59.073,1.86828,1.86859,1.00,1.00
2016.04.22 16:58:59.275,1.86826,1.86859,1.00,1.00
2016.04.22 16:58:59.816,1.86825,1.86859,1.00,1.00
2016.04.22 16:59:00.556,1.86827,1.86859,1.00,1.00
2016.04.22 16:59:01.158,1.86826,1.86859,1.00,1.00
2016.04.22 16:59:01.259,1.86823,1.86858,1.00,1.00
2016.04.22 16:59:02.965,1.86823,1.86861,1.00,1.50
2016.04.22 16:59:03.467,1.86823,1.86861,1.00,1.00
2016.04.22 16:59:06.071,1.86822,1.86861,1.50,1.00
2016.04.22 16:59:06.214,1.86822,1.86858,2.32,1.00
2016.04.22 16:59:06.528,1.86824,1.86858,1.00,1.00
2016.04.22 16:59:07.181,1.86823,1.86858,1.00,1.00
2016.04.22 16:59:08.901,1.86824,1.86858,1.00,1.00
2016.04.22 16:59:09.369,1.86827,1.86859,1.00,1.00
2016.04.22 16:59:09.470,1.86827,1.86863,1.00,1.50
2016.04.22 16:59:09.571,1.86827,1.86858,1.00,1.00
2016.04.22 16:59:09.825,1.86824,1.86859,1.00,1.00
2016.04.22 16:59:10.370,1.86822,1.86859,1.00,1.00
2016.04.22 16:59:10.945,1.86822,1.86858,1.00,1.00
2016.04.22 16:59:11.759,1.86822,1.86859,1.00,1.00
2016.04.22 16:59:15.308,1.86822,1.8686,1.37,1.00
2016.04.22 16:59:15.410,1.86824,1.86862,1.00,1.00
2016.04.22 16:59:15.713,1.86822,1.86862,1.50,1.00
2016.04.22 16:59:15.991,1.86822,1.86853,1.00,1.00
2016.04.22 16:59:16.042,1.86819,1.86853,1.12,1.84
2016.04.22 16:59:16.092,1.86815,1.86847,1.00,1.34
2016.04.22 16:59:16.143,1.86811,1.86847,3.37,1.34
2016.04.22 16:59:16.194,1.86808,1.86841,1.00,1.00
2016.04.22 16:59:16.245,1.86806,1.86841,1.00,1.00
2016.04.22 16:59:16.498,1.86808,1.86839,1.00,1.37
2016.04.22 16:59:16.599,1.86805,1.86837,1.00,1.00
2016.04.22 16:59:16.750,1.86802,1.86837,1.00,1.00
2016.04.22 16:59:16.801,1.86802,1.86839,1.00,1.50
2016.04.22 16:59:17.916,1.86802,1.86838,1.00,1.00
2016.04.22 16:59:18.269,1.86798,1.86835,1.37,1.00
2016.04.22 16:59:18.596,1.86805,1.86841,1.00,1.00
2016.04.22 16:59:18.646,1.86805,1.86844,1.50,1.50
2016.04.22 16:59:18.697,1.86807,1.86844,1.00,1.00
2016.04.22 16:59:19.000,1.86809,1.86846,1.50,1.00
2016.04.22 16:59:19.820,1.8681,1.86846,1.00,1.00
2016.04.22 16:59:20.073,1.86812,1.86849,1.00,1.50
2016.04.22 16:59:20.678,1.86812,1.86848,1.00,1.00
2016.04.22 16:59:21.199,1.86816,1.86848,1.00,1.00
2016.04.22 16:59:21.780,1.86816,1.86852,1.00,1.00
2016.04.22 16:59:21.931,1.86816,1.8685,1.00,1.00
2016.04.22 16:59:22.641,1.86816,1.86848,1.00,1.00
2016.04.22 16:59:22.824,1.86811,1.86848,1.37,1.00
2016.04.22 16:59:22.925,1.8681,1.86848,1.00,1.00
2016.04.22 16:59:25.490,1.8681,1.86844,1.50,1.00
2016.04.22 16:59:25.839,1.8681,1.86848,1.50,1.00
2016.04.22 16:59:26.349,1.8681,1.86849,1.50,1.87
2016.04.22 16:59:26.891,1.8681,1.86848,1.00,1.00
2016.04.22 16:59:27.154,1.8681,1.86844,1.00,1.00
2016.04.22 16:59:27.801,1.8681,1.86843,1.00,1.00
2016.04.22 16:59:28.719,1.8681,1.86849,1.50,1.87
2016.04.22 16:59:32.157,1.86811,1.86849,1.10,1.12
2016.04.22 16:59:32.675,1.8681,1.86848,2.32,1.00
2016.04.22 16:59:32.777,1.86812,1.86848,1.00,1.00
2016.04.22 16:59:33.304,1.86812,1.86849,1.00,1.12
2016.04.22 16:59:33.810,1.86812,1.86848,1.00,1.00
2016.04.22 16:59:34.312,1.86811,1.86848,1.57,1.00
2016.04.22 16:59:36.417,1.86816,1.86848,1.57,1.00
2016.04.22 16:59:36.921,1.86817,1.8685,1.00,1.50
2016.04.22 16:59:37.418,1.86822,1.86853,1.00,2.25
2016.04.22 16:59:37.620,1.86825,1.86856,1.00,1.00
2016.04.22 16:59:37.721,1.86835,1.86854,1.00,1.00
2016.04.22 16:59:37.822,1.86825,1.86855,1.00,1.12
2016.04.22 16:59:38.044,1.86832,1.86859,1.00,1.87
2016.04.22 16:59:38.095,1.8683,1.86859,1.00,1.50
2016.04.22 16:59:38.608,1.86829,1.86859,1.57,1.50
2016.04.22 16:59:39.924,1.86832,1.86859,1.00,1.00
2016.04.22 16:59:40.226,1.86834,1.86861,1.00,1.75
2016.04.22 16:59:40.328,1.86832,1.86861,1.57,1.75
2016.04.22 16:59:40.509,1.86834,1.86861,1.00,1.12
2016.04.22 16:59:41.025,1.86834,1.86859,1.00,1.00
2016.04.22 16:59:41.402,1.86834,1.86861,1.00,1.00
2016.04.22 16:59:42.929,1.86833,1.86861,1.57,1.00
2016.04.22 16:59:43.132,1.86836,1.86863,1.00,1.00
2016.04.22 16:59:43.435,1.86833,1.86862,1.00,1.50
2016.04.22 16:59:43.536,1.86831,1.86862,1.00,1.50
2016.04.22 16:59:44.071,1.86831,1.86861,1.00,1.00
2016.04.22 16:59:44.441,1.86835,1.86862,1.00,1.00
2016.04.22 16:59:44.542,1.86835,1.86866,1.00,1.00
2016.04.22 16:59:44.946,1.86834,1.86868,1.00,1.00
2016.04.22 16:59:45.367,1.86836,1.86868,1.00,1.50
2016.04.22 16:59:45.880,1.86835,1.86866,1.00,1.00
2016.04.22 16:59:46.183,1.86835,1.86863,1.00,1.00
2016.04.22 16:59:46.724,1.86836,1.86864,1.00,1.50
2016.04.22 16:59:47.645,1.86839,1.86864,1.00,1.50
2016.04.22 16:59:47.848,1.86841,1.86868,1.00,1.12
2016.04.22 16:59:48.124,1.86839,1.86869,1.00,1.37
2016.04.22 16:59:48.450,1.86841,1.86868,1.00,1.12
2016.04.22 16:59:48.756,1.86845,1.86868,1.00,1.12
2016.04.22 16:59:48.959,1.8684,1.86873,1.50,1.37
2016.04.22 16:59:49.138,1.86844,1.86865,1.10,1.12
2016.04.22 16:59:49.290,1.86852,1.86875,1.00,1.00
2016.04.22 16:59:49.351,1.86852,1.86877,1.00,1.00
2016.04.22 16:59:49.855,1.86852,1.86876,1.00,1.00
2016.04.22 16:59:50.014,1.8685,1.86876,1.00,1.00
2016.04.22 16:59:50.669,1.8685,1.86875,1.00,1.00
2016.04.22 16:59:52.021,1.86845,1.86868,1.00,1.12
2016.04.22 16:59:52.122,1.86836,1.86868,1.37,1.00
2016.04.22 16:59:52.224,1.86843,1.86868,1.00,1.37
2016.04.22 16:59:52.376,1.86847,1.86876,1.00,1.75
2016.04.22 16:59:52.427,1.86847,1.86876,1.00,1.37
2016.04.22 16:59:52.949,1.86846,1.86876,1.57,1.00
2016.04.22 16:59:53.560,1.86848,1.86875,1.00,1.00
2016.04.22 16:59:53.762,1.86846,1.86876,1.00,1.00
2016.04.22 16:59:54.065,1.86848,1.86875,1.00,1.00
2016.04.22 16:59:54.854,1.86849,1.86875,1.00,1.00
2016.04.22 16:59:55.262,1.86846,1.86876,1.00,1.00
2016.04.22 16:59:55.588,1.86848,1.86876,1.00,1.00
2016.04.22 16:59:57.662,1.86845,1.86876,1.00,1.87
2016.04.22 16:59:58.067,1.86847,1.86875,1.00,1.50
2016.04.22 16:59:58.648,1.86848,1.86875,1.00,1.50
2016.04.22 16:59:59.190,1.86847,1.86875,1.00,1.50
2016.04.22 16:59:59.291,1.86847,1.86876,1.00,1.00
2016.04.22 16:59:59.443,1.86851,1.86875,1.00,1.00
2016.04.22 16:59:59.725,1.86852,1.86881,1.00,1.00
2016.04.22 16:59:59.776,1.86855,1.86881,1.00,1.00
