2014.04.22 16:00:00.746,1.79728,1.79745,1.00,1.00
2014.04.22 16:00:01.413,1.79727,1.79745,1.00,1.00
2014.04.22 16:00:05.602,1.79728,1.79745,1.00,1.00
2014.04.22 16:00:05.754,1.79729,1.79747,1.13,1.25
2014.04.22 16:00:06.376,1.79731,1.7975,1.00,1.00
2014.04.22 16:00:07.618,1.7973,1.79748,1.00,1.00
2014.04.22 16:00:07.924,1.7973,1.79742,1.00,1.00
2014.04.22 16:00:08.178,1.79726,1.79742,1.00,1.50
2014.04.22 16:00:08.495,1.79724,1.79742,1.50,1.50
2014.04.22 16:00:09.454,1.79722,1.7974,2.33,1.00
2014.04.22 16:00:09.957,1.79723,1.7974,1.00,1.00
2014.04.22 16:00:10.593,1.79723,1.79742,1.50,1.50
2014.04.22 16:00:12.103,1.79724,1.79742,1.10,1.00
2014.04.22 16:00:12.860,1.79724,1.79737,1.58,1.00
2014.04.22 16:00:13.114,1.79721,1.79737,1.50,1.19
2014.04.22 16:00:13.422,1.79722,1.79741,1.00,1.08
2014.04.22 16:00:13.482,1.79724,1.79741,1.10,1.00
2014.04.22 16:00:14.020,1.79723,1.79741,1.10,1.00
2014.04.22 16:00:14.184,1.79723,1.79739,1.10,1.00
2014.04.22 16:00:14.648,1.79721,1.79739,1.00,1.00
2014.04.22 16:00:15.166,1.7972,1.79739,1.58,1.00
2014.04.22 16:00:15.217,1.79718,1.79737,1.58,1.00
2014.04.22 16:00:18.177,1.79717,1.79735,1.10,1.00
2014.04.22 16:00:19.396,1.7972,1.79735,1.00,1.00
2014.04.22 16:00:21.149,1.79717,1.79735,1.10,1.00
2014.04.22 16:00:21.442,1.79724,1.79735,1.00,1.00
2014.04.22 16:00:23.094,1.79717,1.79735,1.02,1.00
2014.04.22 16:00:25.454,1.79716,1.79735,1.25,1.25
2014.04.22 16:00:25.995,1.79717,1.79734,1.10,1.00
2014.04.22 16:00:28.326,1.79715,1.79732,1.77,1.00
2014.04.22 16:00:28.630,1.79715,1.79727,1.19,1.00
2014.04.22 16:00:28.732,1.79715,1.79727,1.00,1.00
2014.04.22 16:00:28.833,1.79715,1.79727,1.00,1.19
2014.04.22 16:00:28.884,1.79711,1.79727,1.00,1.19
2014.04.22 16:00:29.067,1.7971,1.79727,1.50,1.00
2014.04.22 16:00:29.338,1.7971,1.79729,3.27,1.00
2014.04.22 16:00:29.658,1.79712,1.79729,1.00,1.00
2014.04.22 16:00:30.960,1.7971,1.79729,1.00,1.19
2014.04.22 16:00:31.263,1.79705,1.79723,1.77,1.00
2014.04.22 16:00:32.064,1.79705,1.79722,1.29,1.00
2014.04.22 16:00:32.662,1.79704,1.79722,3.27,1.00
2014.04.22 16:00:33.129,1.79708,1.79722,1.10,1.00
2014.04.22 16:00:33.834,1.79708,1.79717,1.10,1.00
2014.04.22 16:00:33.885,1.79704,1.79717,1.69,1.00
2014.04.22 16:00:34.138,1.79707,1.79717,1.10,1.00
2014.04.22 16:00:34.188,1.79707,1.79723,1.10,1.38
2014.04.22 16:00:34.240,1.79707,1.79723,1.10,1.00
2014.04.22 16:00:34.769,1.79706,1.79722,1.10,1.50
2014.04.22 16:00:39.108,1.79706,1.79717,1.58,1.00
2014.04.22 16:00:39.311,1.79704,1.79717,1.00,1.00
2014.04.22 16:00:39.412,1.79707,1.79722,1.10,1.57
2014.04.22 16:00:39.513,1.79707,1.79724,1.10,1.10
2014.04.22 16:00:39.665,1.79706,1.79722,1.58,1.00
2014.04.22 16:00:41.110,1.79706,1.79724,1.58,1.00
2014.04.22 16:00:41.161,1.79708,1.79724,1.48,1.00
2014.04.22 16:00:41.285,1.79715,1.79731,1.10,1.38
2014.04.22 16:00:41.336,1.79715,1.79731,1.10,1.00
2014.04.22 16:00:41.438,1.79715,1.79733,1.58,1.10
2014.04.22 16:00:41.741,1.79718,1.79737,1.38,1.50
2014.04.22 16:00:42.045,1.79724,1.79737,1.10,1.50
2014.04.22 16:00:42.398,1.79724,1.79741,1.10,1.00
2014.04.22 16:00:42.900,1.79723,1.79741,1.00,1.00
2014.04.22 16:00:43.903,1.79725,1.79744,1.00,1.37
2014.04.22 16:00:44.434,1.79725,1.79742,1.00,1.00
2014.04.22 16:00:44.561,1.79723,1.79741,1.00,1.00
2014.04.22 16:00:45.356,1.79722,1.79739,1.10,1.00
2014.04.22 16:00:45.457,1.79723,1.79742,1.00,1.25
2014.04.22 16:00:48.322,1.79724,1.79742,1.00,1.00
2014.04.22 16:00:49.970,1.79724,1.79743,1.00,1.29
2014.04.22 16:00:52.345,1.79722,1.79741,1.25,1.25
2014.04.22 16:00:52.603,1.79722,1.79737,1.25,1.00
2014.04.22 16:00:54.013,1.79722,1.79737,1.19,1.00
2014.04.22 16:00:55.053,1.79721,1.7974,2.14,1.00
2014.04.22 16:00:55.335,1.79721,1.79737,1.32,1.00
2014.04.22 16:00:55.437,1.79721,1.79737,1.00,1.00
2014.04.22 16:00:55.589,1.79718,1.79736,1.47,1.00
2014.04.22 16:00:55.918,1.79722,1.79736,1.10,1.00
2014.04.22 16:00:56.022,1.79722,1.79739,1.10,1.00
2014.04.22 16:00:56.613,1.79722,1.79741,1.58,1.00
2014.04.22 16:00:57.149,1.79722,1.79741,1.19,1.00
2014.04.22 16:00:57.422,1.79726,1.79741,1.10,1.00
2014.04.22 16:00:57.575,1.79724,1.79742,1.58,1.00
2014.04.22 16:00:57.878,1.79724,1.79742,1.58,1.38
2014.04.22 16:00:58.030,1.79724,1.79742,1.58,1.00
2014.04.22 16:00:58.566,1.79723,1.79741,1.25,1.00
2014.04.22 16:00:58.667,1.79726,1.79741,1.10,1.00
2014.04.22 16:00:58.769,1.79724,1.79741,1.10,1.00
2014.04.22 16:00:59.198,1.79731,1.79741,1.10,1.00
2014.04.22 16:00:59.299,1.79725,1.79741,1.10,1.00
2014.04.22 16:00:59.952,1.79723,1.79741,1.28,1.00
2014.04.22 16:01:00.548,1.79723,1.79742,1.73,1.50
2014.04.22 16:01:04.510,1.79726,1.79742,1.02,1.00
2014.04.22 16:01:05.079,1.79726,1.79743,1.10,1.00
2014.04.22 16:01:05.894,1.79724,1.79742,1.00,1.00
2014.04.22 16:01:06.147,1.79722,1.7974,1.10,1.00
2014.04.22 16:01:06.660,1.79721,1.7974,1.00,1.00
2014.04.22 16:01:07.143,1.79723,1.79741,1.00,1.00
2014.04.22 16:01:09.266,1.79721,1.7974,1.77,1.00
2014.04.22 16:01:09.806,1.79723,1.7974,1.10,1.00
2014.04.22 16:01:11.284,1.79722,1.7974,1.10,1.00
2014.04.22 16:01:11.801,1.79723,1.7974,1.10,1.00
2014.04.22 16:01:14.265,1.79722,1.7974,1.02,1.00
2014.04.22 16:01:15.674,1.79722,1.79737,1.10,1.00
2014.04.22 16:01:15.825,1.79718,1.79735,1.02,1.00
2014.04.22 16:01:16.149,1.79722,1.79735,1.10,1.00
2014.04.22 16:01:16.653,1.79723,1.79735,1.10,1.00
2014.04.22 16:01:17.202,1.79722,1.79735,1.10,1.00
2014.04.22 16:01:18.161,1.79723,1.79735,1.10,1.00
2014.04.22 16:01:19.066,1.79723,1.79737,1.10,1.00
2014.04.22 16:01:19.773,1.79722,1.79737,1.10,1.00
2014.04.22 16:01:20.302,1.79723,1.79737,1.10,1.00
2014.04.22 16:01:20.403,1.79723,1.79741,1.10,1.00
2014.04.22 16:01:20.700,1.79725,1.79741,1.10,1.00
2014.04.22 16:01:21.426,1.79723,1.79741,1.10,1.00
2014.04.22 16:01:22.344,1.79722,1.79741,1.00,1.19
2014.04.22 16:01:22.496,1.79722,1.79737,1.10,1.00
2014.04.22 16:01:25.651,1.79722,1.7974,1.58,1.13
2014.04.22 16:01:28.462,1.79722,1.7974,1.58,1.19
2014.04.22 16:01:29.472,1.79722,1.7974,1.00,1.19
2014.04.22 16:01:35.518,1.79722,1.7974,1.00,1.19
2014.04.22 16:01:40.522,1.79722,1.7974,1.00,1.32
2014.04.22 16:01:41.908,1.79723,1.7974,1.10,1.19
2014.04.22 16:01:42.111,1.79724,1.79743,1.00,1.25
2014.04.22 16:01:42.213,1.79726,1.79744,1.00,1.19
2014.04.22 16:01:42.592,1.79724,1.79741,1.10,1.00
2014.04.22 16:01:43.161,1.79725,1.79744,1.00,1.19
2014.04.22 16:01:44.467,1.79725,1.79744,1.58,1.25
2014.04.22 16:01:45.474,1.79725,1.79744,1.58,1.19
2014.04.22 16:01:46.027,1.79725,1.79744,1.25,1.00
2014.04.22 16:01:46.133,1.79727,1.79746,1.00,1.13
2014.04.22 16:01:46.436,1.79725,1.79744,1.92,1.00
2014.04.22 16:01:47.043,1.79728,1.79746,1.00,1.13
2014.04.22 16:01:48.330,1.79726,1.79745,1.10,1.00
2014.04.22 16:01:50.020,1.79725,1.79743,1.73,1.00
2014.04.22 16:01:53.692,1.79728,1.79743,1.10,1.00
2014.04.22 16:01:55.641,1.79729,1.79743,1.10,1.25
2014.04.22 16:02:06.420,1.79728,1.79743,1.10,1.00
2014.04.22 16:02:06.673,1.79725,1.79743,1.10,1.25
2014.04.22 16:02:06.909,1.79727,1.79743,1.10,1.25
2014.04.22 16:02:07.643,1.79725,1.79743,1.65,1.25
2014.04.22 16:02:08.007,1.7973,1.79743,1.20,1.25
2014.04.22 16:02:08.158,1.79732,1.79751,1.63,1.00
2014.04.22 16:02:08.209,1.79741,1.79751,1.10,1.00
2014.04.22 16:02:08.260,1.79741,1.79754,1.10,1.00
2014.04.22 16:02:08.361,1.79744,1.79754,1.00,1.00
2014.04.22 16:02:08.462,1.79744,1.79762,1.58,1.00
2014.04.22 16:02:09.381,1.79743,1.79762,1.00,1.50
2014.04.22 16:02:15.721,1.79745,1.79762,1.00,1.25
2014.04.22 16:02:15.873,1.79743,1.79762,1.00,1.69
2014.04.22 16:02:15.924,1.79743,1.79762,1.00,1.69
2014.04.22 16:02:16.716,1.79741,1.79758,1.10,1.00
2014.04.22 16:02:18.541,1.7974,1.79758,1.58,1.00
2014.04.22 16:02:20.662,1.7974,1.79758,1.58,1.19
2014.04.22 16:02:22.400,1.79738,1.79756,1.58,1.25
2014.04.22 16:02:28.012,1.79739,1.79756,1.10,1.25
2014.04.22 16:02:28.622,1.79738,1.79756,1.00,1.25
2014.04.22 16:02:32.122,1.79738,1.79756,1.58,1.19
2014.04.22 16:02:33.181,1.79738,1.79756,1.58,1.19
2014.04.22 16:02:34.204,1.79736,1.79754,1.77,1.00
2014.04.22 16:02:42.171,1.79739,1.79754,1.10,1.00
2014.04.22 16:02:42.372,1.79739,1.79757,1.58,1.18
2014.04.22 16:02:43.330,1.79741,1.79759,1.00,1.15
2014.04.22 16:02:44.477,1.79742,1.79759,1.10,1.15
2014.04.22 16:02:44.629,1.79742,1.79759,1.48,1.00
2014.04.22 16:02:44.680,1.79745,1.79764,1.19,1.08
2014.04.22 16:02:45.106,1.7975,1.79767,1.00,2.89
2014.04.22 16:02:45.798,1.79743,1.79761,1.00,1.00
2014.04.22 16:02:48.274,1.79743,1.79761,1.00,1.19
2014.04.22 16:02:49.028,1.79743,1.79761,1.00,1.25
2014.04.22 16:02:49.920,1.79743,1.79761,1.00,1.19
2014.04.22 16:02:51.916,1.79743,1.79761,1.00,1.19
2014.04.22 16:02:52.920,1.79743,1.79761,1.00,1.19
2014.04.22 16:02:53.924,1.79743,1.79761,1.00,1.19
2014.04.22 16:02:55.869,1.79743,1.79761,1.00,1.00
2014.04.22 16:02:56.199,1.79741,1.79759,1.25,1.00
2014.04.22 16:02:59.401,1.79739,1.79757,1.19,1.00
2014.04.22 16:02:59.987,1.79739,1.79757,1.25,1.00
2014.04.22 16:03:00.295,1.79741,1.79759,1.00,1.00
2014.04.22 16:03:08.816,1.79741,1.79759,1.00,1.19
2014.04.22 16:03:09.176,1.79741,1.79759,1.29,1.00
2014.04.22 16:03:10.023,1.79741,1.79759,1.10,1.00
2014.04.22 16:03:13.036,1.79741,1.79759,1.00,1.19
2014.04.22 16:03:14.041,1.79741,1.79759,1.25,1.00
2014.04.22 16:03:16.050,1.79741,1.79759,1.00,1.19
2014.04.22 16:03:19.460,1.79739,1.79758,1.19,1.25
2014.04.22 16:03:19.987,1.79739,1.79758,1.25,1.00
2014.04.22 16:03:20.992,1.79739,1.79758,1.19,1.00
2014.04.22 16:03:23.001,1.79739,1.79758,1.00,1.25
2014.04.22 16:03:26.013,1.79739,1.79758,1.25,1.19
2014.04.22 16:03:31.870,1.79739,1.79755,1.25,1.10
2014.04.22 16:03:33.112,1.79736,1.79755,1.19,1.25
2014.04.22 16:03:33.680,1.79736,1.79755,1.19,1.58
2014.04.22 16:03:34.337,1.79736,1.79755,1.19,1.77
2014.04.22 16:03:34.659,1.79736,1.79753,1.19,1.10
2014.04.22 16:03:34.962,1.79735,1.79751,1.00,1.10
2014.04.22 16:03:35.480,1.79735,1.79752,1.00,1.02
2014.04.22 16:03:35.957,1.79735,1.79752,1.19,1.10
2014.04.22 16:03:36.648,1.79735,1.79752,1.19,1.10
2014.04.22 16:03:41.682,1.79735,1.79753,1.19,1.10
2014.04.22 16:03:42.176,1.79736,1.79753,1.19,1.10
2014.04.22 16:03:50.899,1.79733,1.79755,1.47,1.00
2014.04.22 16:03:51.499,1.79733,1.79755,1.47,1.00
2014.04.22 16:03:54.190,1.79733,1.79755,1.47,1.00
2014.04.22 16:04:06.217,1.79736,1.79755,1.19,1.00
2014.04.22 16:04:08.227,1.79733,1.79755,1.67,1.00
2014.04.22 16:04:16.998,1.79733,1.79755,1.57,1.25
2014.04.22 16:04:19.576,1.79733,1.79755,1.32,1.59
2014.04.22 16:04:19.728,1.79733,1.79755,1.13,1.84
2014.04.22 16:04:19.779,1.79731,1.79746,1.95,1.00
2014.04.22 16:04:19.880,1.79732,1.79753,1.09,1.58
2014.04.22 16:04:20.860,1.79736,1.79755,1.00,1.10
2014.04.22 16:04:21.702,1.79736,1.79749,1.00,1.10
2014.04.22 16:04:21.954,1.79732,1.79751,1.38,1.58
2014.04.22 16:04:22.479,1.79732,1.79751,1.38,1.58
2014.04.22 16:04:22.732,1.79732,1.79751,1.38,1.00
2014.04.22 16:04:22.833,1.79735,1.79754,1.13,1.00
2014.04.22 16:04:23.550,1.79735,1.79753,1.13,1.10
2014.04.22 16:04:24.211,1.79733,1.79752,1.38,1.00
2014.04.22 16:04:27.640,1.79739,1.79752,1.10,1.00
2014.04.22 16:04:27.761,1.79737,1.79752,1.10,1.00
2014.04.22 16:04:28.503,1.79736,1.79752,1.10,1.00
2014.04.22 16:04:29.975,1.79735,1.79752,1.10,1.00
2014.04.22 16:04:30.609,1.79737,1.79752,1.10,1.00
2014.04.22 16:04:30.760,1.79735,1.79752,1.10,1.00
2014.04.22 16:04:31.598,1.79736,1.79752,1.10,1.00
2014.04.22 16:04:33.028,1.79733,1.79752,1.25,1.00
2014.04.22 16:04:35.705,1.79733,1.79752,1.69,1.00
2014.04.22 16:04:39.628,1.79733,1.79752,1.00,1.19
2014.04.22 16:04:39.785,1.7973,1.79751,1.29,1.19
2014.04.22 16:04:39.936,1.79728,1.79751,1.48,1.19
2014.04.22 16:04:40.244,1.79728,1.79747,1.00,1.19
2014.04.22 16:04:40.919,1.79725,1.79747,1.77,1.19
2014.04.22 16:04:41.272,1.79723,1.79744,1.00,1.19
2014.04.22 16:04:41.858,1.79721,1.79743,1.47,1.19
2014.04.22 16:04:43.181,1.79721,1.79743,1.47,1.19
2014.04.22 16:04:44.135,1.79721,1.79743,1.47,1.19
2014.04.22 16:04:47.141,1.79721,1.79743,1.37,1.19
2014.04.22 16:04:48.147,1.79723,1.79743,1.19,1.25
2014.04.22 16:04:49.151,1.79723,1.79743,1.19,1.00
2014.04.22 16:04:50.158,1.79723,1.79743,1.19,1.25
2014.04.22 16:04:54.169,1.79721,1.79743,1.19,1.00
2014.04.22 16:04:54.418,1.79721,1.79743,1.00,1.19
2014.04.22 16:04:54.999,1.79721,1.79743,1.00,1.00
2014.04.22 16:04:55.977,1.79721,1.79743,1.19,1.00
2014.04.22 16:04:56.981,1.79721,1.79743,1.19,1.00
2014.04.22 16:04:59.797,1.79723,1.79743,1.00,1.00
2014.04.22 16:05:01.906,1.79725,1.79744,1.00,1.00
2014.04.22 16:05:05.004,1.79725,1.79744,1.00,1.19
2014.04.22 16:05:09.022,1.79725,1.79744,1.19,1.25
2014.04.22 16:05:10.026,1.79725,1.79744,1.25,1.19
2014.04.22 16:05:13.061,1.79725,1.79744,1.00,1.00
2014.04.22 16:05:17.096,1.79725,1.79744,1.25,1.19
2014.04.22 16:05:18.070,1.79725,1.79744,1.19,1.25
2014.04.22 16:05:19.077,1.79725,1.79744,1.25,1.19
2014.04.22 16:05:20.067,1.79725,1.79744,1.19,1.25
2014.04.22 16:05:20.875,1.79725,1.79741,1.00,2.03
2014.04.22 16:05:21.026,1.79723,1.79741,1.00,2.40
2014.04.22 16:05:21.077,1.79723,1.79742,1.00,1.65
2014.04.22 16:05:21.279,1.79725,1.79743,1.00,1.53
2014.04.22 16:05:22.077,1.79725,1.79743,1.00,1.53
2014.04.22 16:05:22.128,1.79723,1.79741,1.25,1.25
2014.04.22 16:05:25.108,1.79723,1.79741,1.19,1.00
2014.04.22 16:05:26.899,1.79723,1.79741,1.00,1.19
2014.04.22 16:05:31.218,1.79723,1.79741,1.19,1.00
2014.04.22 16:05:35.258,1.79723,1.79741,1.19,1.00
2014.04.22 16:05:40.404,1.79725,1.79742,1.25,1.09
2014.04.22 16:05:41.036,1.79723,1.79741,1.19,1.00
2014.04.22 16:05:41.192,1.79723,1.79741,1.00,1.00
2014.04.22 16:05:43.970,1.79723,1.79741,1.08,1.00
2014.04.22 16:05:44.392,1.79724,1.79743,1.09,1.00
2014.04.22 16:05:45.155,1.79726,1.79745,1.00,1.25
2014.04.22 16:05:45.620,1.7973,1.79749,1.00,1.19
2014.04.22 16:05:45.772,1.7973,1.79749,1.13,1.25
2014.04.22 16:05:45.923,1.79735,1.79752,1.00,1.00
2014.04.22 16:05:46.254,1.79735,1.79754,1.00,1.00
2014.04.22 16:05:49.439,1.79737,1.79755,1.00,1.25
2014.04.22 16:05:50.109,1.79737,1.79752,1.00,1.00
2014.04.22 16:05:57.161,1.79737,1.79755,1.00,1.25
2014.04.22 16:05:57.413,1.79737,1.79752,1.00,1.00
2014.04.22 16:05:57.695,1.79735,1.79752,1.00,1.00
2014.04.22 16:06:05.066,1.79735,1.79753,1.00,1.00
2014.04.22 16:06:06.828,1.79735,1.79752,1.00,1.00
2014.04.22 16:06:12.987,1.79735,1.79753,1.00,1.00
2014.04.22 16:06:14.570,1.79735,1.79752,1.00,1.00
2014.04.22 16:06:22.587,1.79733,1.79751,1.00,1.00
2014.04.22 16:06:25.323,1.79731,1.79749,1.19,1.00
2014.04.22 16:06:26.141,1.79731,1.79749,1.19,1.00
2014.04.22 16:06:27.144,1.79731,1.79749,1.19,1.00
2014.04.22 16:06:30.156,1.79731,1.79749,1.19,1.00
2014.04.22 16:06:31.299,1.79731,1.79749,1.25,1.00
2014.04.22 16:06:32.171,1.79731,1.79749,1.19,1.00
2014.04.22 16:06:32.692,1.79734,1.79749,1.10,1.00
2014.04.22 16:06:37.137,1.79731,1.79749,1.77,1.00
2014.04.22 16:06:37.923,1.79733,1.79749,1.10,1.00
2014.04.22 16:06:38.928,1.79739,1.79749,1.10,1.00
2014.04.22 16:06:39.132,1.79739,1.79754,1.10,1.00
2014.04.22 16:06:39.446,1.79737,1.79755,1.10,1.00
2014.04.22 16:06:40.877,1.79736,1.79755,1.00,1.00
2014.04.22 16:06:41.555,1.79737,1.79755,1.10,1.00
2014.04.22 16:06:45.698,1.79738,1.79757,1.00,1.47
2014.04.22 16:06:47.007,1.79738,1.79757,1.58,1.47
2014.04.22 16:06:50.101,1.79738,1.79757,1.58,1.18
2014.04.22 16:06:50.658,1.79736,1.79755,1.58,1.00
2014.04.22 16:06:50.709,1.79736,1.79755,1.00,1.19
2014.04.22 16:06:51.437,1.79734,1.79753,1.19,1.25
2014.04.22 16:06:51.745,1.79734,1.79751,1.10,1.19
2014.04.22 16:06:52.129,1.79732,1.79751,1.77,1.19
2014.04.22 16:06:52.667,1.79733,1.79751,1.02,1.25
2014.04.22 16:06:54.124,1.79734,1.79751,1.10,1.25
2014.04.22 16:07:01.131,1.79734,1.79749,1.10,1.00
2014.04.22 16:07:05.213,1.79736,1.79749,1.10,1.00
2014.04.22 16:07:05.407,1.7973,1.79749,2.14,1.00
2014.04.22 16:07:05.931,1.7973,1.79749,1.25,1.00
2014.04.22 16:07:06.394,1.79732,1.79751,1.00,1.00
2014.04.22 16:07:06.844,1.79734,1.79751,1.10,1.00
2014.04.22 16:07:09.353,1.79734,1.79751,1.10,1.19
2014.04.22 16:07:11.698,1.79734,1.79749,1.10,1.00
2014.04.22 16:07:15.398,1.79734,1.79752,1.10,1.19
2014.04.22 16:07:15.910,1.79733,1.79752,1.58,1.19
2014.04.22 16:07:16.569,1.79733,1.79752,1.00,1.19
2014.04.22 16:07:17.304,1.79733,1.79749,1.10,1.00
2014.04.22 16:07:21.246,1.79733,1.79747,1.02,1.00
2014.04.22 16:07:21.913,1.79734,1.79747,1.10,1.00
2014.04.22 16:07:29.198,1.79738,1.79747,1.10,1.00
2014.04.22 16:07:29.777,1.79738,1.79748,1.10,1.00
2014.04.22 16:07:30.378,1.79738,1.79749,1.10,1.00
2014.04.22 16:07:31.398,1.79736,1.79749,1.10,1.00
2014.04.22 16:07:31.734,1.7973,1.79749,1.77,1.00
2014.04.22 16:07:32.419,1.7973,1.79748,1.29,1.00
2014.04.22 16:07:33.130,1.79734,1.79748,1.10,1.00
2014.04.22 16:07:33.460,1.79736,1.79748,1.10,1.00
2014.04.22 16:07:34.486,1.7974,1.79748,1.10,1.00
2014.04.22 16:07:35.118,1.79739,1.79748,1.10,1.00
2014.04.22 16:07:35.876,1.7974,1.79748,1.10,1.00
2014.04.22 16:07:36.463,1.79738,1.79748,1.10,1.00
2014.04.22 16:07:37.041,1.79739,1.79748,1.10,1.00
2014.04.22 16:07:37.966,1.7974,1.79748,1.10,1.00
2014.04.22 16:07:38.641,1.79745,1.79755,1.10,1.19
2014.04.22 16:07:38.742,1.79744,1.79761,1.10,1.72
2014.04.22 16:07:39.008,1.79744,1.79757,1.10,1.00
2014.04.22 16:07:39.285,1.79742,1.79757,1.10,1.00
2014.04.22 16:07:39.759,1.79742,1.79754,1.10,1.00
2014.04.22 16:07:43.695,1.79742,1.79754,1.10,1.19
2014.04.22 16:07:44.711,1.79742,1.79754,1.10,1.25
2014.04.22 16:07:46.441,1.79749,1.79754,1.10,1.00
2014.04.22 16:07:46.593,1.79749,1.79765,1.00,1.74
2014.04.22 16:07:46.644,1.79749,1.79765,1.00,1.74
2014.04.22 16:07:47.147,1.79749,1.79764,1.00,1.39
2014.04.22 16:07:47.587,1.79742,1.79758,1.10,1.00
2014.04.22 16:07:51.287,1.79742,1.79758,1.10,1.19
2014.04.22 16:07:52.147,1.79742,1.79758,1.10,1.19
2014.04.22 16:07:56.997,1.79743,1.79758,1.10,1.19
2014.04.22 16:07:57.306,1.79745,1.79758,1.10,1.19
2014.04.22 16:07:57.464,1.79743,1.79758,1.10,1.19
2014.04.22 16:07:57.666,1.79745,1.79758,1.10,1.19
2014.04.22 16:07:58.426,1.79744,1.79758,1.10,1.19
2014.04.22 16:07:59.484,1.79744,1.79758,1.10,1.19
2014.04.22 16:08:01.222,1.79744,1.79758,1.10,1.00
2014.04.22 16:08:02.198,1.79752,1.79758,1.10,1.00
2014.04.22 16:08:02.299,1.79747,1.79758,1.10,1.00
2014.04.22 16:08:02.400,1.79743,1.79758,1.10,1.00
2014.04.22 16:08:02.451,1.79743,1.79762,1.58,1.13
2014.04.22 16:08:02.502,1.79743,1.79762,1.58,1.32
2014.04.22 16:08:02.846,1.79743,1.79754,1.10,1.00
2014.04.22 16:08:03.142,1.79743,1.79758,1.10,1.00
2014.04.22 16:08:03.407,1.79749,1.79758,1.10,1.00
2014.04.22 16:08:14.201,1.79745,1.79758,1.10,1.00
2014.04.22 16:08:14.849,1.79746,1.79758,1.10,1.10
2014.04.22 16:08:15.372,1.79747,1.79758,1.10,1.10
2014.04.22 16:08:15.917,1.79746,1.79758,1.10,1.10
2014.04.22 16:08:17.825,1.79748,1.79758,1.10,1.00
2014.04.22 16:08:18.134,1.79752,1.79762,1.10,1.00
2014.04.22 16:08:18.437,1.79755,1.7977,1.00,1.72
2014.04.22 16:08:19.049,1.79752,1.79765,1.10,1.25
2014.04.22 16:08:21.231,1.79752,1.79765,1.10,1.19
2014.04.22 16:08:22.845,1.79753,1.79765,1.10,1.19
2014.04.22 16:08:23.388,1.79753,1.79765,1.10,1.19
2014.04.22 16:08:24.260,1.79753,1.79765,1.10,1.25
2014.04.22 16:08:33.057,1.79753,1.79768,1.10,1.00
2014.04.22 16:08:34.238,1.79753,1.79766,1.10,1.25
2014.04.22 16:08:34.577,1.79753,1.79766,1.10,1.15
2014.04.22 16:08:35.000,1.79753,1.79766,1.10,1.25
2014.04.22 16:08:36.919,1.79753,1.79766,1.10,1.19
2014.04.22 16:08:42.168,1.79753,1.79766,1.10,1.00
2014.04.22 16:08:42.426,1.79749,1.79766,1.10,1.00
2014.04.22 16:08:42.679,1.79747,1.79766,1.95,1.19
2014.04.22 16:08:43.883,1.79747,1.79766,1.58,1.19
2014.04.22 16:08:45.619,1.79747,1.79766,1.58,1.19
2014.04.22 16:08:46.623,1.79747,1.79766,1.58,1.19
2014.04.22 16:08:47.629,1.79747,1.79766,1.58,1.19
2014.04.22 16:08:48.396,1.79756,1.79766,1.10,1.19
2014.04.22 16:08:48.447,1.79756,1.79766,1.10,1.00
2014.04.22 16:08:48.548,1.79754,1.79766,1.10,1.00
2014.04.22 16:08:49.997,1.79758,1.79775,1.00,2.22
2014.04.22 16:08:50.098,1.79754,1.7977,1.10,1.69
2014.04.22 16:08:50.426,1.79754,1.79766,1.10,1.00
2014.04.22 16:08:50.829,1.79751,1.79766,1.10,1.00
2014.04.22 16:08:52.104,1.79747,1.79766,1.95,1.00
2014.04.22 16:08:52.256,1.79747,1.79766,1.95,1.19
2014.04.22 16:08:52.889,1.79747,1.79766,1.95,1.19
2014.04.22 16:08:55.748,1.79747,1.79766,1.95,1.19
2014.04.22 16:08:55.899,1.79749,1.79766,1.29,1.00
2014.04.22 16:08:55.950,1.79754,1.79768,1.10,1.25
2014.04.22 16:08:56.203,1.79754,1.79772,1.10,1.38
2014.04.22 16:08:57.027,1.79754,1.79769,1.10,1.00
2014.04.22 16:08:59.008,1.79754,1.79767,1.10,1.00
2014.04.22 16:09:00.347,1.79754,1.79765,1.10,1.00
2014.04.22 16:09:01.889,1.79755,1.79768,1.13,1.00
2014.04.22 16:09:01.940,1.79755,1.79768,1.32,1.00
2014.04.22 16:09:01.991,1.79754,1.79772,1.57,1.00
2014.04.22 16:09:02.092,1.79754,1.79772,1.19,1.00
2014.04.22 16:09:02.193,1.7976,1.79773,1.10,1.00
2014.04.22 16:09:02.244,1.7976,1.79777,1.10,1.10
2014.04.22 16:09:02.647,1.7977,1.79777,1.10,1.00
2014.04.22 16:09:02.967,1.7977,1.7978,1.10,1.00
2014.04.22 16:09:03.232,1.7977,1.79783,1.10,1.00
2014.04.22 16:09:03.846,1.7977,1.7978,1.10,1.00
2014.04.22 16:09:04.173,1.7977,1.79778,1.10,1.00
2014.04.22 16:09:04.854,1.79768,1.79778,1.10,1.00
2014.04.22 16:09:04.956,1.79772,1.7978,1.10,1.00
2014.04.22 16:09:05.158,1.7977,1.7978,1.10,1.00
2014.04.22 16:09:05.410,1.79766,1.7978,1.10,1.00
2014.04.22 16:09:05.713,1.79764,1.7978,1.10,1.00
2014.04.22 16:09:05.937,1.79764,1.79778,1.10,1.00
2014.04.22 16:09:08.052,1.79764,1.79782,1.10,1.77
2014.04.22 16:09:08.153,1.79763,1.79782,1.00,2.85
2014.04.22 16:09:08.254,1.79759,1.79778,1.00,1.00
2014.04.22 16:09:08.406,1.79758,1.79774,1.10,1.00
2014.04.22 16:09:09.347,1.79758,1.79771,1.10,1.00
2014.04.22 16:09:10.337,1.79758,1.79773,1.10,1.00
2014.04.22 16:09:18.728,1.79758,1.79771,1.10,1.00
2014.04.22 16:09:19.151,1.79752,1.79767,1.38,1.00
2014.04.22 16:09:19.202,1.79752,1.79767,1.00,1.00
2014.04.22 16:09:19.253,1.7975,1.79767,1.00,1.25
2014.04.22 16:09:19.505,1.79749,1.79765,1.10,1.00
2014.04.22 16:09:20.225,1.79747,1.79765,1.48,1.00
2014.04.22 16:09:20.749,1.79747,1.79765,1.48,1.19
2014.04.22 16:09:21.269,1.79747,1.79765,1.48,1.19
2014.04.22 16:09:26.287,1.79747,1.79765,1.48,1.19
2014.04.22 16:09:27.334,1.79747,1.79765,1.48,1.19
2014.04.22 16:09:28.297,1.79747,1.79765,1.48,1.19
2014.04.22 16:09:30.333,1.79747,1.79765,1.48,1.19
2014.04.22 16:09:31.323,1.79747,1.79766,1.95,1.19
2014.04.22 16:09:34.407,1.7975,1.79766,1.10,1.19
2014.04.22 16:09:34.610,1.79747,1.79766,2.14,1.00
2014.04.22 16:09:34.661,1.79755,1.79766,1.20,1.00
2014.04.22 16:09:34.914,1.79755,1.79774,1.95,1.19
2014.04.22 16:09:36.067,1.79755,1.79774,1.95,1.19
2014.04.22 16:09:38.078,1.79755,1.79774,1.95,1.19
2014.04.22 16:09:39.083,1.79755,1.79774,1.95,1.19
2014.04.22 16:09:44.055,1.79755,1.79772,1.13,1.19
2014.04.22 16:09:45.101,1.79752,1.7977,1.57,1.00
2014.04.22 16:09:46.594,1.79752,1.7977,1.25,1.25
2014.04.22 16:09:46.645,1.79755,1.7977,1.10,1.00
2014.04.22 16:09:46.948,1.79752,1.7977,1.70,1.00
2014.04.22 16:09:49.796,1.79752,1.7977,1.38,1.25
2014.04.22 16:09:50.099,1.79763,1.79777,1.38,1.50
2014.04.22 16:09:50.999,1.79756,1.79777,1.67,1.13
2014.04.22 16:09:51.455,1.79756,1.79778,1.57,1.25
2014.04.22 16:09:51.506,1.79755,1.79774,2.07,1.00
2014.04.22 16:09:52.029,1.79755,1.79772,1.38,1.00
2014.04.22 16:09:52.913,1.79753,1.79772,1.63,1.00
2014.04.22 16:09:54.035,1.79753,1.79772,1.19,1.00
2014.04.22 16:09:54.934,1.79749,1.79771,1.57,1.00
2014.04.22 16:09:56.326,1.79749,1.79771,1.38,1.25
2014.04.22 16:09:56.528,1.79749,1.79771,1.38,1.25
2014.04.22 16:09:57.064,1.79749,1.79771,1.57,1.25
2014.04.22 16:09:57.115,1.79749,1.79769,1.38,1.27
2014.04.22 16:09:57.418,1.79738,1.79755,1.38,1.00
2014.04.22 16:09:59.959,1.79738,1.79751,1.00,1.00
2014.04.22 16:10:01.246,1.79738,1.79752,1.00,1.00
2014.04.22 16:10:09.655,1.79738,1.79752,1.38,1.00
2014.04.22 16:10:10.193,1.79738,1.79753,1.38,1.25
2014.04.22 16:10:11.354,1.79738,1.79753,1.38,1.19
2014.04.22 16:10:11.915,1.79738,1.79753,1.38,1.00
2014.04.22 16:10:18.112,1.79738,1.79756,1.95,1.00
2014.04.22 16:10:18.653,1.79734,1.79756,1.63,1.19
2014.04.22 16:10:19.836,1.79734,1.79752,1.38,1.00
2014.04.22 16:10:21.752,1.79738,1.79752,1.00,1.25
2014.04.22 16:10:27.554,1.79738,1.79753,1.13,1.00
2014.04.22 16:10:28.464,1.79738,1.79756,1.88,1.19
2014.04.22 16:10:28.705,1.79738,1.79756,1.88,1.19
2014.04.22 16:10:30.869,1.79738,1.79755,1.38,1.25
2014.04.22 16:10:31.441,1.79738,1.79756,1.88,1.19
2014.04.22 16:10:32.761,1.79738,1.79756,2.07,1.25
2014.04.22 16:10:34.760,1.7974,1.79758,1.38,1.25
2014.04.22 16:10:38.750,1.7974,1.79758,1.38,1.19
2014.04.22 16:10:39.755,1.7974,1.79758,1.38,1.19
2014.04.22 16:10:41.763,1.7974,1.79758,1.38,1.19
2014.04.22 16:10:42.767,1.7974,1.79758,1.38,1.19
2014.04.22 16:10:43.771,1.79738,1.79755,1.38,1.19
2014.04.22 16:10:44.775,1.79738,1.79756,1.88,1.19
2014.04.22 16:10:46.412,1.79738,1.79756,1.88,1.00
2014.04.22 16:10:47.079,1.79738,1.79756,3.72,1.00
2014.04.22 16:10:47.130,1.79743,1.79762,1.38,1.00
2014.04.22 16:10:48.041,1.79744,1.79763,1.48,1.00
2014.04.22 16:10:48.605,1.79745,1.79763,1.38,1.00
2014.04.22 16:10:49.658,1.79746,1.79764,1.38,1.00
2014.04.22 16:10:53.061,1.79744,1.79763,1.48,1.00
2014.04.22 16:10:53.162,1.79744,1.79763,1.48,1.00
2014.04.22 16:10:53.618,1.79744,1.79763,1.67,1.00
2014.04.22 16:10:54.330,1.79744,1.79763,1.67,1.00
2014.04.22 16:10:58.837,1.79744,1.79763,1.39,1.19
2014.04.22 16:11:02.512,1.79744,1.79763,1.48,1.00
2014.04.22 16:11:03.714,1.79744,1.79762,1.48,1.10
2014.04.22 16:11:04.118,1.79744,1.79758,1.48,1.10
2014.04.22 16:11:04.421,1.7974,1.79754,1.00,1.25
2014.04.22 16:11:04.472,1.7974,1.79752,1.00,1.10
2014.04.22 16:11:04.775,1.79738,1.79743,1.00,1.00
2014.04.22 16:11:05.279,1.79738,1.79748,1.00,1.00
2014.04.22 16:11:06.739,1.79738,1.79747,1.00,1.00
2014.04.22 16:11:08.459,1.79738,1.79746,1.00,1.00
2014.04.22 16:11:09.123,1.79738,1.79744,1.00,1.10
2014.04.22 16:11:09.274,1.79738,1.79746,1.00,1.58
2014.04.22 16:11:09.557,1.79738,1.79744,1.00,1.00
2014.04.22 16:11:10.575,1.79738,1.79747,1.00,1.00
2014.04.22 16:11:11.678,1.79738,1.79748,1.00,1.00
2014.04.22 16:11:13.847,1.79738,1.79747,1.00,1.00
2014.04.22 16:11:14.753,1.79738,1.79748,1.00,1.00
2014.04.22 16:11:18.833,1.79738,1.79746,1.00,1.00
2014.04.22 16:11:19.498,1.79728,1.79746,1.38,1.00
2014.04.22 16:11:20.048,1.79726,1.79745,1.38,1.00
2014.04.22 16:11:20.598,1.79728,1.79746,1.38,1.00
2014.04.22 16:11:22.778,1.79726,1.79745,1.38,1.00
2014.04.22 16:11:22.879,1.79728,1.79745,1.00,1.00
2014.04.22 16:11:23.173,1.79726,1.79742,1.38,1.10
2014.04.22 16:11:23.492,1.79724,1.79742,1.48,1.00
2014.04.22 16:11:23.593,1.79728,1.79746,1.38,1.00
2014.04.22 16:11:28.325,1.7973,1.79748,1.13,1.10
2014.04.22 16:11:28.642,1.79728,1.79746,1.38,1.00
2014.04.22 16:11:31.158,1.7973,1.79747,1.13,1.10
2014.04.22 16:11:31.687,1.79728,1.79741,1.38,1.10
2014.04.22 16:11:33.432,1.79728,1.79745,1.38,1.02
2014.04.22 16:11:34.105,1.79728,1.79745,1.38,1.29
2014.04.22 16:11:34.610,1.79728,1.79745,1.13,1.29
2014.04.22 16:11:34.868,1.79728,1.79741,1.13,1.10
2014.04.22 16:11:35.020,1.79726,1.79741,1.00,1.29
2014.04.22 16:11:35.071,1.79726,1.79741,1.00,1.29
2014.04.22 16:11:35.172,1.79724,1.79739,1.00,1.29
2014.04.22 16:11:35.223,1.79724,1.79734,1.00,1.10
2014.04.22 16:11:35.330,1.79717,1.79734,1.38,1.10
2014.04.22 16:11:35.483,1.79718,1.79736,1.38,1.00
2014.04.22 16:11:35.888,1.79717,1.79732,1.38,1.10
2014.04.22 16:11:35.939,1.79717,1.79732,1.00,1.10
2014.04.22 16:11:36.040,1.79717,1.79734,1.00,1.10
2014.04.22 16:11:36.192,1.79717,1.79732,1.00,1.10
2014.04.22 16:11:36.750,1.79716,1.79732,1.13,1.10
2014.04.22 16:11:37.615,1.79716,1.79734,1.13,1.77
2014.04.22 16:11:38.215,1.79714,1.79732,1.38,1.00
2014.04.22 16:11:44.316,1.79714,1.79732,1.38,1.19
2014.04.22 16:11:45.144,1.79714,1.79732,1.38,1.00
2014.04.22 16:11:48.199,1.79708,1.79727,1.79,1.00
2014.04.22 16:11:48.300,1.79714,1.79732,1.38,1.00
2014.04.22 16:11:48.456,1.79708,1.79727,1.79,1.00
2014.04.22 16:11:49.198,1.79714,1.79732,1.38,1.00
2014.04.22 16:11:50.766,1.79716,1.79734,1.13,1.10
2014.04.22 16:11:51.498,1.79716,1.79728,1.00,1.10
2014.04.22 16:11:51.549,1.79709,1.79728,1.57,1.58
2014.04.22 16:11:52.129,1.79709,1.79728,1.38,1.65
2014.04.22 16:11:52.545,1.79706,1.79725,1.25,1.10
2014.04.22 16:11:52.647,1.79711,1.79726,1.00,1.17
2014.04.22 16:11:52.749,1.79704,1.79722,1.50,1.10
2014.04.22 16:11:53.521,1.79701,1.7972,1.13,1.00
2014.04.22 16:11:54.132,1.79701,1.7972,1.38,1.00
2014.04.22 16:11:55.356,1.79699,1.79718,1.38,1.00
2014.04.22 16:11:55.802,1.79695,1.79713,2.03,1.00
2014.04.22 16:11:56.276,1.79695,1.79713,2.03,1.00
2014.04.22 16:11:56.675,1.79696,1.79715,1.48,1.00
2014.04.22 16:11:58.816,1.79698,1.79716,1.38,1.00
2014.04.22 16:12:04.417,1.797,1.79718,1.00,1.00
2014.04.22 16:12:05.163,1.79703,1.79721,1.00,1.77
2014.04.22 16:12:05.748,1.79703,1.79721,1.00,1.77
2014.04.22 16:12:06.150,1.79701,1.79719,1.00,1.00
2014.04.22 16:12:06.755,1.79701,1.79719,1.00,1.19
2014.04.22 16:12:08.383,1.79701,1.79719,1.00,1.00
2014.04.22 16:12:08.433,1.79703,1.79719,1.00,1.00
2014.04.22 16:12:10.372,1.79701,1.79719,1.00,1.00
2014.04.22 16:12:10.574,1.79699,1.79717,1.00,1.00
2014.04.22 16:12:17.833,1.79701,1.79719,1.00,1.00
2014.04.22 16:12:19.832,1.79703,1.79719,1.00,1.00
2014.04.22 16:12:20.134,1.79703,1.79721,1.50,1.00
2014.04.22 16:12:34.149,1.79703,1.79721,1.50,1.77
2014.04.22 16:12:38.201,1.79703,1.79721,1.50,1.77
2014.04.22 16:12:39.423,1.79703,1.79711,1.00,1.10
2014.04.22 16:12:39.525,1.79703,1.79715,1.00,1.10
2014.04.22 16:12:40.031,1.79702,1.79715,1.00,1.10
2014.04.22 16:12:41.487,1.79701,1.79715,1.00,1.10
2014.04.22 16:12:46.506,1.79701,1.79715,1.00,1.29
2014.04.22 16:12:47.546,1.79698,1.79715,1.10,1.29
2014.04.22 16:12:47.748,1.797,1.79715,1.00,1.29
2014.04.22 16:12:52.457,1.797,1.79715,1.00,1.02
2014.04.22 16:12:53.463,1.797,1.79715,1.00,1.29
2014.04.22 16:12:55.572,1.797,1.79715,1.00,1.10
2014.04.22 16:13:05.303,1.797,1.79715,1.08,1.10
2014.04.22 16:13:05.455,1.797,1.79718,1.15,1.00
2014.04.22 16:13:05.556,1.797,1.79718,2.14,1.00
2014.04.22 16:13:05.607,1.79704,1.79722,1.28,1.02
2014.04.22 16:13:06.446,1.79707,1.79723,1.00,1.29
2014.04.22 16:13:07.201,1.79707,1.79724,1.00,1.29
2014.04.22 16:13:08.571,1.79707,1.79724,1.00,1.10
2014.04.22 16:13:10.121,1.79708,1.79725,1.00,1.77
2014.04.22 16:13:10.654,1.79708,1.79723,1.00,1.10
2014.04.22 16:13:10.755,1.79704,1.79723,1.18,1.58
2014.04.22 16:13:11.113,1.79708,1.79723,1.00,1.00
2014.04.22 16:13:11.615,1.79708,1.79722,1.18,1.10
2014.04.22 16:13:12.317,1.79708,1.79726,1.18,1.58
2014.04.22 16:13:13.565,1.79708,1.79726,1.00,1.58
2014.04.22 16:13:15.621,1.79707,1.79726,1.00,1.58
2014.04.22 16:13:15.722,1.79707,1.79724,1.00,1.10
2014.04.22 16:13:15.904,1.79702,1.7972,1.13,1.00
2014.04.22 16:13:19.563,1.79702,1.7972,1.28,1.00
2014.04.22 16:13:20.305,1.79703,1.79722,1.15,1.00
2014.04.22 16:13:22.394,1.79701,1.7972,1.78,1.00
2014.04.22 16:13:23.604,1.79703,1.79722,1.53,1.00
2014.04.22 16:13:27.614,1.79701,1.7972,1.72,1.00
2014.04.22 16:13:28.024,1.79703,1.79722,1.72,1.00
2014.04.22 16:13:29.754,1.79703,1.79722,1.72,1.00
2014.04.22 16:13:30.771,1.79703,1.79722,1.72,1.00
2014.04.22 16:13:31.745,1.79703,1.79722,1.72,1.00
2014.04.22 16:13:32.766,1.79703,1.79722,1.72,1.00
2014.04.22 16:13:33.740,1.79703,1.79722,1.72,1.00
2014.04.22 16:13:34.777,1.79703,1.79722,1.72,1.00
2014.04.22 16:13:35.786,1.79703,1.79722,1.72,1.00
2014.04.22 16:13:36.364,1.79704,1.79723,1.47,1.00
2014.04.22 16:13:38.294,1.79704,1.79723,1.47,1.00
2014.04.22 16:13:40.006,1.79707,1.79726,1.18,1.58
2014.04.22 16:13:45.258,1.79708,1.79726,1.29,1.00
2014.04.22 16:13:46.246,1.79708,1.79726,1.02,1.25
2014.04.22 16:13:47.425,1.79708,1.79726,1.29,1.00
2014.04.22 16:13:49.469,1.79708,1.79726,1.29,1.00
2014.04.22 16:13:52.169,1.79708,1.79726,1.29,1.00
2014.04.22 16:13:54.354,1.79713,1.79726,1.00,1.00
2014.04.22 16:13:54.657,1.79716,1.79729,1.39,1.00
2014.04.22 16:13:54.758,1.79721,1.7974,1.20,1.58
2014.04.22 16:13:55.285,1.79722,1.7974,1.00,1.10
2014.04.22 16:13:56.460,1.79722,1.7974,1.15,1.10
2014.04.22 16:13:59.505,1.79722,1.79741,1.34,1.00
2014.04.22 16:14:01.221,1.79722,1.79741,1.34,1.00
2014.04.22 16:14:04.214,1.79725,1.79743,1.29,1.10
2014.04.22 16:14:04.315,1.79722,1.79741,1.34,1.00
2014.04.22 16:14:05.239,1.79722,1.79741,1.47,1.00
2014.04.22 16:14:07.176,1.79723,1.79741,1.02,1.00
2014.04.22 16:14:09.342,1.79722,1.79741,1.28,1.00
2014.04.22 16:14:10.242,1.79722,1.79741,1.55,1.00
2014.04.22 16:14:10.293,1.79725,1.79744,1.13,1.00
2014.04.22 16:14:11.705,1.79725,1.79744,1.08,1.58
2014.04.22 16:14:13.196,1.79726,1.79744,1.08,1.00
2014.04.22 16:14:15.969,1.79728,1.79747,1.15,1.58
2014.04.22 16:14:16.210,1.79725,1.79744,2.25,1.00
2014.04.22 16:14:18.198,1.79729,1.79744,1.50,1.00
2014.04.22 16:14:18.400,1.7973,1.79747,1.02,1.00
2014.04.22 16:14:18.502,1.79731,1.7975,1.34,1.00
2014.04.22 16:14:18.725,1.7973,1.79747,1.39,1.00
2014.04.22 16:14:18.977,1.79731,1.7975,1.39,1.00
2014.04.22 16:14:19.203,1.79729,1.79748,1.34,1.00
2014.04.22 16:14:19.253,1.79729,1.79748,1.08,1.00
2014.04.22 16:14:19.611,1.79726,1.79744,1.74,1.10
2014.04.22 16:14:19.864,1.79723,1.79742,1.00,1.38
2014.04.22 16:14:19.965,1.79719,1.79737,1.10,1.00
2014.04.22 16:14:20.268,1.79714,1.79732,1.20,1.00
2014.04.22 16:14:20.521,1.79716,1.79735,1.15,1.00
2014.04.22 16:14:24.517,1.79716,1.79735,1.00,1.00
2014.04.22 16:14:25.205,1.79711,1.7973,2.22,1.00
2014.04.22 16:14:25.326,1.79718,1.79736,1.00,1.00
2014.04.22 16:14:25.871,1.79718,1.79736,1.18,1.00
2014.04.22 16:14:37.944,1.79718,1.79736,1.10,1.00
2014.04.22 16:14:43.406,1.79718,1.79736,1.32,1.00
2014.04.22 16:14:44.664,1.79718,1.79736,2.82,1.00
2014.04.22 16:14:45.068,1.79718,1.79736,1.19,1.00
2014.04.22 16:14:45.119,1.79715,1.79734,1.84,1.00
2014.04.22 16:14:45.170,1.79715,1.79734,1.00,1.77
2014.04.22 16:14:45.221,1.79715,1.79726,1.00,1.00
2014.04.22 16:14:45.322,1.79715,1.79733,1.00,2.07
2014.04.22 16:14:45.373,1.79713,1.79732,1.00,1.84
2014.04.22 16:14:45.474,1.7971,1.79729,1.00,1.25
2014.04.22 16:14:45.576,1.79707,1.79726,1.32,1.00
2014.04.22 16:14:46.081,1.79707,1.79726,1.00,1.25
2014.04.22 16:14:46.433,1.79707,1.79726,1.00,1.63
2014.04.22 16:14:46.594,1.79704,1.79722,1.00,1.25
2014.04.22 16:14:46.696,1.79696,1.79714,1.74,1.00
2014.04.22 16:14:48.358,1.79696,1.79714,1.55,1.00
2014.04.22 16:14:55.604,1.79698,1.79717,1.00,1.00
2014.04.22 16:14:55.806,1.79705,1.79723,1.00,1.32
2014.04.22 16:14:55.908,1.79701,1.7972,1.00,1.19
2014.04.22 16:14:56.438,1.79701,1.7972,1.00,1.25
2014.04.22 16:15:01.070,1.79699,1.79718,1.25,1.00
2014.04.22 16:15:03.133,1.79703,1.79718,1.00,1.25
2014.04.22 16:15:12.682,1.79699,1.79718,1.00,1.00
2014.04.22 16:15:12.910,1.79703,1.79718,1.00,1.00
2014.04.22 16:15:13.365,1.79699,1.79718,1.13,1.00
2014.04.22 16:15:13.553,1.79703,1.79718,1.00,1.00
2014.04.22 16:15:14.109,1.797,1.79718,1.48,1.00
2014.04.22 16:15:14.160,1.79705,1.79724,1.00,1.00
2014.04.22 16:15:14.311,1.79702,1.79721,1.00,1.00
2014.04.22 16:15:14.821,1.79705,1.79724,1.00,1.00
2014.04.22 16:15:15.803,1.79702,1.79721,1.00,1.00
2014.04.22 16:15:23.310,1.79702,1.79721,1.00,1.19
2014.04.22 16:15:23.519,1.797,1.79719,1.10,1.00
2014.04.22 16:15:28.987,1.797,1.79719,1.38,1.00
2014.04.22 16:15:29.139,1.79704,1.79723,1.00,1.00
2014.04.22 16:15:31.260,1.79704,1.79723,1.39,1.00
2014.04.22 16:15:31.686,1.79708,1.79727,1.00,1.00
2014.04.22 16:15:39.503,1.79717,1.79742,1.00,1.50
2014.04.22 16:15:41.321,1.79707,1.79741,1.19,1.50
2014.04.22 16:15:42.734,1.79702,1.79741,1.19,1.50
2014.04.22 16:15:44.144,1.79702,1.79739,1.19,1.13
2014.04.22 16:15:44.715,1.797,1.79734,1.19,1.25
2014.04.22 16:15:46.341,1.797,1.79734,1.19,1.19
2014.04.22 16:15:46.652,1.79717,1.79751,1.00,2.42
2014.04.22 16:15:47.011,1.79702,1.79742,1.27,3.00
2014.04.22 16:15:47.376,1.79702,1.79735,1.27,1.27
2014.04.22 16:15:47.890,1.79702,1.79735,1.64,2.14
2014.04.22 16:15:48.397,1.79702,1.79734,1.64,1.64
2014.04.22 16:15:49.461,1.79702,1.79734,1.64,1.64
2014.04.22 16:15:50.475,1.79702,1.79734,1.64,1.64
2014.04.22 16:15:51.318,1.79702,1.79734,1.64,1.27
2014.04.22 16:15:51.520,1.79704,1.79735,1.57,1.39
2014.04.22 16:15:51.571,1.79712,1.79731,1.00,1.00
2014.04.22 16:15:52.814,1.79708,1.79727,1.19,1.00
2014.04.22 16:15:53.406,1.79708,1.79727,1.00,1.00
2014.04.22 16:15:53.902,1.79708,1.79727,1.55,1.00
2014.04.22 16:15:54.104,1.79712,1.79731,1.57,1.00
2014.04.22 16:15:54.255,1.79711,1.7973,1.00,1.10
2014.04.22 16:15:54.558,1.79708,1.79727,1.00,1.00
2014.04.22 16:16:02.593,1.7971,1.79729,1.00,1.00
2014.04.22 16:16:03.207,1.79711,1.7973,1.00,1.10
2014.04.22 16:16:15.059,1.79718,1.7973,1.00,1.00
2014.04.22 16:16:15.211,1.7972,1.79739,1.00,2.25
2014.04.22 16:16:15.412,1.7972,1.79732,1.00,1.58
2014.04.22 16:16:15.463,1.79716,1.79732,1.00,1.58
2014.04.22 16:16:15.564,1.79711,1.7973,1.00,1.10
2014.04.22 16:16:15.961,1.79711,1.79727,1.00,1.02
2014.04.22 16:16:16.216,1.79709,1.79728,1.00,1.19
2014.04.22 16:16:16.531,1.79707,1.79726,1.00,1.18
2014.04.22 16:16:17.050,1.79706,1.79725,1.00,1.00
2014.04.22 16:16:17.353,1.79709,1.79728,1.00,1.58
2014.04.22 16:16:17.729,1.79707,1.79725,1.00,1.10
2014.04.22 16:16:24.431,1.79707,1.79726,1.00,1.29
2014.04.22 16:16:25.422,1.79707,1.79726,1.00,1.29
2014.04.22 16:16:27.204,1.79711,1.79726,1.10,1.19
2014.04.22 16:16:27.305,1.79709,1.79726,1.10,1.19
2014.04.22 16:16:27.557,1.7971,1.79729,1.00,1.00
2014.04.22 16:16:27.659,1.79711,1.79727,1.10,1.00
2014.04.22 16:16:27.811,1.79711,1.7973,1.58,1.00
2014.04.22 16:16:30.372,1.79714,1.7973,1.10,1.00
2014.04.22 16:16:30.725,1.79711,1.7973,1.00,1.00
2014.04.22 16:16:31.266,1.79712,1.7973,1.10,1.00
2014.04.22 16:16:32.594,1.79711,1.7973,1.00,1.00
2014.04.22 16:16:33.154,1.79708,1.79727,1.00,1.00
2014.04.22 16:16:43.428,1.79708,1.79727,1.00,1.69
2014.04.22 16:16:43.603,1.79706,1.79725,1.00,1.13
2014.04.22 16:16:44.048,1.79706,1.79725,1.00,1.32
2014.04.22 16:16:46.060,1.79706,1.79725,1.00,1.32
2014.04.22 16:16:49.075,1.79706,1.79725,1.00,1.32
2014.04.22 16:16:50.130,1.79706,1.79725,1.25,1.32
2014.04.22 16:16:53.432,1.79706,1.79725,1.25,1.65
2014.04.22 16:16:54.298,1.79706,1.79725,1.00,1.19
2014.04.22 16:16:55.662,1.79707,1.79725,1.10,1.19
2014.04.22 16:16:55.713,1.79707,1.79725,1.29,1.00
2014.04.22 16:16:56.015,1.79712,1.79729,1.00,1.19
2014.04.22 16:16:56.066,1.79708,1.79727,1.32,1.25
2014.04.22 16:16:56.680,1.79708,1.79727,1.13,1.00
2014.04.22 16:17:01.056,1.79708,1.79727,1.13,1.19
2014.04.22 16:17:01.671,1.79708,1.79727,1.38,1.19
2014.04.22 16:17:01.974,1.79712,1.79727,1.02,1.00
2014.04.22 16:17:02.135,1.79713,1.79729,1.00,1.00
2014.04.22 16:17:02.491,1.79714,1.79729,1.82,1.00
2014.04.22 16:17:02.643,1.79716,1.79734,2.03,1.30
2014.04.22 16:17:02.694,1.79722,1.79734,1.39,1.30
2014.04.22 16:17:02.896,1.79724,1.79743,1.19,1.13
2014.04.22 16:17:03.199,1.79726,1.79743,1.29,1.00
2014.04.22 16:17:03.710,1.79727,1.79743,1.29,1.00
2014.04.22 16:17:07.682,1.7973,1.79743,1.10,1.00
2014.04.22 16:17:07.833,1.79727,1.79746,1.77,1.00
2014.04.22 16:17:08.036,1.79729,1.79748,1.19,1.00
2014.04.22 16:17:08.239,1.79729,1.79748,1.00,1.00
2014.04.22 16:17:09.750,1.79729,1.79748,1.00,1.19
2014.04.22 16:17:11.039,1.79729,1.79748,1.00,1.25
2014.04.22 16:17:11.443,1.79729,1.79748,1.00,1.63
2014.04.22 16:17:11.666,1.79727,1.79745,1.00,1.00
2014.04.22 16:17:13.746,1.79729,1.79748,1.00,1.57
2014.04.22 16:17:15.061,1.79729,1.79748,1.00,1.19
2014.04.22 16:17:15.423,1.79723,1.7974,1.54,1.00
2014.04.22 16:17:15.547,1.79725,1.79744,1.29,1.00
2014.04.22 16:17:15.737,1.79725,1.79744,1.27,1.00
2014.04.22 16:17:16.068,1.79728,1.79744,1.45,1.00
2014.04.22 16:17:16.170,1.79732,1.7975,1.10,1.28
2014.04.22 16:17:16.523,1.79733,1.79751,1.39,1.00
2014.04.22 16:17:20.576,1.79736,1.79755,1.19,1.00
2014.04.22 16:17:21.281,1.79736,1.79755,1.25,1.19
2014.04.22 16:17:21.483,1.79733,1.79752,1.74,1.00
2014.04.22 16:17:22.249,1.79733,1.79752,1.74,1.00
2014.04.22 16:17:23.275,1.79733,1.79752,1.47,1.00
2014.04.22 16:17:24.113,1.79729,1.79747,1.69,1.00
2014.04.22 16:17:24.164,1.79729,1.79747,1.25,1.00
2014.04.22 16:17:25.402,1.79726,1.79745,1.02,1.00
2014.04.22 16:17:26.337,1.79726,1.79745,1.00,1.28
2014.04.22 16:17:26.439,1.79722,1.79741,1.00,1.00
2014.04.22 16:17:29.625,1.79723,1.79741,1.00,1.00
2014.04.22 16:17:31.301,1.79725,1.79743,1.00,1.38
2014.04.22 16:17:31.503,1.79723,1.79741,1.00,1.00
2014.04.22 16:17:31.604,1.79723,1.79739,1.00,1.00
2014.04.22 16:17:31.705,1.79723,1.79741,1.00,1.00
2014.04.22 16:17:34.773,1.79725,1.79743,1.00,1.00
2014.04.22 16:17:55.135,1.79725,1.79743,1.18,1.00
2014.04.22 16:17:59.713,1.79725,1.79743,1.18,1.19
2014.04.22 16:18:03.954,1.79725,1.79743,1.18,1.25
2014.04.22 16:18:09.551,1.79722,1.79741,1.15,1.00
2014.04.22 16:18:09.955,1.79722,1.79741,1.00,1.00
2014.04.22 16:18:13.337,1.79722,1.79741,1.19,1.00
2014.04.22 16:18:14.644,1.79722,1.79741,2.07,1.00
2014.04.22 16:18:14.947,1.79732,1.79743,1.00,1.00
2014.04.22 16:18:15.048,1.79727,1.79743,1.54,1.00
2014.04.22 16:18:15.149,1.79727,1.79746,2.29,1.00
2014.04.22 16:18:15.252,1.79731,1.7975,1.00,1.25
2014.04.22 16:18:15.454,1.79731,1.7975,1.00,1.63
2014.04.22 16:18:15.505,1.79728,1.79747,1.25,1.00
2014.04.22 16:18:15.555,1.79728,1.79747,1.00,1.19
2014.04.22 16:18:15.606,1.79725,1.79744,1.10,1.00
2014.04.22 16:18:18.833,1.79723,1.79741,1.15,1.00
2014.04.22 16:18:23.568,1.79723,1.79741,1.00,1.00
2014.04.22 16:18:39.660,1.79723,1.79741,1.00,1.95
2014.04.22 16:18:39.761,1.7972,1.79739,1.00,2.14
2014.04.22 16:18:39.813,1.7972,1.79739,1.00,2.14
2014.04.22 16:18:39.863,1.79718,1.79736,1.00,1.32
2014.04.22 16:18:39.964,1.79715,1.79731,1.10,1.00
2014.04.22 16:18:40.551,1.79712,1.79731,1.25,1.00
2014.04.22 16:18:52.382,1.7971,1.79729,1.00,1.00
2014.04.22 16:19:00.100,1.79707,1.79726,1.38,1.00
2014.04.22 16:19:07.795,1.79707,1.79726,1.00,1.00
2014.04.22 16:19:09.611,1.79707,1.79726,1.00,1.34
2014.04.22 16:19:10.118,1.79707,1.79726,1.00,1.00
2014.04.22 16:19:15.050,1.79707,1.79724,1.00,1.10
2014.04.22 16:19:15.396,1.79707,1.79726,1.00,1.00
2014.04.22 16:19:15.649,1.79707,1.79726,1.19,1.00
2014.04.22 16:19:16.613,1.79707,1.79726,1.00,1.00
2014.04.22 16:19:19.109,1.7971,1.79729,1.00,1.00
2014.04.22 16:19:21.598,1.79707,1.79726,1.13,1.34
2014.04.22 16:19:22.160,1.79707,1.79723,1.00,1.10
2014.04.22 16:19:22.261,1.79704,1.79723,1.20,1.00
2014.04.22 16:19:24.567,1.79708,1.79727,1.00,1.00
2014.04.22 16:19:25.117,1.79708,1.79727,1.19,1.00
2014.04.22 16:19:25.892,1.79708,1.79727,1.00,1.00
2014.04.22 16:19:27.638,1.79708,1.79727,1.00,1.34
2014.04.22 16:19:28.093,1.79708,1.79727,1.00,1.58
2014.04.22 16:19:28.294,1.79708,1.79727,1.00,1.34
2014.04.22 16:19:29.050,1.79708,1.79726,1.00,1.00
2014.04.22 16:19:29.978,1.79711,1.79729,1.00,1.00
2014.04.22 16:19:34.696,1.79713,1.79732,1.00,1.13
2014.04.22 16:19:38.750,1.79713,1.79732,1.00,1.19
2014.04.22 16:19:42.749,1.79713,1.79732,1.00,1.25
2014.04.22 16:19:48.684,1.79713,1.79732,1.00,1.19
2014.04.22 16:19:49.667,1.79713,1.79732,1.00,1.19
2014.04.22 16:19:51.158,1.79713,1.79732,1.00,1.19
2014.04.22 16:19:52.162,1.79713,1.79732,1.00,1.19
2014.04.22 16:19:54.175,1.79713,1.79732,1.00,1.00
2014.04.22 16:20:01.257,1.79713,1.79732,1.00,1.19
2014.04.22 16:20:01.763,1.79713,1.79732,1.00,1.25
2014.04.22 16:20:04.128,1.79713,1.79731,1.00,1.10
2014.04.22 16:20:04.381,1.79711,1.79729,1.00,1.00
2014.04.22 16:20:04.704,1.79711,1.79725,1.00,1.10
2014.04.22 16:20:04.899,1.79711,1.79729,1.00,1.25
2014.04.22 16:20:05.597,1.79711,1.79729,1.00,1.34
2014.04.22 16:20:06.335,1.79711,1.79727,1.00,1.20
2014.04.22 16:20:06.436,1.79711,1.79729,1.00,1.00
2014.04.22 16:20:11.226,1.79711,1.79725,1.00,1.10
2014.04.22 16:20:11.388,1.79711,1.79729,1.00,1.00
2014.04.22 16:20:40.282,1.79711,1.79729,1.00,1.19
2014.04.22 16:20:41.230,1.79711,1.79729,1.00,1.00
2014.04.22 16:20:45.631,1.79713,1.79732,1.00,1.25
2014.04.22 16:20:47.746,1.79713,1.79732,1.00,1.19
2014.04.22 16:20:48.745,1.79713,1.79732,1.00,1.25
2014.04.22 16:20:49.725,1.79713,1.79732,1.00,1.19
2014.04.22 16:20:51.791,1.79713,1.79732,1.00,1.00
2014.04.22 16:20:54.116,1.79713,1.79732,1.00,1.34
2014.04.22 16:20:54.669,1.79713,1.79732,1.00,1.00
2014.04.22 16:21:00.089,1.79718,1.79732,1.48,1.00
2014.04.22 16:21:00.291,1.79721,1.79736,1.57,1.00
2014.04.22 16:21:00.393,1.79729,1.79744,1.00,1.00
2014.04.22 16:21:00.496,1.79731,1.7975,1.00,1.34
2014.04.22 16:21:00.884,1.79733,1.7975,1.10,1.15
2014.04.22 16:21:00.986,1.79731,1.7975,1.00,1.15
2014.04.22 16:21:01.087,1.79731,1.7975,1.00,1.00
2014.04.22 16:21:05.186,1.79731,1.7975,1.00,1.38
2014.04.22 16:21:05.287,1.79734,1.79753,1.00,1.65
2014.04.22 16:21:05.388,1.79732,1.79751,1.00,1.48
2014.04.22 16:21:05.759,1.79732,1.79751,1.00,1.10
2014.04.22 16:21:13.074,1.79733,1.79751,1.10,1.10
2014.04.22 16:21:13.226,1.79737,1.79755,1.58,1.13
2014.04.22 16:21:13.529,1.79735,1.79754,1.00,1.25
2014.04.22 16:21:13.877,1.79733,1.79752,1.00,1.00
2014.04.22 16:21:16.527,1.7974,1.79759,1.00,1.55
2014.04.22 16:21:17.122,1.7974,1.79759,1.38,1.00
2014.04.22 16:21:17.623,1.7974,1.79759,1.00,1.00
2014.04.22 16:21:18.917,1.7974,1.79758,1.00,1.10
2014.04.22 16:21:19.464,1.7974,1.79756,1.00,1.10
2014.04.22 16:21:20.024,1.7974,1.79756,1.00,1.29
2014.04.22 16:21:21.417,1.7974,1.79754,1.00,1.52
2014.04.22 16:21:21.720,1.79737,1.79754,1.00,2.63
2014.04.22 16:21:21.958,1.79737,1.79755,1.00,2.40
2014.04.22 16:21:22.486,1.79738,1.79755,1.00,2.25
2014.04.22 16:21:22.995,1.79738,1.79755,1.00,2.25
2014.04.22 16:21:24.037,1.79738,1.79755,1.00,2.07
2014.04.22 16:21:25.222,1.79738,1.79754,1.00,1.10
2014.04.22 16:21:25.727,1.79738,1.79756,1.00,1.67
2014.04.22 16:21:27.535,1.79738,1.79756,1.00,1.67
2014.04.22 16:21:28.526,1.79738,1.79756,1.00,1.39
2014.04.22 16:21:29.531,1.79738,1.79756,1.00,1.67
2014.04.22 16:21:32.936,1.79738,1.79753,1.00,1.10
2014.04.22 16:21:34.573,1.79738,1.79754,1.00,1.02
2014.04.22 16:21:40.596,1.79738,1.79754,1.00,1.29
2014.04.22 16:21:42.396,1.79738,1.79747,1.00,1.10
2014.04.22 16:21:42.498,1.79735,1.79746,1.00,1.00
2014.04.22 16:21:42.651,1.79735,1.79746,1.00,2.33
2014.04.22 16:21:42.702,1.79726,1.79745,1.00,1.58
2014.04.22 16:21:42.859,1.79724,1.79743,1.19,1.38
2014.04.22 16:21:43.373,1.79724,1.79742,1.00,1.20
2014.04.22 16:21:44.162,1.79724,1.79738,1.00,1.10
2014.04.22 16:21:44.683,1.79724,1.79742,1.00,1.54
2014.04.22 16:21:45.689,1.79724,1.79741,1.00,1.20
2014.04.22 16:21:47.250,1.79724,1.79741,1.00,1.39
2014.04.22 16:21:48.240,1.79724,1.79741,1.00,1.39
2014.04.22 16:21:50.271,1.79724,1.79742,1.00,2.48
2014.04.22 16:21:52.130,1.79721,1.7974,1.25,1.25
2014.04.22 16:21:54.662,1.79721,1.7974,1.19,1.77
2014.04.22 16:21:56.213,1.79721,1.7974,1.25,1.58
2014.04.22 16:22:00.234,1.79721,1.7974,1.19,1.77
2014.04.22 16:22:01.191,1.79721,1.7974,1.25,1.77
2014.04.22 16:22:03.196,1.79721,1.7974,1.00,1.77
2014.04.22 16:22:06.131,1.79721,1.7974,1.00,2.14
2014.04.22 16:22:10.193,1.79721,1.7974,1.00,2.14
2014.04.22 16:22:14.182,1.79721,1.79736,1.00,1.10
2014.04.22 16:22:14.283,1.79718,1.79736,1.00,1.10
2014.04.22 16:22:14.794,1.79718,1.79737,1.00,1.00
2014.04.22 16:22:16.739,1.79718,1.79737,1.48,1.00
2014.04.22 16:22:16.789,1.79718,1.79737,1.74,1.00
2014.04.22 16:22:16.890,1.79722,1.79741,1.25,1.47
2014.04.22 16:22:17.396,1.79722,1.79741,1.25,1.72
2014.04.22 16:22:18.345,1.79719,1.79738,1.32,1.00
2014.04.22 16:22:18.815,1.79719,1.79738,1.13,1.00
2014.04.22 16:22:22.160,1.79719,1.79738,1.32,1.38
2014.04.22 16:22:28.747,1.79719,1.79738,1.00,2.07
2014.04.22 16:22:30.630,1.79718,1.79737,1.00,1.39
2014.04.22 16:22:31.406,1.79719,1.79737,1.00,1.39
2014.04.22 16:22:33.294,1.79719,1.79738,1.00,1.77
2014.04.22 16:22:33.802,1.79719,1.79738,1.00,1.77
2014.04.22 16:22:34.777,1.79719,1.79738,1.00,1.77
2014.04.22 16:22:34.878,1.79719,1.79731,1.00,1.10
2014.04.22 16:22:34.979,1.79719,1.79736,1.00,1.35
2014.04.22 16:22:35.080,1.79716,1.79735,1.19,1.34
2014.04.22 16:22:35.294,1.79713,1.79732,1.19,1.00
2014.04.22 16:22:35.690,1.79712,1.7973,1.29,1.00
2014.04.22 16:22:35.792,1.79711,1.7973,1.47,1.00
2014.04.22 16:22:36.810,1.79711,1.7973,1.47,1.00
2014.04.22 16:22:37.808,1.79711,1.7973,1.47,1.00
2014.04.22 16:22:39.816,1.79712,1.7973,1.29,1.00
2014.04.22 16:22:40.773,1.79711,1.7973,1.19,1.88
2014.04.22 16:22:40.875,1.79707,1.79726,1.19,1.00
2014.04.22 16:22:40.976,1.79704,1.79723,1.19,1.00
2014.04.22 16:22:41.729,1.79704,1.79723,1.19,1.00
2014.04.22 16:22:42.914,1.79704,1.79721,1.19,1.10
2014.04.22 16:22:43.217,1.79702,1.79719,1.00,1.92
2014.04.22 16:22:43.368,1.79702,1.79719,1.00,1.58
2014.04.22 16:22:43.419,1.79698,1.79717,1.50,1.00
2014.04.22 16:22:43.520,1.79701,1.7972,1.00,1.13
2014.04.22 16:22:44.854,1.79701,1.79719,1.00,1.10
2014.04.22 16:22:45.251,1.79703,1.79719,1.00,1.10
2014.04.22 16:22:45.595,1.79701,1.79719,1.00,1.44
2014.04.22 16:22:45.749,1.79698,1.79717,1.19,1.92
2014.04.22 16:22:45.850,1.79695,1.79714,1.47,1.00
2014.04.22 16:22:46.157,1.79695,1.79714,1.47,1.00
2014.04.22 16:22:46.663,1.79703,1.79714,1.00,1.00
2014.04.22 16:22:46.936,1.79703,1.79717,1.00,1.00
2014.04.22 16:22:47.052,1.79698,1.79717,1.50,1.00
2014.04.22 16:22:47.352,1.797,1.79717,1.00,1.10
2014.04.22 16:22:47.871,1.79703,1.79717,1.00,1.10
2014.04.22 16:22:47.973,1.79703,1.79719,1.00,1.00
2014.04.22 16:22:48.124,1.79703,1.79722,1.00,1.34
2014.04.22 16:22:48.175,1.79703,1.79718,1.00,1.10
2014.04.22 16:22:48.481,1.79701,1.79716,1.00,1.00
2014.04.22 16:22:48.582,1.797,1.79718,1.00,1.02
2014.04.22 16:22:48.784,1.79698,1.79716,1.38,1.00
2014.04.22 16:22:49.344,1.79701,1.7972,1.13,1.25
2014.04.22 16:22:49.473,1.79698,1.79717,2.07,1.00
2014.04.22 16:22:50.221,1.79698,1.79717,2.07,1.00
2014.04.22 16:22:52.565,1.79702,1.79721,1.25,1.77
2014.04.22 16:22:52.739,1.79699,1.79718,1.57,1.00
2014.04.22 16:22:53.710,1.79699,1.79718,1.57,1.00
2014.04.22 16:22:53.963,1.79703,1.7972,1.38,1.25
2014.04.22 16:22:54.467,1.79701,1.79719,1.32,1.10
2014.04.22 16:22:54.518,1.79698,1.79717,2.07,1.00
2014.04.22 16:22:55.032,1.79698,1.79716,1.57,1.00
2014.04.22 16:22:55.541,1.79698,1.79716,1.57,1.00
2014.04.22 16:22:55.885,1.79703,1.79716,1.00,1.00
2014.04.22 16:22:56.087,1.797,1.79719,2.07,1.00
2014.04.22 16:22:56.239,1.797,1.79719,1.69,2.70
2014.04.22 16:22:56.290,1.797,1.79719,1.00,2.89
2014.04.22 16:22:56.594,1.79698,1.79707,1.69,1.84
2014.04.22 16:22:56.746,1.79689,1.79708,1.19,1.92
2014.04.22 16:22:56.847,1.79698,1.79708,1.00,1.34
2014.04.22 16:22:56.999,1.79698,1.79711,1.00,1.25
2014.04.22 16:22:57.150,1.79698,1.79714,1.00,1.10
2014.04.22 16:22:57.201,1.79695,1.79714,1.25,1.10
2014.04.22 16:22:57.252,1.79691,1.7971,1.57,1.00
2014.04.22 16:22:57.403,1.79694,1.79713,1.00,1.00
2014.04.22 16:22:57.605,1.79689,1.79708,1.57,1.00
2014.04.22 16:22:58.020,1.79689,1.79708,1.25,1.00
2014.04.22 16:22:58.173,1.79691,1.79709,1.00,1.20
2014.04.22 16:22:58.274,1.79688,1.79707,1.00,1.00
2014.04.22 16:22:58.618,1.79685,1.79704,1.57,1.00
2014.04.22 16:22:59.689,1.79685,1.79704,1.25,1.10
2014.04.22 16:22:59.740,1.79685,1.79702,1.25,1.10
2014.04.22 16:23:00.173,1.79683,1.79698,2.07,1.10
2014.04.22 16:23:00.224,1.79683,1.79698,2.07,1.10
2014.04.22 16:23:00.275,1.79683,1.797,2.07,1.10
2014.04.22 16:23:00.932,1.79683,1.79694,2.07,1.10
2014.04.22 16:23:01.033,1.79683,1.797,2.07,1.10
2014.04.22 16:23:03.885,1.7968,1.79699,1.00,1.00
2014.04.22 16:23:05.094,1.7968,1.79698,1.13,1.10
2014.04.22 16:23:05.679,1.79681,1.79698,1.00,1.10
2014.04.22 16:23:05.861,1.79681,1.797,1.00,1.58
2014.04.22 16:23:06.417,1.79681,1.797,1.00,1.77
2014.04.22 16:23:06.927,1.79681,1.797,1.00,1.77
2014.04.22 16:23:11.965,1.79681,1.797,1.00,2.14
2014.04.22 16:23:12.970,1.79681,1.797,1.00,2.14
2014.04.22 16:23:13.421,1.79678,1.79697,1.00,1.25
2014.04.22 16:23:16.404,1.79678,1.79697,1.19,1.00
2014.04.22 16:23:17.396,1.79678,1.79697,1.19,1.00
2014.04.22 16:23:19.397,1.79678,1.79697,1.25,1.00
2014.04.22 16:23:20.199,1.79681,1.79697,1.00,1.00
2014.04.22 16:23:20.250,1.79681,1.797,1.69,1.00
2014.04.22 16:23:20.351,1.79682,1.79701,1.19,1.00
2014.04.22 16:23:20.542,1.79682,1.79701,1.25,1.58
2014.04.22 16:23:22.013,1.79682,1.79701,1.19,1.00
2014.04.22 16:23:25.099,1.79682,1.79701,1.57,1.00
2014.04.22 16:23:25.402,1.7969,1.79704,1.38,1.13
2014.04.22 16:23:25.453,1.79685,1.79704,1.72,1.13
2014.04.22 16:23:25.655,1.79686,1.79705,1.00,1.57
2014.04.22 16:23:25.806,1.79686,1.79705,1.00,1.00
2014.04.22 16:23:26.109,1.79686,1.79705,1.00,2.07
2014.04.22 16:23:26.573,1.79686,1.79705,1.19,1.88
2014.04.22 16:23:27.612,1.79686,1.79704,1.19,1.08
2014.04.22 16:23:27.764,1.79683,1.79701,1.19,1.10
2014.04.22 16:23:27.815,1.79683,1.79701,1.00,1.02
2014.04.22 16:23:27.966,1.7968,1.79699,1.19,1.00
2014.04.22 16:23:28.269,1.79678,1.79695,1.69,1.00
2014.04.22 16:23:28.379,1.7968,1.79699,1.19,1.00
2014.04.22 16:23:28.619,1.79678,1.79697,2.44,1.00
2014.04.22 16:23:28.726,1.79678,1.79697,1.69,1.00
2014.04.22 16:23:32.232,1.79678,1.79697,2.44,1.00
2014.04.22 16:23:32.384,1.79683,1.79702,1.00,1.13
2014.04.22 16:23:32.450,1.7968,1.79699,1.19,1.00
2014.04.22 16:23:33.128,1.79678,1.79697,1.19,1.00
2014.04.22 16:23:33.532,1.79678,1.79697,1.25,1.00
2014.04.22 16:23:33.582,1.7968,1.79699,1.00,1.00
2014.04.22 16:23:33.903,1.79677,1.79696,1.19,1.00
2014.04.22 16:23:35.104,1.7968,1.79699,1.00,1.00
2014.04.22 16:23:35.309,1.79677,1.79696,1.19,1.00
2014.04.22 16:23:36.741,1.79677,1.79696,1.25,1.00
2014.04.22 16:23:37.311,1.79678,1.79697,1.50,1.00
2014.04.22 16:23:37.765,1.79678,1.79697,1.69,1.00
2014.04.22 16:23:37.967,1.7968,1.79699,1.25,1.00
2014.04.22 16:23:38.134,1.79683,1.79699,1.00,1.00
2014.04.22 16:23:38.436,1.79683,1.79701,1.37,1.00
2014.04.22 16:23:38.963,1.79683,1.79702,1.19,1.00
2014.04.22 16:23:39.366,1.79683,1.79702,1.25,1.00
2014.04.22 16:23:42.284,1.79681,1.79699,1.32,1.00
2014.04.22 16:23:43.406,1.79681,1.79699,1.19,1.00
2014.04.22 16:23:43.713,1.79676,1.79695,1.57,1.00
2014.04.22 16:23:44.218,1.79677,1.79694,1.00,1.02
2014.04.22 16:23:44.370,1.79673,1.79692,1.00,1.00
2014.04.22 16:23:44.792,1.79675,1.79694,1.00,1.84
2014.04.22 16:23:46.687,1.79673,1.79691,1.00,1.00
2014.04.22 16:23:46.990,1.79676,1.79694,1.38,1.10
2014.04.22 16:23:47.243,1.79679,1.79698,1.00,1.00
2014.04.22 16:23:48.913,1.79679,1.79696,1.00,1.10
2014.04.22 16:23:49.216,1.79677,1.79694,1.00,1.10
2014.04.22 16:23:49.721,1.79677,1.79695,1.00,1.00
2014.04.22 16:23:50.096,1.79674,1.79691,1.00,1.00
2014.04.22 16:23:50.632,1.79674,1.79692,1.00,1.00
2014.04.22 16:23:51.628,1.79671,1.7969,1.25,1.00
2014.04.22 16:23:54.241,1.79674,1.79692,1.00,1.00
2014.04.22 16:23:57.767,1.79677,1.79692,1.00,1.00
2014.04.22 16:23:57.941,1.79677,1.79695,1.00,1.58
2014.04.22 16:23:57.991,1.79673,1.79691,1.00,1.00
2014.04.22 16:23:58.537,1.79673,1.7969,1.00,1.00
2014.04.22 16:23:59.337,1.79677,1.79694,1.00,1.20
2014.04.22 16:23:59.399,1.79673,1.79691,1.25,1.00
2014.04.22 16:24:02.022,1.79673,1.79691,1.19,1.00
2014.04.22 16:24:02.440,1.79673,1.79691,1.69,1.00
2014.04.22 16:24:02.720,1.79677,1.79695,1.19,1.10
2014.04.22 16:24:03.176,1.79677,1.79696,1.19,1.00
2014.04.22 16:24:03.277,1.79681,1.79699,1.25,1.10
2014.04.22 16:24:03.479,1.79678,1.79696,1.19,1.00
2014.04.22 16:24:04.486,1.79678,1.79696,1.57,1.00
2014.04.22 16:24:08.388,1.79678,1.79696,1.57,1.00
2014.04.22 16:24:09.359,1.79678,1.79696,1.57,1.00
2014.04.22 16:24:11.396,1.79678,1.79696,1.57,1.00
2014.04.22 16:24:11.980,1.79678,1.79696,1.38,1.00
2014.04.22 16:24:17.581,1.79681,1.79698,1.00,1.10
2014.04.22 16:24:20.193,1.79678,1.79696,1.57,1.00
2014.04.22 16:24:20.534,1.79678,1.79696,1.57,1.00
2014.04.22 16:24:20.887,1.79682,1.79699,1.02,1.10
2014.04.22 16:24:20.988,1.79684,1.79699,1.00,1.10
2014.04.22 16:24:21.291,1.7968,1.79695,1.39,1.10
2014.04.22 16:24:21.860,1.79683,1.79695,1.00,1.10
2014.04.22 16:24:22.257,1.79679,1.79695,1.57,1.10
2014.04.22 16:24:22.680,1.79679,1.79697,1.57,1.00
2014.04.22 16:24:23.294,1.79679,1.79697,1.57,1.00
2014.04.22 16:24:24.184,1.79679,1.79697,2.07,1.00
2014.04.22 16:24:25.280,1.79679,1.79697,1.57,1.00
2014.04.22 16:24:25.738,1.79681,1.797,1.25,1.58
2014.04.22 16:24:25.946,1.79679,1.79697,1.57,1.00
2014.04.22 16:24:26.306,1.79679,1.79697,1.57,1.00
2014.04.22 16:24:30.204,1.79679,1.79697,1.57,1.58
2014.04.22 16:24:32.442,1.79683,1.797,1.00,1.39
2014.04.22 16:24:32.543,1.79679,1.79697,1.19,1.00
2014.04.22 16:24:32.934,1.79679,1.79697,1.00,1.00
2014.04.22 16:24:35.967,1.79679,1.79697,1.19,1.50
2014.04.22 16:24:36.959,1.79679,1.79697,1.19,1.50
2014.04.22 16:24:40.980,1.79679,1.79697,1.19,1.50
2014.04.22 16:24:41.985,1.79679,1.79697,1.19,1.50
2014.04.22 16:24:42.186,1.79679,1.79697,1.19,1.50
2014.04.22 16:24:42.288,1.79679,1.79697,1.19,1.50
2014.04.22 16:24:43.293,1.79679,1.79697,1.19,1.50
2014.04.22 16:24:44.336,1.79679,1.79697,1.69,1.00
2014.04.22 16:24:44.900,1.79681,1.79697,1.00,1.00
2014.04.22 16:24:45.901,1.79679,1.79697,1.00,1.00
2014.04.22 16:24:47.076,1.79679,1.79697,1.63,1.00
2014.04.22 16:24:47.396,1.79685,1.79702,1.00,1.44
2014.04.22 16:24:47.497,1.7968,1.79698,1.64,1.00
2014.04.22 16:24:50.651,1.79681,1.79698,1.57,1.00
2014.04.22 16:24:56.909,1.7968,1.79698,1.50,1.25
2014.04.22 16:24:57.961,1.79681,1.79698,1.00,1.00
2014.04.22 16:24:58.561,1.79681,1.79698,1.00,1.34
2014.04.22 16:24:59.045,1.79677,1.79696,1.28,1.47
2014.04.22 16:24:59.590,1.79677,1.79696,1.13,1.47
2014.04.22 16:25:00.360,1.79677,1.79695,1.00,2.59
2014.04.22 16:25:00.614,1.79673,1.79692,1.00,1.92
2014.04.22 16:25:00.839,1.79675,1.79692,1.00,1.44
2014.04.22 16:25:00.948,1.79673,1.79692,1.00,1.92
2014.04.22 16:25:01.051,1.79676,1.79694,1.00,2.18
2014.04.22 16:25:02.103,1.79676,1.79694,1.00,1.25
2014.04.22 16:25:02.255,1.79679,1.79697,1.00,1.88
2014.04.22 16:25:03.235,1.79682,1.79697,1.00,1.38
2014.04.22 16:25:05.502,1.79682,1.79695,1.00,1.10
2014.04.22 16:25:06.007,1.79682,1.79697,1.00,1.95
2014.04.22 16:25:19.777,1.79682,1.797,1.00,1.92
2014.04.22 16:25:19.879,1.79682,1.797,1.08,1.00
2014.04.22 16:25:20.194,1.79693,1.79704,1.00,1.00
2014.04.22 16:25:20.402,1.79693,1.79708,1.00,1.30
2014.04.22 16:25:20.811,1.79695,1.79708,1.00,1.30
2014.04.22 16:25:24.589,1.79695,1.79708,1.19,1.30
2014.04.22 16:25:25.594,1.79695,1.79708,1.25,1.30
2014.04.22 16:25:29.457,1.79695,1.79713,1.25,1.02
2014.04.22 16:25:31.662,1.79695,1.79713,1.00,1.29
2014.04.22 16:25:32.623,1.79695,1.79713,1.25,1.02
2014.04.22 16:25:34.434,1.79695,1.79711,1.25,1.10
2014.04.22 16:25:34.655,1.79693,1.79711,1.00,1.10
2014.04.22 16:25:34.706,1.79689,1.79708,1.38,1.00
2014.04.22 16:25:40.201,1.79689,1.79708,1.19,1.95
2014.04.22 16:25:40.302,1.79687,1.79706,1.02,1.00
2014.04.22 16:25:41.079,1.79687,1.79706,1.19,1.00
2014.04.22 16:25:41.935,1.79689,1.79708,1.38,1.95
2014.04.22 16:25:42.456,1.79689,1.79708,1.57,1.00
2014.04.22 16:25:42.608,1.79692,1.79711,1.00,1.77
2014.04.22 16:25:43.296,1.79692,1.79711,1.19,1.58
2014.04.22 16:25:44.692,1.79692,1.79711,1.19,1.58
2014.04.22 16:25:46.400,1.79692,1.79711,1.25,1.77
2014.04.22 16:25:46.806,1.7969,1.79708,1.32,1.00
2014.04.22 16:25:47.182,1.7969,1.79705,1.19,1.10
2014.04.22 16:25:47.232,1.7969,1.79705,1.00,1.10
2014.04.22 16:25:47.672,1.7969,1.797,1.00,1.10
2014.04.22 16:25:47.931,1.7969,1.79702,1.00,1.10
2014.04.22 16:25:48.191,1.7969,1.797,1.00,1.10
2014.04.22 16:25:48.730,1.7969,1.79701,1.00,1.10
2014.04.22 16:25:49.538,1.79686,1.79701,1.00,1.10
2014.04.22 16:25:49.943,1.79686,1.79698,1.00,1.10
2014.04.22 16:25:50.247,1.79686,1.79696,1.00,1.10
2014.04.22 16:25:50.348,1.79684,1.79696,1.00,1.10
2014.04.22 16:25:53.037,1.79684,1.79695,1.00,1.10
2014.04.22 16:25:53.138,1.79684,1.79691,1.00,1.10
2014.04.22 16:25:53.189,1.79681,1.79691,1.00,1.10
2014.04.22 16:25:53.240,1.79681,1.79693,1.00,1.10
2014.04.22 16:25:53.341,1.79678,1.79693,1.00,1.10
2014.04.22 16:25:53.392,1.79678,1.79693,1.38,1.10
2014.04.22 16:25:53.493,1.79678,1.79696,1.88,1.10
2014.04.22 16:25:54.027,1.79678,1.79695,1.38,1.10
2014.04.22 16:25:55.062,1.79682,1.79695,1.00,1.10
2014.04.22 16:25:59.220,1.79682,1.79693,1.00,1.10
2014.04.22 16:25:59.808,1.79682,1.79694,1.00,1.10
2014.04.22 16:26:01.755,1.79677,1.79694,1.37,1.10
2014.04.22 16:26:02.709,1.79677,1.79694,1.37,1.10
2014.04.22 16:26:03.714,1.79677,1.79694,1.37,1.10
2014.04.22 16:26:06.354,1.79677,1.79695,1.37,1.58
2014.04.22 16:26:06.793,1.79681,1.79695,1.19,1.10
2014.04.22 16:26:07.981,1.79681,1.79695,1.00,1.10
2014.04.22 16:26:09.102,1.79681,1.79693,1.00,1.10
2014.04.22 16:26:09.442,1.79681,1.79695,1.00,1.10
2014.04.22 16:26:13.013,1.79685,1.79695,1.00,1.10
2014.04.22 16:26:13.063,1.79685,1.79697,1.00,1.10
2014.04.22 16:26:17.210,1.79685,1.79696,1.00,1.10
2014.04.22 16:26:17.981,1.79685,1.79697,1.00,1.10
2014.04.22 16:26:19.201,1.79685,1.79703,1.00,1.58
2014.04.22 16:26:24.409,1.79688,1.79703,1.00,1.10
2014.04.22 16:26:24.661,1.79686,1.79703,1.00,1.10
2014.04.22 16:26:31.741,1.79686,1.79701,1.00,1.10
2014.04.22 16:26:31.953,1.79686,1.79704,1.00,1.10
2014.04.22 16:26:32.544,1.79686,1.79705,1.00,1.65
2014.04.22 16:26:33.192,1.79687,1.79705,1.38,1.10
2014.04.22 16:26:33.495,1.79704,1.79716,1.00,1.10
2014.04.22 16:26:33.600,1.79705,1.79723,1.00,2.07
2014.04.22 16:26:33.976,1.79705,1.79723,1.00,1.38
2014.04.22 16:26:37.397,1.79705,1.79723,1.00,1.32
2014.04.22 16:26:37.952,1.79705,1.79723,1.00,1.32
2014.04.22 16:26:39.235,1.79705,1.79723,1.00,1.39
2014.04.22 16:26:39.794,1.79705,1.79723,1.00,1.47
2014.04.22 16:26:40.314,1.79705,1.79723,1.00,1.32
2014.04.22 16:26:40.901,1.79705,1.79723,1.00,1.13
2014.04.22 16:26:41.164,1.79705,1.79721,1.00,1.10
2014.04.22 16:26:41.713,1.79705,1.79722,1.00,1.10
2014.04.22 16:26:43.694,1.79705,1.79722,1.00,1.28
2014.04.22 16:26:46.657,1.79705,1.79719,1.00,1.10
2014.04.22 16:26:46.860,1.79702,1.79718,1.00,1.28
2014.04.22 16:26:47.386,1.79701,1.79719,1.00,1.25
2014.04.22 16:26:47.914,1.79701,1.79719,1.00,1.10
2014.04.22 16:26:47.965,1.79703,1.79719,1.00,1.10
2014.04.22 16:26:53.377,1.79703,1.79722,1.00,1.18
2014.04.22 16:26:53.478,1.79703,1.79722,1.38,1.18
2014.04.22 16:26:53.680,1.79709,1.79728,1.25,1.38
2014.04.22 16:26:53.731,1.7971,1.79728,1.38,1.00
2014.04.22 16:26:53.782,1.79713,1.7973,1.38,1.20
2014.04.22 16:26:53.832,1.79717,1.7973,1.13,1.20
2014.04.22 16:26:54.034,1.7972,1.79738,1.00,1.25
2014.04.22 16:26:57.127,1.79717,1.79736,1.00,1.15
2014.04.22 16:27:07.514,1.79717,1.79736,1.00,1.00
2014.04.22 16:27:09.324,1.79717,1.79734,1.00,1.48
2014.04.22 16:27:09.527,1.79711,1.79722,1.00,1.10
2014.04.22 16:27:09.628,1.79708,1.79722,1.00,1.10
2014.04.22 16:27:09.953,1.79708,1.79722,1.00,1.48
2014.04.22 16:27:10.458,1.79708,1.79721,1.00,1.10
2014.04.22 16:27:10.981,1.79705,1.79721,1.00,1.10
2014.04.22 16:27:11.411,1.79705,1.79718,1.00,1.10
2014.04.22 16:27:11.715,1.79705,1.79716,1.00,1.10
2014.04.22 16:27:11.866,1.79702,1.79716,1.00,1.10
2014.04.22 16:27:12.185,1.79702,1.79714,1.00,1.10
2014.04.22 16:27:15.240,1.79702,1.79713,1.00,1.10
2014.04.22 16:27:15.493,1.79697,1.79712,1.00,1.10
2014.04.22 16:27:15.595,1.79699,1.79714,1.00,1.10
2014.04.22 16:27:18.845,1.79699,1.79715,1.00,1.39
2014.04.22 16:27:19.350,1.79699,1.79716,1.00,1.10
2014.04.22 16:27:19.652,1.79701,1.79718,1.00,1.39
2014.04.22 16:27:19.877,1.79698,1.79715,1.00,1.10
2014.04.22 16:27:20.143,1.79698,1.79713,1.25,1.10
2014.04.22 16:27:21.372,1.79698,1.79717,1.00,1.00
2014.04.22 16:27:22.399,1.79701,1.79719,1.00,1.20
2014.04.22 16:27:24.969,1.79701,1.7972,1.00,1.00
2014.04.22 16:27:25.272,1.7971,1.79728,1.00,1.29
2014.04.22 16:27:25.874,1.7971,1.79728,1.63,1.10
2014.04.22 16:27:26.378,1.7971,1.79728,2.07,1.10
2014.04.22 16:27:27.508,1.7971,1.79729,2.07,1.00
2014.04.22 16:27:28.041,1.79711,1.79729,1.32,1.00
2014.04.22 16:27:28.703,1.79713,1.7973,1.32,1.10
2014.04.22 16:27:29.272,1.79713,1.7973,1.32,1.10
2014.04.22 16:27:29.918,1.79713,1.7973,1.32,1.10
2014.04.22 16:27:30.419,1.79713,1.79731,1.57,1.10
2014.04.22 16:27:30.773,1.79716,1.79735,1.63,1.58
2014.04.22 16:27:31.142,1.79719,1.79738,1.00,1.25
2014.04.22 16:27:31.344,1.79721,1.7974,1.00,1.00
2014.04.22 16:27:33.168,1.79721,1.7974,1.00,1.95
2014.04.22 16:27:33.471,1.79723,1.79742,1.00,2.10
2014.04.22 16:27:44.158,1.79723,1.79742,1.63,1.18
2014.04.22 16:27:44.461,1.79732,1.79744,1.19,1.00
2014.04.22 16:27:44.512,1.79736,1.79754,1.00,1.10
2014.04.22 16:27:44.865,1.79739,1.79758,1.00,1.00
2014.04.22 16:27:46.718,1.79734,1.79753,1.19,1.00
2014.04.22 16:27:46.927,1.79737,1.79756,1.00,1.00
2014.04.22 16:27:52.669,1.79737,1.79756,1.19,1.00
2014.04.22 16:27:52.770,1.79739,1.79758,1.19,1.00
2014.04.22 16:27:53.368,1.79739,1.79758,1.19,1.00
2014.04.22 16:27:54.071,1.79739,1.79758,1.19,1.00
2014.04.22 16:27:55.773,1.79739,1.79758,1.19,1.00
2014.04.22 16:27:56.779,1.79739,1.79758,1.19,1.00
2014.04.22 16:27:58.479,1.79742,1.79761,1.19,1.00
2014.04.22 16:27:58.739,1.79744,1.79763,1.25,1.13
2014.04.22 16:28:01.245,1.79744,1.79763,1.19,1.13
2014.04.22 16:28:01.708,1.79744,1.79763,1.00,1.13
2014.04.22 16:28:01.971,1.79744,1.79759,1.00,1.10
2014.04.22 16:28:02.150,1.79741,1.79759,1.00,1.10
2014.04.22 16:28:02.653,1.79741,1.7976,1.00,1.00
2014.04.22 16:28:09.166,1.79739,1.79758,1.00,1.00
2014.04.22 16:28:09.844,1.79732,1.7975,1.39,1.00
2014.04.22 16:28:10.055,1.79735,1.79754,1.00,1.00
2014.04.22 16:28:15.088,1.79733,1.79752,1.32,1.00
2014.04.22 16:28:16.418,1.79733,1.79752,1.25,1.45
2014.04.22 16:28:16.671,1.79733,1.79752,1.00,1.28
2014.04.22 16:28:16.772,1.79731,1.7975,1.00,1.38
2014.04.22 16:28:17.322,1.7973,1.79748,1.00,1.15
2014.04.22 16:28:17.732,1.7973,1.79748,1.00,1.53
2014.04.22 16:28:20.355,1.7973,1.79748,1.00,1.53
2014.04.22 16:28:20.507,1.79726,1.79744,1.25,1.00
2014.04.22 16:28:20.608,1.79731,1.7975,1.00,2.29
2014.04.22 16:28:21.293,1.79726,1.79745,1.25,1.13
2014.04.22 16:28:24.989,1.79726,1.79745,1.00,1.20
2014.04.22 16:28:27.769,1.79723,1.79742,1.25,1.10
2014.04.22 16:28:31.478,1.79723,1.79742,1.00,1.48
2014.04.22 16:28:32.554,1.79723,1.79742,1.25,1.45
2014.04.22 16:28:40.692,1.79723,1.7974,1.25,1.65
2014.04.22 16:28:40.996,1.79716,1.79734,1.19,1.48
2014.04.22 16:28:41.097,1.79716,1.79735,1.00,1.72
2014.04.22 16:28:41.198,1.79713,1.79732,1.25,1.09
2014.04.22 16:28:42.017,1.79713,1.79732,1.25,2.59
2014.04.22 16:28:42.320,1.79713,1.79732,1.38,1.15
2014.04.22 16:28:42.422,1.79714,1.79733,1.57,1.00
2014.04.22 16:28:42.523,1.79716,1.79735,1.19,1.00
2014.04.22 16:28:43.269,1.79716,1.79735,1.19,1.00
2014.04.22 16:28:44.309,1.79716,1.79735,1.25,1.00
2014.04.22 16:28:46.787,1.79719,1.79737,1.00,1.20
2014.04.22 16:28:49.490,1.79719,1.79738,1.00,1.00
2014.04.22 16:28:49.922,1.79723,1.79741,1.00,1.28
2014.04.22 16:28:50.463,1.79723,1.79739,1.00,1.10
2014.04.22 16:28:51.210,1.79723,1.79738,1.00,1.10
2014.04.22 16:28:52.105,1.79723,1.79738,1.00,1.28
2014.04.22 16:28:52.408,1.79719,1.79738,1.25,1.73
2014.04.22 16:28:54.265,1.79719,1.79737,1.19,1.20
2014.04.22 16:28:55.255,1.79719,1.79737,1.25,1.20
2014.04.22 16:28:58.087,1.79723,1.79738,1.00,1.73
2014.04.22 16:28:58.390,1.79725,1.7974,1.00,1.18
2014.04.22 16:28:58.441,1.79725,1.7974,1.00,1.10
2014.04.22 16:28:58.542,1.79722,1.79739,1.00,1.20
2014.04.22 16:28:58.795,1.79721,1.79736,1.00,1.00
2014.04.22 16:28:59.346,1.79718,1.79736,1.19,1.00
2014.04.22 16:29:00.463,1.79719,1.79738,1.19,1.00
2014.04.22 16:29:00.514,1.79719,1.79738,1.19,1.00
2014.04.22 16:29:01.530,1.79719,1.79738,1.19,1.00
2014.04.22 16:29:02.407,1.79718,1.79736,1.19,1.00
2014.04.22 16:29:04.499,1.79718,1.79736,1.19,1.00
2014.04.22 16:29:05.362,1.79728,1.79736,1.00,1.00
2014.04.22 16:29:05.515,1.79728,1.79745,1.00,1.00
2014.04.22 16:29:05.616,1.79729,1.79747,1.00,1.00
2014.04.22 16:29:05.717,1.79731,1.7975,1.00,1.57
2014.04.22 16:29:06.020,1.79728,1.79747,2.22,1.00
2014.04.22 16:29:06.071,1.79732,1.7975,1.67,1.00
2014.04.22 16:29:06.172,1.79734,1.79753,1.00,1.00
2014.04.22 16:29:06.273,1.79732,1.79749,1.19,1.00
2014.04.22 16:29:06.948,1.7973,1.79749,1.38,1.00
2014.04.22 16:29:07.609,1.79733,1.79752,1.00,1.00
2014.04.22 16:29:08.790,1.79736,1.79755,1.00,1.65
2014.04.22 16:29:11.316,1.79738,1.79757,1.00,1.77
2014.04.22 16:29:14.410,1.79732,1.79751,1.63,1.00
2014.04.22 16:29:14.616,1.79735,1.79754,1.00,1.00
2014.04.22 16:29:18.796,1.79733,1.79752,2.07,1.00
2014.04.22 16:29:19.306,1.79733,1.79752,2.07,1.00
2014.04.22 16:29:19.695,1.79733,1.79752,1.88,1.00
2014.04.22 16:29:22.647,1.79733,1.79752,2.07,1.00
2014.04.22 16:29:22.900,1.79736,1.79754,1.25,1.00
2014.04.22 16:29:23.102,1.79733,1.79752,2.07,1.00
2014.04.22 16:29:24.030,1.79733,1.79752,2.07,1.00
2014.04.22 16:29:24.774,1.79736,1.79755,1.25,1.00
2014.04.22 16:29:25.079,1.79739,1.79757,1.00,1.25
2014.04.22 16:29:37.788,1.79739,1.79757,1.19,1.00
2014.04.22 16:29:41.357,1.79741,1.7976,1.19,1.00
2014.04.22 16:29:48.860,1.79744,1.79762,1.00,1.00
2014.04.22 16:29:48.911,1.79744,1.79762,1.19,1.00
2014.04.22 16:29:48.962,1.79746,1.79764,1.19,1.10
2014.04.22 16:29:49.165,1.79746,1.79764,1.19,1.00
2014.04.22 16:29:50.285,1.79749,1.79768,1.19,1.00
2014.04.22 16:29:51.501,1.79749,1.79768,1.19,1.00
2014.04.22 16:29:56.086,1.79746,1.79765,1.69,1.00
2014.04.22 16:29:57.836,1.79746,1.79765,1.19,1.00
2014.04.22 16:29:59.097,1.79749,1.79768,1.19,1.00
2014.04.22 16:29:59.857,1.79749,1.79768,1.00,1.00
2014.04.22 16:30:03.277,1.79752,1.7977,1.00,1.00
2014.04.22 16:30:06.552,1.79754,1.79773,1.00,1.29
2014.04.22 16:30:06.857,1.79752,1.7977,1.00,1.00
2014.04.22 16:30:09.808,1.79752,1.7977,1.00,1.48
2014.04.22 16:30:10.112,1.79752,1.7977,1.00,1.72
2014.04.22 16:30:10.314,1.79748,1.79767,1.25,1.18
2014.04.22 16:30:11.924,1.79748,1.79767,1.19,1.18
2014.04.22 16:30:12.440,1.79748,1.79767,1.19,1.00
2014.04.22 16:30:15.025,1.79748,1.79767,1.19,1.00
2014.04.22 16:30:16.031,1.79748,1.79767,1.19,1.00
2014.04.22 16:30:16.967,1.79748,1.79767,1.00,1.00
2014.04.22 16:30:23.051,1.79743,1.79762,1.57,1.00
2014.04.22 16:30:23.973,1.79743,1.79762,1.57,1.00
2014.04.22 16:30:24.647,1.79743,1.79762,1.57,1.00
2014.04.22 16:30:25.381,1.79746,1.79765,1.19,1.00
2014.04.22 16:30:25.889,1.79746,1.79765,1.19,1.00
2014.04.22 16:30:26.040,1.79746,1.79765,1.00,1.00
2014.04.22 16:30:31.462,1.79746,1.79765,1.00,2.03
2014.04.22 16:30:31.768,1.79741,1.7976,1.00,1.65
2014.04.22 16:30:31.920,1.79741,1.79758,1.00,1.18
2014.04.22 16:30:32.347,1.79741,1.79752,1.00,1.10
2014.04.22 16:30:32.499,1.79741,1.79755,1.00,1.10
2014.04.22 16:30:32.600,1.79741,1.79752,1.00,1.00
2014.04.22 16:30:32.802,1.79741,1.79754,1.00,1.10
2014.04.22 16:30:32.853,1.79738,1.79754,1.00,1.10
2014.04.22 16:30:33.429,1.79738,1.79755,1.00,1.10
2014.04.22 16:30:35.040,1.79738,1.79751,1.00,1.10
2014.04.22 16:30:35.344,1.79734,1.79743,1.00,1.10
2014.04.22 16:30:35.395,1.7973,1.79744,1.00,1.02
2014.04.22 16:30:35.496,1.79727,1.79744,1.00,1.10
2014.04.22 16:30:35.935,1.79727,1.79738,1.00,1.10
2014.04.22 16:30:36.188,1.79727,1.79742,1.00,1.10
2014.04.22 16:30:36.390,1.79724,1.79742,1.00,1.10
2014.04.22 16:30:37.400,1.79724,1.79743,1.00,1.65
2014.04.22 16:30:43.415,1.79724,1.7974,1.00,1.10
2014.04.22 16:30:43.970,1.79724,1.79739,1.00,1.10
2014.04.22 16:30:45.126,1.79722,1.79739,1.00,1.10
2014.04.22 16:30:45.735,1.79722,1.79738,1.00,1.10
2014.04.22 16:30:45.937,1.79718,1.79737,1.13,1.00
2014.04.22 16:30:46.199,1.79718,1.79737,1.32,1.00
2014.04.22 16:30:46.250,1.79721,1.7974,1.00,1.00
2014.04.22 16:30:50.191,1.79719,1.79737,1.25,1.00
2014.04.22 16:30:52.457,1.79719,1.79737,1.19,1.00
2014.04.22 16:30:53.450,1.79719,1.79737,1.19,1.00
2014.04.22 16:30:56.140,1.79722,1.7974,1.00,1.00
2014.04.22 16:31:01.186,1.79719,1.79737,1.19,1.00
2014.04.22 16:31:01.715,1.79719,1.79737,1.19,1.00
2014.04.22 16:31:02.501,1.79719,1.79737,1.19,1.00
2014.04.22 16:31:03.437,1.79719,1.79737,1.32,1.00
2014.04.22 16:31:04.509,1.79719,1.79737,1.32,1.00
2014.04.22 16:31:05.766,1.79719,1.79736,1.00,1.20
2014.04.22 16:31:06.036,1.79711,1.79729,1.00,1.00
2014.04.22 16:31:08.116,1.79708,1.79726,1.32,1.00
2014.04.22 16:31:15.278,1.79708,1.79726,1.19,1.18
2014.04.22 16:31:15.430,1.79706,1.79725,1.25,1.10
2014.04.22 16:31:15.531,1.79704,1.79722,1.25,1.00
2014.04.22 16:31:18.160,1.79704,1.79722,1.32,1.00
2014.04.22 16:31:18.674,1.79704,1.79722,1.00,1.00
2014.04.22 16:31:18.876,1.797,1.79718,1.55,1.00
2014.04.22 16:31:19.180,1.79699,1.79714,1.78,1.00
2014.04.22 16:31:19.331,1.797,1.79718,1.55,1.00
2014.04.22 16:31:19.948,1.79703,1.79721,1.38,1.00
2014.04.22 16:31:20.235,1.79703,1.79721,1.38,1.00
2014.04.22 16:31:20.336,1.79705,1.79721,1.38,1.00
2014.04.22 16:31:20.387,1.79709,1.79728,1.28,1.00
2014.04.22 16:31:20.488,1.79715,1.79728,1.29,1.00
2014.04.22 16:31:20.640,1.79715,1.7973,1.09,1.00
2014.04.22 16:31:20.741,1.79716,1.79735,1.00,1.00
2014.04.22 16:31:20.975,1.79712,1.79731,1.67,1.00
2014.04.22 16:31:21.379,1.79715,1.79734,1.00,1.00
2014.04.22 16:31:21.882,1.79715,1.79734,1.19,1.00
2014.04.22 16:31:22.390,1.79715,1.79734,1.25,1.58
2014.04.22 16:31:25.161,1.79711,1.7973,1.38,1.00
2014.04.22 16:31:25.415,1.79708,1.79727,1.20,1.00
2014.04.22 16:31:25.924,1.79707,1.79726,1.00,1.00
2014.04.22 16:31:30.616,1.79707,1.79725,1.00,1.10
2014.04.22 16:31:30.869,1.79705,1.79723,1.13,1.00
2014.04.22 16:31:32.585,1.79707,1.79726,1.00,1.00
2014.04.22 16:31:42.476,1.79707,1.79726,1.19,1.00
2014.04.22 16:31:44.477,1.79707,1.79726,1.19,1.00
2014.04.22 16:31:45.484,1.79707,1.79726,1.19,1.00
2014.04.22 16:31:46.535,1.79707,1.79726,1.19,1.00
2014.04.22 16:31:48.695,1.7971,1.79728,1.00,1.18
2014.04.22 16:31:51.049,1.7971,1.79728,1.00,1.10
2014.04.22 16:31:53.092,1.79707,1.79726,1.19,1.00
2014.04.22 16:31:54.157,1.79705,1.79724,1.32,1.00
2014.04.22 16:31:54.872,1.79705,1.79724,1.32,1.00
2014.04.22 16:31:55.580,1.79705,1.79724,2.07,1.00
2014.04.22 16:31:56.795,1.79708,1.79726,1.19,1.00
2014.04.22 16:31:57.611,1.79708,1.79726,1.19,1.00
2014.04.22 16:32:00.328,1.79705,1.79724,2.07,1.00
2014.04.22 16:32:02.410,1.79705,1.79724,1.19,1.00
2014.04.22 16:32:03.416,1.79705,1.79724,1.19,1.00
2014.04.22 16:32:05.544,1.79705,1.79724,1.19,1.00
2014.04.22 16:32:07.184,1.79705,1.79724,1.19,1.00
2014.04.22 16:32:07.795,1.79703,1.79722,1.57,1.00
2014.04.22 16:32:11.698,1.79704,1.79722,1.32,1.00
2014.04.22 16:32:11.799,1.79706,1.79725,1.19,1.00
2014.04.22 16:32:13.595,1.79706,1.79725,1.19,1.18
2014.04.22 16:32:13.646,1.79706,1.79724,1.19,1.20
2014.04.22 16:32:13.747,1.79701,1.79719,1.19,1.00
2014.04.22 16:32:13.828,1.79701,1.79719,1.19,1.00
2014.04.22 16:32:14.359,1.79702,1.7972,1.25,1.00
2014.04.22 16:32:15.656,1.79699,1.79718,1.19,1.00
2014.04.22 16:32:16.447,1.79699,1.79718,1.25,1.25
2014.04.22 16:32:22.935,1.79699,1.79718,1.38,1.00
2014.04.22 16:32:23.041,1.79699,1.79718,1.53,1.00
2014.04.22 16:32:23.243,1.79705,1.79724,1.13,1.00
2014.04.22 16:32:23.787,1.79703,1.79721,1.38,1.00
2014.04.22 16:32:23.939,1.79703,1.79721,1.13,1.00
2014.04.22 16:32:23.989,1.797,1.79719,1.74,1.00
2014.04.22 16:32:25.016,1.797,1.79719,1.74,1.00
2014.04.22 16:32:26.175,1.797,1.79719,1.19,1.00
2014.04.22 16:32:27.735,1.797,1.79719,1.19,1.00
2014.04.22 16:32:28.926,1.797,1.79718,1.19,1.10
2014.04.22 16:32:29.028,1.79697,1.79715,1.38,1.00
2014.04.22 16:32:35.896,1.79697,1.79715,1.57,1.00
2014.04.22 16:32:38.654,1.79697,1.79715,1.13,1.00
2014.04.22 16:32:38.914,1.79697,1.7971,1.00,1.00
2014.04.22 16:32:39.066,1.79689,1.79708,1.19,1.50
2014.04.22 16:32:39.167,1.79686,1.79699,1.69,1.00
2014.04.22 16:32:39.218,1.79683,1.79699,2.97,1.00
2014.04.22 16:32:39.319,1.7969,1.79706,1.00,1.10
2014.04.22 16:32:43.937,1.7969,1.79706,1.00,1.29
2014.04.22 16:32:44.960,1.7969,1.79706,1.00,1.29
2014.04.22 16:32:46.952,1.7969,1.79705,1.00,1.29
2014.04.22 16:32:47.956,1.7969,1.79705,1.00,1.29
2014.04.22 16:32:51.035,1.7969,1.79707,1.00,1.10
2014.04.22 16:32:55.170,1.7969,1.79707,1.00,1.29
2014.04.22 16:32:55.322,1.79687,1.79706,1.00,1.77
2014.04.22 16:32:55.535,1.7969,1.79706,1.00,1.29
2014.04.22 16:32:56.194,1.79687,1.79706,1.00,1.77
2014.04.22 16:32:56.295,1.79687,1.79706,1.47,1.19
2014.04.22 16:32:56.396,1.79687,1.79706,1.65,1.19
2014.04.22 16:32:56.497,1.79692,1.79706,1.19,1.00
2014.04.22 16:32:56.548,1.7969,1.79709,1.57,1.00
2014.04.22 16:32:56.649,1.79696,1.79715,1.00,1.92
2014.04.22 16:32:56.902,1.79692,1.79711,1.19,1.25
2014.04.22 16:32:57.489,1.79692,1.79711,1.19,1.00
2014.04.22 16:32:58.473,1.79692,1.79711,1.19,1.00
2014.04.22 16:32:59.073,1.79692,1.79711,1.19,1.00
2014.04.22 16:32:59.489,1.79692,1.79711,1.00,1.00
2014.04.22 16:32:59.741,1.7969,1.79706,1.25,1.10
2014.04.22 16:33:11.180,1.7969,1.79709,1.00,1.19
2014.04.22 16:33:16.614,1.7969,1.79708,1.00,1.29
2014.04.22 16:33:16.665,1.79687,1.79705,1.13,1.10
2014.04.22 16:33:16.867,1.79687,1.79703,1.00,1.10
2014.04.22 16:33:17.069,1.79683,1.79702,1.19,1.58
2014.04.22 16:33:17.170,1.79683,1.79702,1.00,1.58
2014.04.22 16:33:17.221,1.79683,1.797,1.00,1.10
2014.04.22 16:33:18.173,1.79683,1.79698,1.00,1.10
2014.04.22 16:33:18.326,1.79683,1.797,1.00,1.58
2014.04.22 16:33:18.427,1.79683,1.79695,1.00,1.10
2014.04.22 16:33:18.529,1.79681,1.79696,1.00,1.10
2014.04.22 16:33:18.630,1.79678,1.79697,1.32,1.58
2014.04.22 16:33:19.303,1.79678,1.79697,1.00,1.58
2014.04.22 16:33:20.372,1.79678,1.79695,1.00,1.10
2014.04.22 16:33:20.694,1.79678,1.79693,1.00,1.10
2014.04.22 16:33:20.796,1.79678,1.79695,1.00,1.10
2014.04.22 16:33:20.897,1.79675,1.79694,1.00,1.00
2014.04.22 16:33:22.736,1.79675,1.79694,1.38,1.00
2014.04.22 16:33:26.144,1.79675,1.79694,1.57,1.00
2014.04.22 16:33:27.171,1.79675,1.79694,1.57,1.00
2014.04.22 16:33:27.675,1.79675,1.7969,1.57,1.10
2014.04.22 16:33:27.978,1.79672,1.79689,1.63,1.10
2014.04.22 16:33:28.384,1.79672,1.79689,1.63,1.10
2014.04.22 16:33:32.252,1.79672,1.79691,1.63,1.58
2014.04.22 16:33:32.505,1.79672,1.79691,1.57,1.58
2014.04.22 16:33:32.795,1.79672,1.7969,1.38,1.10
2014.04.22 16:33:35.250,1.79672,1.79691,1.38,1.00
2014.04.22 16:33:35.452,1.79678,1.79697,1.38,1.00
2014.04.22 16:33:35.755,1.79683,1.79698,1.00,1.10
2014.04.22 16:33:35.805,1.79681,1.79698,1.00,1.10
2014.04.22 16:33:35.911,1.79681,1.79696,1.00,1.10
2014.04.22 16:33:36.658,1.79681,1.79697,1.00,1.10
2014.04.22 16:33:40.238,1.79681,1.79697,1.19,1.10
2014.04.22 16:33:41.758,1.79681,1.797,1.19,1.58
2014.04.22 16:33:41.859,1.79681,1.79698,1.19,1.10
2014.04.22 16:33:42.453,1.79681,1.79697,1.19,1.10
2014.04.22 16:33:42.655,1.79681,1.79695,1.25,1.10
2014.04.22 16:33:43.160,1.79679,1.79696,1.57,1.10
2014.04.22 16:33:43.583,1.7968,1.79698,1.32,1.10
2014.04.22 16:33:43.835,1.79682,1.79696,1.00,1.10
2014.04.22 16:33:44.037,1.7968,1.79698,1.32,1.10
2014.04.22 16:33:44.139,1.7968,1.79695,1.25,1.10
2014.04.22 16:33:44.842,1.7968,1.79696,1.25,1.10
2014.04.22 16:33:45.165,1.79682,1.79696,1.00,1.10
2014.04.22 16:33:47.432,1.79682,1.79695,1.00,1.10
2014.04.22 16:33:47.944,1.79682,1.79696,1.00,1.10
2014.04.22 16:33:49.197,1.79682,1.79695,1.00,1.10
2014.04.22 16:33:49.760,1.79679,1.79695,1.00,1.10
2014.04.22 16:33:51.775,1.79679,1.79698,1.00,1.58
2014.04.22 16:33:51.876,1.79682,1.79698,1.00,1.10
2014.04.22 16:33:52.712,1.79679,1.79698,1.00,1.58
2014.04.22 16:33:53.805,1.79682,1.79698,1.00,1.10
2014.04.22 16:33:55.460,1.7968,1.79698,1.00,1.10
2014.04.22 16:33:55.967,1.7968,1.79698,1.19,1.10
2014.04.22 16:33:56.864,1.7968,1.79698,1.25,1.10
2014.04.22 16:33:58.534,1.79682,1.79698,1.00,1.10
2014.04.22 16:33:58.769,1.7968,1.79698,1.00,1.10
2014.04.22 16:34:00.198,1.7968,1.79699,1.00,1.58
2014.04.22 16:34:00.249,1.7968,1.79699,1.38,1.58
2014.04.22 16:34:00.351,1.7968,1.79699,1.38,1.00
2014.04.22 16:34:00.537,1.79684,1.797,1.00,1.10
2014.04.22 16:34:00.840,1.79684,1.79698,1.00,1.10
2014.04.22 16:34:04.372,1.79684,1.79699,1.25,1.10
2014.04.22 16:34:04.908,1.79684,1.79699,1.19,1.10
2014.04.22 16:34:06.732,1.79684,1.79699,1.19,1.10
2014.04.22 16:34:08.872,1.79684,1.79699,1.19,1.10
2014.04.22 16:34:09.772,1.79682,1.79699,2.07,1.10
2014.04.22 16:34:11.782,1.79682,1.79699,2.07,1.10
2014.04.22 16:34:17.504,1.79682,1.797,2.07,1.10
2014.04.22 16:34:17.808,1.79685,1.79704,1.19,1.58
2014.04.22 16:34:18.800,1.79683,1.79701,1.32,1.00
2014.04.22 16:34:18.902,1.79684,1.79703,1.19,1.00
2014.04.22 16:34:19.432,1.79684,1.79702,1.19,1.10
2014.04.22 16:34:19.736,1.79684,1.79701,1.25,1.10
2014.04.22 16:34:20.355,1.79684,1.79701,1.19,1.10
2014.04.22 16:34:21.116,1.79684,1.79702,1.19,1.10
2014.04.22 16:34:21.763,1.79684,1.79702,1.19,1.10
2014.04.22 16:34:22.733,1.79684,1.79702,1.19,1.10
2014.04.22 16:34:23.431,1.79684,1.79703,1.19,1.00
2014.04.22 16:34:23.739,1.79684,1.79701,1.19,1.10
2014.04.22 16:34:23.942,1.79684,1.797,1.19,1.10
2014.04.22 16:34:24.144,1.79684,1.79698,1.25,1.10
2014.04.22 16:34:25.161,1.79681,1.79697,1.69,1.10
2014.04.22 16:34:25.222,1.79681,1.79697,1.69,1.10
2014.04.22 16:34:25.736,1.79683,1.79697,1.00,1.10
2014.04.22 16:34:31.643,1.79683,1.79696,1.00,1.10
2014.04.22 16:34:31.795,1.7968,1.79696,1.25,1.10
2014.04.22 16:34:31.904,1.79676,1.79695,1.50,1.00
2014.04.22 16:34:32.133,1.7968,1.79696,1.00,1.10
2014.04.22 16:34:37.102,1.7968,1.79697,1.00,1.10
2014.04.22 16:34:49.751,1.7968,1.79695,1.25,1.10
2014.04.22 16:34:50.155,1.79677,1.79694,1.19,1.10
2014.04.22 16:34:50.207,1.79677,1.79692,1.19,1.10
2014.04.22 16:34:50.411,1.79678,1.79694,1.25,1.10
2014.04.22 16:34:51.076,1.79678,1.79694,1.19,1.10
2014.04.22 16:34:52.250,1.79678,1.79694,1.25,1.10
2014.04.22 16:34:53.012,1.79678,1.79694,1.19,1.10
2014.04.22 16:34:55.170,1.79678,1.79694,1.57,1.10
2014.04.22 16:34:55.271,1.79678,1.79697,1.29,1.58
2014.04.22 16:34:55.423,1.79681,1.79699,1.25,1.00
2014.04.22 16:34:55.575,1.79679,1.79698,2.22,1.00
2014.04.22 16:34:55.625,1.79687,1.79705,1.00,1.10
2014.04.22 16:34:55.727,1.79687,1.79703,1.00,1.10
2014.04.22 16:34:56.159,1.79687,1.79706,1.25,1.00
2014.04.22 16:34:56.814,1.79687,1.79706,1.63,1.00
2014.04.22 16:34:56.865,1.7969,1.79709,1.38,1.00
2014.04.22 16:34:57.053,1.79693,1.79711,1.00,1.10
2014.04.22 16:34:57.671,1.79693,1.79712,1.00,1.58
2014.04.22 16:35:00.831,1.79689,1.79708,1.57,1.00
2014.04.22 16:35:01.428,1.79689,1.79706,1.38,1.10
2014.04.22 16:35:01.530,1.79689,1.79708,1.38,1.58
2014.04.22 16:35:02.842,1.79692,1.79709,1.20,1.10
2014.04.22 16:35:02.952,1.79692,1.79711,1.20,1.58
2014.04.22 16:35:03.255,1.79696,1.79712,1.00,1.10
2014.04.22 16:35:03.782,1.79693,1.79712,1.13,1.58
2014.04.22 16:35:03.984,1.79696,1.79712,1.00,1.10
2014.04.22 16:35:04.754,1.79694,1.79712,1.00,1.10
2014.04.22 16:35:05.195,1.79697,1.79712,1.00,1.10
2014.04.22 16:35:06.624,1.79694,1.79712,1.25,1.10
2014.04.22 16:35:07.153,1.79694,1.79713,1.19,1.00
2014.04.22 16:35:07.204,1.79697,1.79714,1.00,1.10
2014.04.22 16:35:07.918,1.79697,1.79716,1.00,1.58
2014.04.22 16:35:13.535,1.79697,1.79716,1.19,1.58
2014.04.22 16:35:14.942,1.79697,1.79716,1.25,1.58
2014.04.22 16:35:15.998,1.79697,1.79716,1.19,1.00
2014.04.22 16:35:17.089,1.79697,1.79716,1.19,1.00
2014.04.22 16:35:17.983,1.79697,1.79716,1.13,1.00
2014.04.22 16:35:20.984,1.79697,1.79716,1.32,1.00
2014.04.22 16:35:21.989,1.79697,1.79716,1.32,1.00
2014.04.22 16:35:23.030,1.79697,1.79716,1.32,1.00
2014.04.22 16:35:23.657,1.797,1.79719,1.25,1.00
2014.04.22 16:35:25.340,1.79698,1.79717,1.00,1.00
2014.04.22 16:35:32.714,1.79694,1.79713,1.32,1.00
2014.04.22 16:35:32.913,1.79696,1.79715,1.25,1.00
2014.04.22 16:35:36.083,1.79696,1.79715,1.19,1.00
2014.04.22 16:35:39.132,1.79696,1.79715,1.19,1.00
2014.04.22 16:35:41.158,1.79696,1.79715,1.00,1.58
2014.04.22 16:35:44.307,1.79696,1.79713,1.00,1.10
2014.04.22 16:35:48.067,1.79696,1.79713,1.19,1.10
2014.04.22 16:35:56.138,1.79696,1.79713,1.19,1.10
2014.04.22 16:35:57.135,1.79696,1.79713,1.19,1.10
2014.04.22 16:35:58.917,1.79696,1.79714,1.19,1.10
2014.04.22 16:36:01.152,1.79696,1.79715,1.19,1.00
2014.04.22 16:36:01.256,1.79696,1.79715,1.00,1.00
2014.04.22 16:36:01.357,1.79699,1.79718,1.00,1.10
2014.04.22 16:36:11.196,1.79699,1.79718,1.19,1.00
2014.04.22 16:36:12.211,1.79699,1.79718,1.00,1.58
2014.04.22 16:36:20.135,1.79699,1.79718,1.38,1.00
2014.04.22 16:36:20.237,1.79702,1.79721,1.00,1.00
2014.04.22 16:36:20.794,1.79702,1.79721,1.63,1.00
2014.04.22 16:36:22.280,1.79702,1.79721,2.07,1.00
2014.04.22 16:36:23.296,1.79702,1.79721,2.07,1.00
2014.04.22 16:36:24.312,1.79702,1.79721,2.07,1.00
2014.04.22 16:36:25.281,1.79702,1.79721,2.07,1.00
2014.04.22 16:36:26.094,1.79705,1.79724,1.19,1.18
2014.04.22 16:36:26.616,1.79705,1.79724,1.19,1.18
2014.04.22 16:36:27.894,1.79705,1.79724,1.19,1.18
2014.04.22 16:36:29.883,1.79705,1.79724,1.57,1.18
2014.04.22 16:36:30.421,1.79705,1.79724,1.19,2.10
2014.04.22 16:36:30.522,1.79705,1.79722,1.25,1.25
2014.04.22 16:36:30.624,1.79701,1.79717,1.00,1.00
2014.04.22 16:36:30.725,1.797,1.7971,1.00,1.10
2014.04.22 16:36:30.929,1.79695,1.79712,1.00,1.25
2014.04.22 16:36:30.979,1.79695,1.79712,1.38,1.18
2014.04.22 16:36:31.282,1.79692,1.79711,1.25,1.00
2014.04.22 16:36:31.827,1.79689,1.79708,1.57,1.00
2014.04.22 16:36:32.238,1.79691,1.7971,1.32,1.58
2014.04.22 16:36:38.659,1.79691,1.7971,1.19,1.00
2014.04.22 16:36:45.151,1.79691,1.7971,1.25,1.00
2014.04.22 16:36:45.760,1.79691,1.79709,1.25,1.10
2014.04.22 16:36:53.220,1.79691,1.7971,1.25,1.58
2014.04.22 16:36:55.144,1.79691,1.7971,1.19,1.58
2014.04.22 16:36:55.664,1.79691,1.79709,1.19,1.10
2014.04.22 16:36:56.250,1.79691,1.79709,1.19,1.10
2014.04.22 16:36:59.910,1.79691,1.7971,1.19,1.58
2014.04.22 16:37:00.617,1.79691,1.7971,1.19,1.58
2014.04.22 16:37:03.404,1.79691,1.7971,1.00,1.58
2014.04.22 16:37:04.425,1.79691,1.7971,1.19,1.00
2014.04.22 16:37:07.015,1.79691,1.7971,1.25,1.00
2014.04.22 16:37:10.123,1.79694,1.79713,1.00,1.00
2014.04.22 16:37:11.434,1.79694,1.79713,1.00,1.19
2014.04.22 16:37:16.475,1.79694,1.79713,1.00,1.19
2014.04.22 16:37:17.024,1.79697,1.79713,1.00,1.29
2014.04.22 16:37:17.256,1.79692,1.79711,1.25,1.77
2014.04.22 16:37:17.786,1.79693,1.79711,1.25,1.00
2014.04.22 16:37:25.209,1.79693,1.79711,1.19,1.00
2014.04.22 16:37:26.216,1.79693,1.79711,1.25,1.25
2014.04.22 16:37:27.221,1.79693,1.79711,1.19,1.00
2014.04.22 16:37:28.241,1.79693,1.79711,1.25,1.25
2014.04.22 16:37:29.389,1.79695,1.79713,1.00,1.00
2014.04.22 16:37:34.889,1.79695,1.79713,1.19,1.00
2014.04.22 16:37:35.193,1.79699,1.79717,1.00,1.00
2014.04.22 16:37:35.510,1.79699,1.79717,1.00,1.32
2014.04.22 16:37:35.613,1.79695,1.79713,1.18,1.00
2014.04.22 16:37:38.210,1.79695,1.79712,1.08,1.19
2014.04.22 16:37:38.619,1.79692,1.79711,1.00,1.19
2014.04.22 16:37:38.720,1.79692,1.79711,1.13,1.00
2014.04.22 16:37:38.929,1.79695,1.79713,1.00,1.19
2014.04.22 16:37:39.889,1.79695,1.79713,1.00,1.25
2014.04.22 16:37:40.924,1.79695,1.79713,1.00,1.19
2014.04.22 16:37:43.546,1.79695,1.79713,1.38,1.19
2014.04.22 16:37:43.697,1.79695,1.79713,1.02,1.00
2014.04.22 16:37:43.798,1.79697,1.79713,1.00,1.00
2014.04.22 16:37:44.101,1.79697,1.79714,1.00,1.19
2014.04.22 16:37:44.736,1.79696,1.79714,1.00,1.19
2014.04.22 16:37:45.227,1.79696,1.79714,1.00,1.00
2014.04.22 16:37:47.114,1.79696,1.79713,1.10,1.10
2014.04.22 16:37:47.417,1.79693,1.79711,1.00,1.00
2014.04.22 16:37:48.146,1.79693,1.79711,1.15,1.00
2014.04.22 16:37:48.399,1.79696,1.79714,1.00,1.00
2014.04.22 16:37:48.500,1.79691,1.7971,1.48,1.00
2014.04.22 16:37:48.803,1.79694,1.79712,1.00,1.00
2014.04.22 16:37:56.257,1.79694,1.79712,1.38,1.00
2014.04.22 16:37:56.766,1.79694,1.79712,1.00,1.00
2014.04.22 16:37:58.394,1.79694,1.79712,1.08,1.00
2014.04.22 16:37:58.789,1.79694,1.79712,1.53,1.00
2014.04.22 16:37:58.941,1.79701,1.7972,1.00,1.00
2014.04.22 16:37:59.143,1.79703,1.79722,1.00,1.00
2014.04.22 16:38:08.320,1.79703,1.79722,1.00,1.19
2014.04.22 16:38:10.840,1.79703,1.79722,1.08,1.19
2014.04.22 16:38:11.143,1.79706,1.79725,1.57,1.00
2014.04.22 16:38:11.346,1.79712,1.79731,1.00,1.25
2014.04.22 16:38:13.341,1.79712,1.79731,1.19,1.00
2014.04.22 16:38:16.159,1.79712,1.79727,1.00,1.10
2014.04.22 16:38:16.412,1.79708,1.79725,1.25,1.10
2014.04.22 16:38:16.513,1.79701,1.7972,1.39,1.00
2014.04.22 16:38:16.717,1.79704,1.79723,1.00,1.58
2014.04.22 16:38:16.870,1.79704,1.79723,1.00,1.77
2014.04.22 16:38:16.971,1.79702,1.79721,1.00,1.19
2014.04.22 16:38:17.865,1.79702,1.79721,1.00,1.25
2014.04.22 16:38:19.370,1.79702,1.79721,1.19,1.00
2014.04.22 16:38:21.381,1.79702,1.79721,1.25,1.00
2014.04.22 16:38:33.834,1.79703,1.79721,1.00,1.25
2014.04.22 16:38:34.137,1.79705,1.79724,1.00,1.19
2014.04.22 16:38:34.990,1.79705,1.79724,1.00,1.00
2014.04.22 16:38:39.976,1.79705,1.79724,1.00,1.19
2014.04.22 16:38:41.992,1.79705,1.79724,1.00,1.19
2014.04.22 16:38:43.004,1.79705,1.79724,1.00,1.19
2014.04.22 16:38:44.032,1.79705,1.79724,1.00,1.19
2014.04.22 16:38:45.014,1.79705,1.79724,1.00,1.19
2014.04.22 16:38:52.180,1.79705,1.79724,1.00,1.25
2014.04.22 16:38:54.147,1.79705,1.79724,1.00,1.19
2014.04.22 16:38:56.156,1.79705,1.79724,1.00,1.19
2014.04.22 16:38:57.091,1.79703,1.79722,1.69,1.00
2014.04.22 16:38:59.210,1.79706,1.79724,1.00,1.19
2014.04.22 16:39:10.137,1.79706,1.79724,1.00,1.00
2014.04.22 16:39:12.624,1.79703,1.79722,1.00,1.00
2014.04.22 16:39:13.173,1.79703,1.79722,2.40,1.00
2014.04.22 16:39:13.375,1.79706,1.79724,1.50,1.00
2014.04.22 16:39:13.477,1.79709,1.79726,1.00,1.10
2014.04.22 16:39:13.527,1.79709,1.79728,1.00,1.58
2014.04.22 16:39:13.830,1.79711,1.7973,1.00,1.77
2014.04.22 16:39:15.154,1.79711,1.7973,1.00,1.77
2014.04.22 16:39:15.897,1.79711,1.79728,1.00,1.10
2014.04.22 16:39:16.621,1.79711,1.79728,1.00,1.29
2014.04.22 16:39:17.179,1.79711,1.79728,1.00,1.29
2014.04.22 16:39:24.731,1.79711,1.79728,1.00,1.29
2014.04.22 16:39:25.732,1.79711,1.79728,1.00,1.29
2014.04.22 16:39:27.441,1.79709,1.79727,1.00,1.19
2014.04.22 16:39:27.978,1.79709,1.79727,1.00,1.19
2014.04.22 16:39:28.686,1.79709,1.79727,1.25,1.00
2014.04.22 16:39:28.788,1.79711,1.7973,1.00,1.19
2014.04.22 16:39:33.295,1.79708,1.79727,1.19,1.00
2014.04.22 16:39:37.187,1.79708,1.79727,1.47,1.00
2014.04.22 16:39:37.238,1.7971,1.79729,1.02,1.25
2014.04.22 16:39:37.390,1.79713,1.79731,1.00,1.19
2014.04.22 16:39:37.441,1.79713,1.79731,1.25,1.00
2014.04.22 16:39:38.650,1.79713,1.79731,1.19,1.00
2014.04.22 16:39:39.922,1.79713,1.79731,1.19,1.00
2014.04.22 16:39:41.934,1.79713,1.79731,1.25,1.00
2014.04.22 16:39:45.162,1.79716,1.79734,1.00,1.77
2014.04.22 16:39:45.701,1.79716,1.79732,1.00,1.10
2014.04.22 16:39:54.461,1.79716,1.79731,1.00,1.10
2014.04.22 16:39:54.667,1.79716,1.79733,1.00,1.10
2014.04.22 16:39:56.228,1.79716,1.79731,1.00,1.10
2014.04.22 16:39:56.926,1.79716,1.79732,1.00,1.10
2014.04.22 16:40:00.182,1.79716,1.79734,1.19,1.00
2014.04.22 16:40:00.700,1.79718,1.79735,1.00,1.10
2014.04.22 16:40:01.264,1.79718,1.79736,1.00,1.10
2014.04.22 16:40:07.441,1.79718,1.79737,1.25,1.77
2014.04.22 16:40:07.943,1.79718,1.79737,1.19,1.00
2014.04.22 16:40:10.383,1.79718,1.79735,1.19,1.10
2014.04.22 16:40:10.703,1.79718,1.79733,1.00,1.10
2014.04.22 16:40:10.855,1.79718,1.79736,1.00,1.10
2014.04.22 16:40:10.956,1.79718,1.79733,1.00,1.10
2014.04.22 16:40:11.523,1.79718,1.79732,1.00,1.10
2014.04.22 16:40:16.891,1.79718,1.79734,1.00,1.10
2014.04.22 16:40:17.209,1.79718,1.79737,1.00,1.19
2014.04.22 16:40:17.495,1.79721,1.7974,1.00,1.95
2014.04.22 16:40:17.930,1.79719,1.79738,1.00,1.00
2014.04.22 16:40:18.362,1.79717,1.79736,1.00,1.00
2014.04.22 16:40:20.369,1.79717,1.79727,1.00,1.00
2014.04.22 16:40:20.471,1.79709,1.79727,3.00,1.00
2014.04.22 16:40:20.522,1.79709,1.79727,3.00,1.19
2014.04.22 16:40:20.572,1.79709,1.79727,2.25,1.19
2014.04.22 16:40:20.673,1.79703,1.79722,1.20,1.25
2014.04.22 16:40:20.926,1.79703,1.79721,1.95,1.00
2014.04.22 16:40:21.027,1.79707,1.79725,1.55,1.00
2014.04.22 16:40:21.079,1.79707,1.79725,1.55,1.00
2014.04.22 16:40:21.452,1.79711,1.79729,1.13,1.00
2014.04.22 16:40:21.553,1.79713,1.79732,1.00,1.00
2014.04.22 16:40:21.785,1.79711,1.7973,1.13,1.00
2014.04.22 16:40:22.651,1.79714,1.79733,1.00,1.00
2014.04.22 16:40:25.070,1.79714,1.79733,1.00,1.19
2014.04.22 16:40:25.475,1.79713,1.79728,1.00,1.10
2014.04.22 16:40:25.696,1.79713,1.79731,1.00,1.00
2014.04.22 16:40:32.369,1.79716,1.79735,1.00,1.77
2014.04.22 16:40:33.250,1.79716,1.79735,1.00,1.77
2014.04.22 16:40:34.019,1.79714,1.79732,1.00,1.25
2014.04.22 16:40:35.568,1.79714,1.79727,1.00,1.00
2014.04.22 16:40:35.780,1.79706,1.79725,1.00,1.25
2014.04.22 16:40:35.881,1.797,1.79719,1.72,1.00
2014.04.22 16:40:36.083,1.79704,1.79723,1.32,1.00
2014.04.22 16:40:36.184,1.79704,1.79723,2.07,1.00
2014.04.22 16:40:36.336,1.79708,1.79726,1.38,1.19
2014.04.22 16:40:36.438,1.79712,1.7973,1.00,1.19
2014.04.22 16:40:36.638,1.79712,1.7973,1.00,1.19
2014.04.22 16:40:37.642,1.79712,1.7973,1.00,1.25
2014.04.22 16:40:37.852,1.79712,1.79727,1.00,1.00
2014.04.22 16:40:38.155,1.79705,1.79723,1.00,1.69
2014.04.22 16:40:38.206,1.79703,1.79722,1.32,1.19
2014.04.22 16:40:38.263,1.79703,1.79722,1.00,1.19
2014.04.22 16:40:38.415,1.79701,1.7972,1.13,1.19
2014.04.22 16:40:38.969,1.79701,1.7972,1.18,1.19
2014.04.22 16:40:39.521,1.79701,1.7972,1.18,1.00
2014.04.22 16:40:40.921,1.79701,1.7972,1.10,1.00
2014.04.22 16:40:42.071,1.79701,1.79719,1.00,1.84
2014.04.22 16:40:42.273,1.79692,1.79711,1.00,1.19
2014.04.22 16:40:42.374,1.79689,1.79708,1.00,1.25
2014.04.22 16:40:42.475,1.79698,1.7971,1.00,1.02
2014.04.22 16:40:43.146,1.79697,1.79715,1.00,1.92
2014.04.22 16:40:43.520,1.79697,1.79715,1.00,1.77
2014.04.22 16:40:44.079,1.79697,1.79713,1.00,1.10
2014.04.22 16:40:44.180,1.79697,1.79711,1.00,1.10
2014.04.22 16:40:44.232,1.79694,1.79711,1.00,1.29
2014.04.22 16:40:44.736,1.79694,1.79712,1.00,1.00
2014.04.22 16:40:47.512,1.79696,1.79715,1.00,1.00
2014.04.22 16:40:53.947,1.79696,1.79715,1.00,1.19
2014.04.22 16:41:00.727,1.79694,1.79712,1.25,1.00
2014.04.22 16:41:07.541,1.79697,1.79716,1.00,1.39
2014.04.22 16:41:13.689,1.79697,1.79716,1.00,1.67
2014.04.22 16:41:14.510,1.79697,1.79716,1.00,1.67
2014.04.22 16:41:15.514,1.79697,1.79716,1.00,1.67
2014.04.22 16:41:18.540,1.79697,1.79716,1.00,1.67
2014.04.22 16:41:19.499,1.79697,1.79716,1.00,1.67
2014.04.22 16:41:20.546,1.79697,1.79716,1.00,2.29
2014.04.22 16:41:21.548,1.79697,1.79716,1.00,1.72
2014.04.22 16:41:25.256,1.79697,1.79713,1.00,1.77
2014.04.22 16:41:25.407,1.79694,1.79707,1.00,1.10
2014.04.22 16:41:25.509,1.7969,1.79707,1.00,1.10
2014.04.22 16:41:25.834,1.79687,1.79705,1.25,1.00
2014.04.22 16:41:26.370,1.79689,1.79708,1.00,1.00
2014.04.22 16:41:28.616,1.79689,1.79707,1.00,1.38
2014.04.22 16:41:28.820,1.79684,1.79703,1.18,1.00
2014.04.22 16:41:28.922,1.79682,1.797,1.25,1.00
2014.04.22 16:41:30.229,1.79682,1.797,1.63,1.00
2014.04.22 16:41:30.330,1.79687,1.79706,1.00,1.58
2014.04.22 16:41:30.532,1.7969,1.79709,1.00,1.00
2014.04.22 16:41:31.667,1.79693,1.79711,1.00,1.00
2014.04.22 16:41:31.996,1.79695,1.79713,1.00,1.10
2014.04.22 16:41:32.298,1.79686,1.79705,1.00,1.50
2014.04.22 16:41:32.399,1.79686,1.79705,1.00,1.69
2014.04.22 16:41:32.657,1.79683,1.79702,1.00,1.25
2014.04.22 16:41:33.436,1.79683,1.79702,1.00,1.19
2014.04.22 16:41:34.007,1.79683,1.79702,1.00,1.29
2014.04.22 16:41:34.057,1.79681,1.797,1.00,1.19
2014.04.22 16:41:34.108,1.79681,1.797,1.25,1.00
2014.04.22 16:41:34.655,1.79681,1.797,1.38,1.00
2014.04.22 16:41:34.960,1.79689,1.79703,1.00,1.10
2014.04.22 16:41:35.616,1.79689,1.79705,1.00,1.10
2014.04.22 16:41:37.070,1.79689,1.79707,1.00,1.10
2014.04.22 16:41:38.137,1.79693,1.79707,1.00,1.10
2014.04.22 16:41:38.389,1.79691,1.79707,1.00,1.10
2014.04.22 16:41:39.035,1.79693,1.79707,1.00,1.10
2014.04.22 16:41:40.818,1.79693,1.79708,1.00,1.10
2014.04.22 16:41:44.444,1.79693,1.7971,1.25,1.10
2014.04.22 16:41:44.668,1.79693,1.79712,1.25,1.25
2014.04.22 16:41:45.117,1.79696,1.79715,1.00,1.38
2014.04.22 16:41:45.854,1.79696,1.79715,1.00,1.00
2014.04.22 16:41:46.971,1.79696,1.79714,1.00,1.20
2014.04.22 16:41:47.223,1.79692,1.79711,1.00,1.00
2014.04.22 16:41:47.526,1.79689,1.79708,1.18,1.00
2014.04.22 16:41:50.150,1.79692,1.79711,1.00,1.00
2014.04.22 16:41:51.375,1.79694,1.79711,1.10,1.00
2014.04.22 16:41:51.627,1.79697,1.79716,1.13,1.00
2014.04.22 16:41:52.470,1.79694,1.79713,1.55,1.00
2014.04.22 16:41:53.675,1.79694,1.79713,1.55,1.00
2014.04.22 16:42:16.746,1.79695,1.79713,2.14,1.00
2014.04.22 16:42:17.001,1.79701,1.79718,1.13,1.00
2014.04.22 16:42:17.104,1.79705,1.79723,1.00,1.00
2014.04.22 16:42:19.769,1.79707,1.79726,1.00,1.00
2014.04.22 16:42:21.321,1.79705,1.79724,1.00,1.00
2014.04.22 16:42:21.630,1.79703,1.79722,1.00,1.00
2014.04.22 16:42:23.502,1.79698,1.79716,2.14,1.00
2014.04.22 16:42:23.603,1.79702,1.79721,1.00,1.00
2014.04.22 16:42:35.491,1.79702,1.79721,1.25,1.38
2014.04.22 16:42:35.793,1.79688,1.79705,2.22,1.00
2014.04.22 16:42:42.250,1.79687,1.79705,2.25,1.19
2014.04.22 16:42:42.301,1.79688,1.79709,1.00,1.77
2014.04.22 16:42:42.402,1.79687,1.79697,1.00,1.10
2014.04.22 16:42:42.553,1.79683,1.79697,1.00,1.10
2014.04.22 16:42:42.655,1.79681,1.79697,1.00,1.10
2014.04.22 16:42:42.958,1.79681,1.79699,1.00,1.00
2014.04.22 16:42:43.413,1.79677,1.79695,1.53,1.00
2014.04.22 16:42:47.736,1.79679,1.79695,1.20,1.00
2014.04.22 16:42:47.837,1.7968,1.79699,1.15,1.00
2014.04.22 16:42:48.090,1.7968,1.79699,1.00,1.00
2014.04.22 16:42:48.140,1.79678,1.79696,1.10,1.00
2014.04.22 16:42:48.444,1.79683,1.79699,1.00,1.39
2014.04.22 16:42:48.494,1.79676,1.79694,1.00,1.00
2014.04.22 16:42:49.044,1.79673,1.79692,1.10,1.00
2014.04.22 16:43:06.256,1.79673,1.79692,1.00,1.19
2014.04.22 16:43:07.258,1.79673,1.79692,1.00,1.25
2014.04.22 16:43:09.288,1.79673,1.79692,1.00,1.19
2014.04.22 16:43:14.307,1.79673,1.79692,1.00,1.25
2014.04.22 16:43:21.449,1.79671,1.7969,1.00,1.00
2014.04.22 16:43:23.364,1.79671,1.7969,1.19,1.00
2014.04.22 16:43:26.353,1.79671,1.7969,1.25,1.00
2014.04.22 16:43:26.888,1.79671,1.7969,1.09,1.00
2014.04.22 16:43:27.230,1.79676,1.79695,1.00,1.19
2014.04.22 16:43:27.399,1.79676,1.79695,1.00,1.00
2014.04.22 16:43:30.221,1.79676,1.79695,1.00,1.38
2014.04.22 16:43:32.779,1.79674,1.79692,1.00,1.13
2014.04.22 16:43:40.411,1.79674,1.79692,1.00,1.32
2014.04.22 16:43:41.414,1.79674,1.79692,1.00,1.32
2014.04.22 16:43:46.436,1.79672,1.7969,1.00,1.00
2014.04.22 16:43:52.350,1.79675,1.79693,1.00,1.38
2014.04.22 16:44:03.363,1.79677,1.79696,1.00,1.57
2014.04.22 16:44:04.163,1.79673,1.79692,1.00,1.32
2014.04.22 16:44:06.531,1.79673,1.79692,1.19,1.13
2014.04.22 16:44:07.554,1.79673,1.79692,1.25,1.13
2014.04.22 16:44:12.567,1.79673,1.79692,1.69,1.00
2014.04.22 16:44:12.618,1.79676,1.79695,1.00,1.57
2014.04.22 16:44:16.968,1.79676,1.79695,1.00,1.00
2014.04.22 16:44:21.418,1.79676,1.79695,1.00,1.38
2014.04.22 16:44:21.851,1.79674,1.79692,1.00,1.00
2014.04.22 16:44:23.295,1.7968,1.79699,1.00,2.29
2014.04.22 16:44:24.345,1.7968,1.79699,1.00,2.10
2014.04.22 16:44:31.773,1.7968,1.79699,1.00,2.29
2014.04.22 16:44:32.076,1.7968,1.79699,1.00,2.29
2014.04.22 16:44:32.177,1.79673,1.79691,1.50,1.00
2014.04.22 16:44:34.809,1.79676,1.79695,1.00,1.00
2014.04.22 16:44:40.748,1.79674,1.79692,1.00,1.00
2014.04.22 16:44:43.539,1.79673,1.7969,1.00,1.00
2014.04.22 16:44:47.554,1.79672,1.7969,1.25,1.00
2014.04.22 16:44:53.117,1.79675,1.79693,1.00,1.25
2014.04.22 16:44:59.053,1.79679,1.79696,1.00,2.14
2014.04.22 16:45:02.656,1.79675,1.79693,1.00,1.00
2014.04.22 16:45:03.662,1.79675,1.79689,1.00,1.10
2014.04.22 16:45:03.849,1.79672,1.79689,1.00,1.10
2014.04.22 16:45:06.598,1.79675,1.79689,1.00,1.10
2014.04.22 16:45:11.773,1.79672,1.79689,1.00,1.10
2014.04.22 16:45:12.788,1.79675,1.79689,1.00,1.10
2014.04.22 16:45:19.371,1.79677,1.79689,1.00,1.10
2014.04.22 16:45:21.929,1.79674,1.79689,1.00,1.10
2014.04.22 16:45:23.907,1.79678,1.79689,1.00,1.10
2014.04.22 16:45:27.861,1.79674,1.79689,1.00,1.10
2014.04.22 16:45:29.922,1.79679,1.79689,1.00,1.10
2014.04.22 16:45:30.028,1.79676,1.79689,1.00,1.10
2014.04.22 16:45:31.898,1.79678,1.79689,1.00,1.10
2014.04.22 16:45:33.898,1.79676,1.79689,1.00,1.10
2014.04.22 16:45:37.008,1.79678,1.79689,1.00,1.10
2014.04.22 16:45:37.314,1.79675,1.79689,1.00,1.10
2014.04.22 16:45:38.218,1.79672,1.79689,1.00,1.10
2014.04.22 16:45:40.585,1.79672,1.7969,1.25,1.00
2014.04.22 16:45:40.798,1.79684,1.79692,1.00,1.20
2014.04.22 16:45:41.102,1.79687,1.79705,1.28,1.10
2014.04.22 16:45:41.152,1.79689,1.79708,1.19,1.00
2014.04.22 16:45:41.405,1.7969,1.79708,1.13,1.00
2014.04.22 16:45:41.557,1.79693,1.79708,1.00,1.00
2014.04.22 16:45:41.938,1.79693,1.79711,1.00,1.00
2014.04.22 16:45:42.045,1.79693,1.79709,1.00,1.10
2014.04.22 16:45:42.556,1.79693,1.7971,1.13,1.58
2014.04.22 16:45:43.444,1.79693,1.79709,1.13,1.10
2014.04.22 16:45:45.614,1.79696,1.79709,1.00,1.10
2014.04.22 16:45:45.917,1.79703,1.7972,1.38,1.10
2014.04.22 16:45:46.069,1.79702,1.7972,1.00,1.10
2014.04.22 16:45:46.170,1.79702,1.7972,1.00,1.48
2014.04.22 16:45:46.321,1.79695,1.79712,1.00,1.10
2014.04.22 16:45:46.423,1.79695,1.7971,1.00,1.10
2014.04.22 16:45:46.474,1.7969,1.79709,1.00,1.00
2014.04.22 16:45:46.575,1.79695,1.7971,1.00,1.10
2014.04.22 16:45:46.777,1.79689,1.79708,1.00,1.00
2014.04.22 16:45:46.979,1.79692,1.7971,1.00,1.00
2014.04.22 16:45:47.510,1.79692,1.79709,1.00,1.10
2014.04.22 16:45:49.416,1.79692,1.7971,1.00,1.00
2014.04.22 16:45:49.870,1.79689,1.79708,1.00,1.00
2014.04.22 16:45:51.366,1.79689,1.79708,1.38,1.00
2014.04.22 16:45:51.619,1.79692,1.7971,1.10,1.00
2014.04.22 16:45:51.670,1.79694,1.7971,1.40,1.00
2014.04.22 16:45:51.721,1.79697,1.79716,1.10,1.00
2014.04.22 16:45:51.873,1.79697,1.79716,2.00,1.00
2014.04.22 16:45:52.075,1.79703,1.79721,1.15,1.58
2014.04.22 16:45:52.406,1.79702,1.7972,1.00,1.00
2014.04.22 16:45:52.612,1.79698,1.79717,1.19,1.00
2014.04.22 16:45:52.763,1.79698,1.79716,1.00,1.10
2014.04.22 16:45:52.814,1.79702,1.79716,1.00,1.10
2014.04.22 16:45:52.966,1.79699,1.79715,1.00,1.10
2014.04.22 16:45:53.143,1.79699,1.79718,1.00,1.00
2014.04.22 16:45:53.396,1.79697,1.79716,1.00,1.00
2014.04.22 16:45:53.942,1.79697,1.79715,1.00,1.00
2014.04.22 16:45:54.289,1.79695,1.79706,1.20,1.00
2014.04.22 16:45:59.293,1.79693,1.79706,1.99,1.00
2014.04.22 16:46:00.081,1.79697,1.79716,1.00,1.00
2014.04.22 16:46:00.182,1.79697,1.79712,1.00,1.10
2014.04.22 16:46:02.362,1.79697,1.79708,1.00,1.10
2014.04.22 16:46:02.514,1.79697,1.7971,1.00,1.10
2014.04.22 16:46:02.708,1.79697,1.79712,1.00,1.10
2014.04.22 16:46:02.913,1.79697,1.79716,1.00,1.00
2014.04.22 16:46:05.683,1.79697,1.79716,1.00,1.08
2014.04.22 16:46:05.784,1.79697,1.79716,1.00,1.53
2014.04.22 16:46:05.835,1.79693,1.79712,1.00,1.10
2014.04.22 16:46:05.936,1.79691,1.7971,1.00,1.00
2014.04.22 16:46:06.459,1.79691,1.79709,1.00,1.10
2014.04.22 16:46:07.374,1.79688,1.79707,1.00,1.00
2014.04.22 16:46:07.772,1.79683,1.79697,1.02,1.00
2014.04.22 16:46:07.878,1.79686,1.79705,1.25,1.00
2014.04.22 16:46:09.300,1.79686,1.79705,1.19,1.00
2014.04.22 16:46:10.278,1.79686,1.79705,1.25,1.00
2014.04.22 16:46:10.755,1.79685,1.79703,1.32,1.00
2014.04.22 16:46:13.794,1.79685,1.79703,1.32,1.00
2014.04.22 16:46:15.201,1.79684,1.79703,1.57,1.00
2014.04.22 16:46:16.018,1.79686,1.79705,1.25,1.00
2014.04.22 16:46:17.212,1.79686,1.79705,1.19,1.00
2014.04.22 16:46:18.218,1.79686,1.79705,1.69,1.00
2014.04.22 16:46:21.882,1.79685,1.79703,1.32,1.00
2014.04.22 16:46:22.864,1.79685,1.79703,1.32,1.00
2014.04.22 16:46:25.897,1.79684,1.79703,1.57,1.00
2014.04.22 16:46:26.580,1.79684,1.79703,1.57,1.00
2014.04.22 16:46:27.284,1.79684,1.79703,2.07,1.00
2014.04.22 16:46:29.239,1.79684,1.79703,2.07,1.00
2014.04.22 16:46:34.134,1.79684,1.79703,2.07,1.00
2014.04.22 16:46:34.437,1.79686,1.79705,1.19,1.00
2014.04.22 16:46:36.719,1.79688,1.79707,1.19,1.10
2014.04.22 16:46:37.367,1.79688,1.79707,1.00,1.10
2014.04.22 16:46:40.249,1.79685,1.79704,1.32,1.00
2014.04.22 16:46:40.690,1.79685,1.79704,1.32,1.00
2014.04.22 16:46:42.389,1.79685,1.79704,2.07,1.00
2014.04.22 16:46:44.380,1.79685,1.79704,2.07,1.00
2014.04.22 16:46:47.258,1.79687,1.79706,1.19,1.00
2014.04.22 16:46:49.430,1.79687,1.79706,1.19,1.00
2014.04.22 16:46:53.363,1.79687,1.79706,1.19,1.00
2014.04.22 16:46:54.411,1.79687,1.79706,1.19,1.00
2014.04.22 16:46:55.213,1.79687,1.79706,1.69,1.00
2014.04.22 16:46:56.179,1.79687,1.79706,1.19,1.00
2014.04.22 16:46:57.186,1.79687,1.79706,1.19,1.00
2014.04.22 16:46:58.392,1.79687,1.79706,1.19,1.00
2014.04.22 16:47:01.402,1.79687,1.79706,1.19,1.00
2014.04.22 16:47:05.481,1.79687,1.79706,1.19,1.00
2014.04.22 16:47:08.468,1.79687,1.79706,1.19,1.00
2014.04.22 16:47:09.470,1.79687,1.79706,1.19,1.00
2014.04.22 16:47:10.269,1.79687,1.79706,1.19,1.08
2014.04.22 16:47:10.370,1.79687,1.79706,1.00,1.15
2014.04.22 16:47:10.471,1.79681,1.79693,2.82,1.00
2014.04.22 16:47:10.724,1.79682,1.79701,1.19,1.15
2014.04.22 16:47:10.825,1.79681,1.79698,2.44,1.00
2014.04.22 16:47:10.926,1.79681,1.79698,2.25,1.15
2014.04.22 16:47:11.441,1.79676,1.79695,1.19,1.10
2014.04.22 16:47:12.069,1.79676,1.79695,1.57,1.10
2014.04.22 16:47:14.102,1.79676,1.79695,1.57,1.10
2014.04.22 16:47:15.321,1.79676,1.79695,1.57,1.00
2014.04.22 16:47:17.529,1.79678,1.79697,1.19,1.18
2014.04.22 16:47:18.300,1.79678,1.79697,1.19,1.18
2014.04.22 16:47:20.303,1.79678,1.79697,1.19,1.18
2014.04.22 16:47:24.539,1.79678,1.79697,1.19,1.18
2014.04.22 16:47:25.543,1.79678,1.79697,1.19,1.18
2014.04.22 16:47:31.316,1.79678,1.79697,1.19,1.18
2014.04.22 16:47:33.274,1.79678,1.79697,1.19,1.18
2014.04.22 16:47:34.278,1.79678,1.79697,1.19,1.18
2014.04.22 16:47:35.830,1.7968,1.79699,1.63,1.15
2014.04.22 16:47:36.134,1.79683,1.79702,2.07,1.00
2014.04.22 16:47:36.633,1.79683,1.79702,1.63,1.00
2014.04.22 16:47:37.040,1.79686,1.79705,1.00,1.15
2014.04.22 16:47:37.292,1.79686,1.79705,1.09,1.00
2014.04.22 16:47:37.401,1.79686,1.79705,1.28,1.00
2014.04.22 16:47:39.516,1.79686,1.79705,2.03,1.00
2014.04.22 16:47:40.434,1.79686,1.79705,2.03,1.00
2014.04.22 16:47:42.487,1.79686,1.79705,1.19,1.00
2014.04.22 16:47:42.689,1.79686,1.79704,1.00,1.20
2014.04.22 16:47:42.841,1.79682,1.79701,1.19,1.00
2014.04.22 16:47:43.965,1.79682,1.797,1.19,1.10
2014.04.22 16:47:44.610,1.79682,1.79701,1.19,1.58
2014.04.22 16:47:45.536,1.79682,1.797,1.19,1.18
2014.04.22 16:47:45.692,1.79679,1.79698,1.32,1.00
2014.04.22 16:47:45.742,1.79679,1.79696,1.32,1.10
2014.04.22 16:47:45.995,1.79676,1.79692,1.00,1.58
2014.04.22 16:47:46.046,1.7967,1.79684,2.59,1.00
2014.04.22 16:47:46.298,1.79677,1.79696,1.00,1.15
2014.04.22 16:47:46.399,1.79671,1.7969,1.38,1.00
2014.04.22 16:47:50.134,1.79673,1.79692,1.57,1.00
2014.04.22 16:47:51.308,1.79673,1.79692,2.07,1.00
2014.04.22 16:47:52.513,1.79673,1.79692,1.57,1.00
2014.04.22 16:47:52.564,1.79671,1.79683,1.57,1.00
2014.04.22 16:47:52.666,1.79672,1.7969,1.57,1.00
2014.04.22 16:47:52.767,1.7967,1.79683,1.57,1.00
2014.04.22 16:47:52.957,1.79671,1.79689,1.63,1.00
2014.04.22 16:47:53.263,1.79671,1.79689,1.63,1.00
2014.04.22 16:47:53.727,1.79673,1.79692,1.00,1.00
2014.04.22 16:47:56.839,1.79668,1.79687,1.57,1.00
2014.04.22 16:47:56.959,1.79671,1.7969,1.38,1.00
2014.04.22 16:47:58.276,1.79668,1.79687,1.57,1.00
2014.04.22 16:47:58.456,1.7967,1.79689,1.63,1.00
2014.04.22 16:48:01.309,1.7967,1.79689,1.57,1.00
2014.04.22 16:48:05.301,1.7967,1.79689,1.57,1.00
2014.04.22 16:48:05.751,1.79672,1.79691,1.32,1.00
2014.04.22 16:48:08.319,1.79672,1.79691,1.32,1.00
2014.04.22 16:48:09.123,1.79672,1.79691,1.32,1.00
2014.04.22 16:48:10.129,1.79672,1.79691,1.32,1.00
2014.04.22 16:48:10.339,1.79672,1.79691,1.13,1.00
2014.04.22 16:48:10.390,1.79672,1.79689,1.13,1.10
2014.04.22 16:48:10.642,1.79672,1.79691,1.13,1.58
2014.04.22 16:48:14.378,1.79673,1.79691,1.25,1.00
2014.04.22 16:48:14.936,1.79673,1.79691,1.63,1.00
2014.04.22 16:48:15.352,1.79673,1.79691,2.07,1.00
2014.04.22 16:48:16.359,1.79673,1.79691,2.82,1.00
2014.04.22 16:48:17.366,1.79673,1.79691,2.82,1.00
2014.04.22 16:48:17.822,1.79675,1.79694,1.32,1.00
2014.04.22 16:48:19.977,1.79675,1.79694,2.07,1.00
2014.04.22 16:48:20.981,1.79676,1.79694,1.57,1.00
2014.04.22 16:48:24.450,1.79675,1.79694,1.38,1.00
2014.04.22 16:48:38.097,1.79675,1.79694,1.74,1.00
2014.04.22 16:48:41.139,1.79675,1.79694,1.57,1.00
2014.04.22 16:48:42.113,1.79675,1.79694,1.32,1.00
2014.04.22 16:48:43.117,1.79673,1.79692,2.07,1.00
2014.04.22 16:48:44.551,1.79673,1.79692,2.07,1.00
2014.04.22 16:48:45.104,1.79673,1.79691,1.19,1.00
2014.04.22 16:48:45.615,1.79673,1.79691,1.19,1.00
2014.04.22 16:48:46.533,1.79673,1.79691,1.25,1.00
2014.04.22 16:48:47.868,1.79673,1.79691,1.19,1.00
2014.04.22 16:48:48.861,1.79673,1.79691,1.25,1.00
2014.04.22 16:48:50.588,1.79673,1.79691,1.57,1.00
2014.04.22 16:48:50.639,1.79674,1.79693,1.32,1.00
2014.04.22 16:48:51.609,1.79674,1.79693,1.32,1.00
2014.04.22 16:48:54.583,1.79674,1.79693,1.57,1.00
2014.04.22 16:48:56.734,1.79674,1.79693,1.57,1.00
2014.04.22 16:48:58.270,1.79674,1.79689,1.57,1.10
2014.04.22 16:48:58.321,1.79674,1.79689,1.57,1.10
2014.04.22 16:48:58.422,1.79669,1.79688,1.13,1.00
2014.04.22 16:48:58.676,1.79665,1.79681,1.00,1.10
2014.04.22 16:48:59.181,1.79665,1.7968,1.00,1.10
2014.04.22 16:48:59.433,1.79662,1.79681,1.00,1.58
2014.04.22 16:49:00.606,1.79664,1.79682,1.00,1.10
2014.04.22 16:49:02.052,1.79667,1.79682,1.00,1.10
2014.04.22 16:49:02.262,1.79665,1.79682,1.00,1.10
2014.04.22 16:49:03.112,1.79665,1.79679,1.00,1.00
2014.04.22 16:49:03.365,1.7966,1.79679,1.25,1.50
2014.04.22 16:49:03.926,1.7966,1.79679,1.19,1.00
2014.04.22 16:49:04.027,1.79664,1.79679,1.00,1.00
2014.04.22 16:49:04.678,1.79662,1.79679,1.00,1.00
2014.04.22 16:49:04.729,1.79662,1.79681,1.00,1.00
2014.04.22 16:49:05.121,1.79659,1.79678,1.19,1.00
2014.04.22 16:49:05.695,1.79661,1.7968,1.25,1.00
2014.04.22 16:49:06.240,1.79661,1.7968,1.19,1.00
2014.04.22 16:49:06.988,1.79661,1.7968,1.25,1.00
2014.04.22 16:49:07.627,1.79661,1.79677,1.25,1.58
2014.04.22 16:49:08.459,1.79661,1.79679,1.25,1.10
2014.04.22 16:49:09.656,1.79663,1.79679,1.00,1.10
2014.04.22 16:49:11.315,1.79663,1.79679,1.08,1.10
2014.04.22 16:49:11.618,1.79669,1.79685,1.00,1.10
2014.04.22 16:49:11.669,1.79669,1.79682,1.00,1.10
2014.04.22 16:49:12.148,1.79669,1.79682,1.15,1.10
2014.04.22 16:49:12.462,1.79669,1.79684,1.15,1.10
2014.04.22 16:49:14.295,1.79668,1.79684,1.13,1.10
2014.04.22 16:49:16.785,1.7967,1.79684,1.00,1.10
2014.04.22 16:49:16.937,1.7967,1.79686,1.55,1.10
2014.04.22 16:49:17.240,1.79674,1.79686,1.00,1.10
2014.04.22 16:49:17.909,1.7967,1.79686,1.47,1.10
2014.04.22 16:49:18.492,1.79672,1.79686,1.00,1.10
2014.04.22 16:49:24.034,1.79671,1.79686,1.39,1.10
2014.04.22 16:49:25.051,1.79671,1.79686,1.20,1.10
2014.04.22 16:49:34.640,1.79671,1.79682,1.00,1.10
2014.04.22 16:49:34.843,1.79665,1.79681,1.00,1.10
2014.04.22 16:49:34.894,1.79665,1.79678,1.00,1.10
2014.04.22 16:49:35.827,1.79661,1.79678,1.37,1.10
2014.04.22 16:49:36.712,1.79663,1.79678,1.00,1.10
2014.04.22 16:49:37.246,1.79661,1.79678,1.18,1.10
2014.04.22 16:49:40.145,1.79661,1.79677,1.37,1.10
2014.04.22 16:49:40.296,1.79661,1.7968,1.37,1.00
2014.04.22 16:49:40.347,1.79665,1.79681,1.00,1.10
2014.04.22 16:49:40.690,1.79665,1.79684,1.00,1.58
2014.04.22 16:49:40.791,1.79665,1.79684,1.19,1.58
2014.04.22 16:49:41.195,1.79668,1.79684,1.19,1.00
2014.04.22 16:49:41.296,1.79671,1.79688,1.00,1.10
2014.04.22 16:49:42.136,1.79669,1.79688,1.00,1.58
2014.04.22 16:49:43.502,1.79667,1.79686,1.20,1.00
2014.04.22 16:49:43.838,1.79669,1.79685,1.00,1.10
2014.04.22 16:49:44.373,1.79669,1.79684,1.00,1.10
2014.04.22 16:49:45.104,1.79669,1.79685,1.00,1.10
2014.04.22 16:49:45.154,1.79667,1.79685,1.10,1.10
2014.04.22 16:49:45.356,1.79672,1.79685,1.00,1.10
2014.04.22 16:49:47.226,1.7967,1.79687,1.40,1.10
2014.04.22 16:49:47.889,1.79673,1.79687,1.00,1.10
2014.04.22 16:49:50.540,1.79671,1.79687,1.18,1.10
2014.04.22 16:49:51.056,1.79666,1.79684,2.22,1.00
2014.04.22 16:49:51.410,1.7967,1.79684,1.20,1.00
2014.04.22 16:49:51.612,1.79672,1.79691,1.15,1.00
2014.04.22 16:49:51.965,1.79672,1.79691,2.25,1.00
2014.04.22 16:49:57.222,1.79672,1.79691,1.72,1.00
2014.04.22 16:49:57.795,1.79672,1.7969,1.34,1.00
2014.04.22 16:49:58.650,1.7967,1.79687,1.02,1.00
2014.04.22 16:49:58.884,1.79671,1.79689,1.34,1.00
2014.04.22 16:50:01.299,1.79671,1.79689,1.34,1.00
2014.04.22 16:50:02.300,1.79671,1.79689,1.34,1.00
2014.04.22 16:50:08.790,1.7967,1.79688,1.02,1.00
2014.04.22 16:50:10.346,1.79666,1.79683,2.89,1.00
2014.04.22 16:50:10.516,1.79669,1.79688,1.34,1.00
2014.04.22 16:50:12.041,1.79669,1.79688,1.34,1.00
2014.04.22 16:50:14.185,1.79667,1.79685,1.34,1.00
2014.04.22 16:50:14.366,1.79669,1.79688,1.34,1.00
2014.04.22 16:50:15.161,1.79667,1.79685,1.34,1.00
2014.04.22 16:50:15.356,1.79669,1.79688,1.34,1.00
2014.04.22 16:50:15.508,1.79672,1.79688,1.02,1.00
2014.04.22 16:50:16.475,1.79672,1.7969,1.39,1.00
2014.04.22 16:50:17.606,1.79675,1.79694,1.40,1.00
2014.04.22 16:50:18.998,1.79672,1.7969,1.39,1.00
2014.04.22 16:50:19.207,1.79673,1.79692,1.47,1.00
2014.04.22 16:50:20.630,1.79673,1.79692,1.39,1.00
2014.04.22 16:50:21.221,1.79675,1.79694,1.00,1.00
2014.04.22 16:50:23.102,1.79675,1.79694,1.19,1.00
2014.04.22 16:50:25.119,1.79675,1.79694,1.19,1.00
2014.04.22 16:50:29.329,1.79675,1.79694,1.19,1.00
2014.04.22 16:50:30.338,1.79675,1.79694,1.19,1.00
2014.04.22 16:50:31.232,1.79677,1.79696,1.25,1.00
2014.04.22 16:50:31.514,1.79677,1.79696,1.19,1.00
2014.04.22 16:50:32.314,1.79676,1.79695,1.32,1.00
2014.04.22 16:50:32.374,1.79676,1.79695,1.13,1.00
2014.04.22 16:50:36.421,1.79676,1.79695,1.19,1.00
2014.04.22 16:50:37.400,1.79676,1.79695,1.00,1.00
2014.04.22 16:50:38.065,1.79676,1.79695,1.18,1.00
2014.04.22 16:50:47.460,1.79676,1.79695,1.37,1.00
2014.04.22 16:50:48.464,1.79676,1.79695,1.18,1.00
2014.04.22 16:50:54.774,1.79673,1.79692,1.34,1.00
2014.04.22 16:50:58.526,1.79673,1.79692,1.15,1.00
2014.04.22 16:50:59.192,1.79673,1.79692,1.15,1.00
2014.04.22 16:51:02.527,1.79673,1.79692,1.34,1.00
2014.04.22 16:51:04.957,1.79673,1.79692,1.34,1.00
2014.04.22 16:51:05.310,1.79671,1.7969,1.29,1.00
2014.04.22 16:51:05.562,1.7967,1.79689,2.03,1.00
2014.04.22 16:51:09.303,1.79669,1.79688,2.22,1.00
2014.04.22 16:51:10.847,1.79671,1.7969,1.32,1.00
2014.04.22 16:51:13.589,1.79671,1.7969,1.32,1.00
2014.04.22 16:51:15.598,1.79671,1.7969,1.32,1.00
2014.04.22 16:51:18.824,1.79671,1.7969,1.32,1.00
2014.04.22 16:51:20.412,1.79673,1.79692,1.37,1.00
2014.04.22 16:51:20.722,1.79675,1.79694,1.00,1.00
2014.04.22 16:51:21.619,1.79675,1.79694,1.19,1.00
2014.04.22 16:51:22.187,1.79674,1.79693,1.29,1.00
2014.04.22 16:51:22.876,1.79674,1.79693,1.29,1.00
2014.04.22 16:51:25.656,1.79674,1.79693,1.29,1.00
2014.04.22 16:51:28.645,1.79674,1.79693,1.29,1.00
2014.04.22 16:51:30.680,1.79674,1.79693,1.67,1.00
2014.04.22 16:51:31.656,1.79674,1.79693,1.67,1.00
2014.04.22 16:51:38.085,1.79673,1.79689,1.47,1.00
2014.04.22 16:51:38.965,1.79673,1.79691,1.47,1.00
2014.04.22 16:51:39.705,1.79673,1.79691,1.47,1.00
2014.04.22 16:51:43.323,1.79672,1.79691,1.34,1.00
2014.04.22 16:51:43.592,1.7967,1.79689,1.34,1.00
2014.04.22 16:51:43.744,1.7967,1.79689,1.00,1.00
2014.04.22 16:51:43.946,1.79668,1.79687,1.13,1.00
2014.04.22 16:51:54.145,1.7967,1.79689,1.00,1.58
2014.04.22 16:51:56.791,1.79667,1.79686,1.39,1.00
2014.04.22 16:51:57.120,1.7967,1.79689,1.00,1.58
2014.04.22 16:51:57.775,1.79667,1.79686,1.02,1.00
2014.04.22 16:51:58.289,1.79667,1.79686,1.67,1.00
2014.04.22 16:51:58.711,1.79669,1.79686,1.27,1.00
2014.04.22 16:51:58.913,1.79672,1.79691,1.74,1.00
2014.04.22 16:51:59.766,1.79668,1.79687,2.22,1.00
2014.04.22 16:51:59.817,1.79668,1.79687,1.74,1.00
2014.04.22 16:52:00.742,1.79668,1.79687,1.47,1.00
2014.04.22 16:52:01.258,1.79669,1.79688,1.10,1.00
2014.04.22 16:52:01.635,1.79663,1.79682,1.58,1.00
2014.04.22 16:52:01.938,1.79663,1.79682,1.48,1.00
2014.04.22 16:52:02.245,1.79663,1.79682,1.15,1.00
2014.04.22 16:52:03.293,1.79665,1.79684,1.15,1.00
2014.04.22 16:52:04.435,1.79663,1.79682,1.15,1.00
2014.04.22 16:52:06.966,1.79665,1.79684,1.15,1.00
2014.04.22 16:52:07.296,1.79663,1.79681,1.15,1.00
2014.04.22 16:52:08.395,1.79664,1.79683,1.40,1.00
2014.04.22 16:52:08.949,1.79662,1.7968,2.14,1.00
2014.04.22 16:52:11.922,1.79662,1.7968,2.89,1.00
2014.04.22 16:52:12.917,1.79662,1.7968,2.14,1.00
2014.04.22 16:52:13.931,1.79662,1.7968,2.89,1.00
2014.04.22 16:52:14.713,1.79662,1.7968,2.14,1.00
2014.04.22 16:52:17.257,1.79666,1.7968,1.47,1.00
2014.04.22 16:52:17.308,1.79666,1.79685,2.22,1.00
2014.04.22 16:52:17.359,1.79666,1.79685,2.97,1.00
2014.04.22 16:52:18.247,1.79667,1.79685,1.67,1.00
2014.04.22 16:52:18.776,1.79667,1.79686,2.14,1.00
2014.04.22 16:52:21.790,1.79667,1.79686,2.14,1.00
2014.04.22 16:52:22.294,1.79667,1.79686,1.57,1.00
2014.04.22 16:52:22.639,1.79666,1.79684,2.07,1.00
2014.04.22 16:52:23.044,1.79666,1.7968,1.57,1.00
2014.04.22 16:52:23.359,1.79665,1.79682,1.67,1.00
2014.04.22 16:52:24.288,1.79664,1.79682,2.22,1.00
2014.04.22 16:52:28.305,1.79665,1.79682,1.67,1.00
2014.04.22 16:52:32.339,1.79666,1.79682,1.57,1.00
2014.04.22 16:52:36.233,1.79666,1.79685,2.07,1.00
2014.04.22 16:52:37.295,1.79666,1.79685,1.69,1.00
2014.04.22 16:52:37.346,1.79666,1.79682,1.19,1.00
2014.04.22 16:52:37.576,1.79666,1.79685,1.69,1.00
2014.04.22 16:52:38.277,1.79666,1.79685,1.19,1.00
2014.04.22 16:52:38.328,1.79664,1.79682,1.74,1.00
2014.04.22 16:52:38.662,1.79666,1.79685,1.19,1.00
2014.04.22 16:52:39.279,1.79666,1.79685,1.19,1.00
2014.04.22 16:52:39.670,1.79665,1.79683,1.39,1.00
2014.04.22 16:52:43.390,1.79666,1.79685,1.19,1.00
2014.04.22 16:52:44.378,1.79664,1.79682,1.57,1.00
2014.04.22 16:52:45.298,1.79664,1.79682,1.57,1.00
2014.04.22 16:52:46.348,1.79664,1.79682,1.57,1.00
2014.04.22 16:52:47.356,1.79666,1.79685,1.19,1.00
2014.04.22 16:52:48.310,1.79666,1.79685,1.19,1.00
2014.04.22 16:52:49.995,1.79665,1.79683,1.32,1.00
2014.04.22 16:52:51.000,1.79666,1.79685,1.19,1.00
2014.04.22 16:52:53.326,1.79666,1.79685,1.25,1.00
2014.04.22 16:52:53.507,1.79665,1.79683,1.32,1.00
2014.04.22 16:52:53.974,1.79663,1.79681,1.67,1.00
2014.04.22 16:52:56.491,1.79663,1.79681,1.29,1.00
2014.04.22 16:52:57.481,1.79663,1.79681,1.29,1.00
2014.04.22 16:52:59.708,1.79666,1.79685,1.57,1.00
2014.04.22 16:53:00.019,1.79666,1.79685,1.67,1.00
2014.04.22 16:53:00.788,1.79666,1.79685,1.57,1.00
2014.04.22 16:53:01.242,1.79666,1.79685,1.00,1.00
2014.04.22 16:53:01.862,1.79664,1.79683,1.19,1.00
2014.04.22 16:53:02.471,1.79664,1.79683,1.15,1.00
2014.04.22 16:53:02.848,1.79663,1.79681,1.40,1.00
2014.04.22 16:53:03.285,1.79665,1.79683,1.18,1.00
2014.04.22 16:53:03.847,1.79665,1.79683,1.55,1.00
2014.04.22 16:53:04.275,1.79666,1.79685,1.48,1.00
2014.04.22 16:53:04.912,1.79666,1.79685,1.67,1.00
2014.04.22 16:53:05.547,1.79666,1.79685,1.67,1.00
2014.04.22 16:53:05.698,1.79666,1.79685,1.67,1.00
2014.04.22 16:53:06.294,1.79665,1.79684,2.22,1.00
2014.04.22 16:53:08.691,1.79667,1.79686,1.57,1.00
2014.04.22 16:53:12.151,1.79667,1.79686,1.19,1.00
2014.04.22 16:53:12.202,1.79665,1.79683,2.22,1.00
2014.04.22 16:53:12.425,1.79667,1.79686,1.19,1.00
2014.04.22 16:53:13.214,1.79667,1.79686,1.00,1.00
2014.04.22 16:53:15.824,1.79666,1.79684,1.20,1.00
2014.04.22 16:53:17.475,1.79664,1.79682,1.28,1.00
2014.04.22 16:53:22.561,1.79664,1.79682,1.47,1.00
2014.04.22 16:53:26.885,1.79664,1.79682,1.08,1.57
2014.04.22 16:53:26.987,1.79664,1.79681,1.00,1.10
2014.04.22 16:53:27.189,1.79659,1.79677,1.18,1.00
2014.04.22 16:53:27.633,1.79659,1.79677,1.15,1.00
2014.04.22 16:53:28.051,1.79661,1.79679,1.15,1.00
2014.04.22 16:53:29.134,1.79665,1.79684,1.00,1.00
2014.04.22 16:53:29.725,1.79665,1.79684,1.00,1.38
2014.04.22 16:53:29.826,1.79663,1.79681,1.00,1.00
2014.04.22 16:53:29.928,1.79663,1.79681,1.00,1.38
2014.04.22 16:53:30.130,1.79656,1.79675,1.00,1.00
2014.04.22 16:53:30.383,1.79656,1.79675,1.15,1.00
2014.04.22 16:53:30.486,1.79656,1.79675,1.00,1.00
2014.04.22 16:53:30.688,1.79656,1.79675,1.00,1.38
2014.04.22 16:53:30.991,1.7966,1.79673,1.00,1.48
2014.04.22 16:53:31.041,1.79652,1.7967,1.00,1.00
2014.04.22 16:53:36.452,1.79654,1.7967,1.00,1.00
2014.04.22 16:53:36.755,1.79662,1.7968,1.00,1.00
2014.04.22 16:53:44.204,1.79659,1.79677,1.09,1.00
2014.04.22 16:53:44.694,1.79657,1.79675,1.34,1.00
2014.04.22 16:53:47.174,1.79661,1.79679,1.00,1.00
2014.04.22 16:53:47.394,1.79658,1.79676,1.15,1.00
2014.04.22 16:53:51.166,1.79661,1.79679,1.00,1.00
2014.04.22 16:53:51.368,1.79658,1.79676,1.40,1.00
2014.04.22 16:53:52.124,1.7966,1.79678,1.10,1.00
2014.04.22 16:53:52.345,1.79658,1.79676,1.40,1.00
2014.04.22 16:53:55.127,1.7966,1.79678,1.10,1.00
2014.04.22 16:53:55.329,1.79657,1.79675,1.15,1.00
2014.04.22 16:53:56.237,1.7966,1.79678,1.10,1.00
2014.04.22 16:53:56.304,1.79657,1.79675,1.15,1.00
2014.04.22 16:53:57.074,1.79655,1.79674,1.58,1.00
2014.04.22 16:53:57.603,1.79655,1.79674,1.15,1.00
2014.04.22 16:54:00.488,1.79657,1.79675,1.15,1.00
2014.04.22 16:54:00.640,1.79659,1.79677,1.10,1.00
2014.04.22 16:54:03.454,1.79659,1.79677,1.29,1.00
2014.04.22 16:54:04.479,1.79659,1.79677,1.29,1.00
2014.04.22 16:54:07.456,1.79659,1.79677,1.29,1.00
2014.04.22 16:54:08.201,1.79659,1.79677,1.29,1.00
2014.04.22 16:54:09.202,1.79659,1.79677,1.29,1.00
2014.04.22 16:54:11.171,1.79659,1.79677,1.29,1.00
2014.04.22 16:54:12.205,1.79659,1.79677,1.29,1.00
2014.04.22 16:54:15.222,1.79659,1.79677,1.29,1.00
2014.04.22 16:54:16.241,1.79659,1.79677,1.29,1.00
2014.04.22 16:54:17.214,1.79659,1.79677,1.29,1.00
2014.04.22 16:54:20.225,1.79659,1.79677,1.37,1.00
2014.04.22 16:54:21.255,1.79659,1.79677,1.09,1.00
2014.04.22 16:54:21.406,1.79657,1.79675,1.47,1.00
2014.04.22 16:54:24.356,1.79661,1.7968,1.00,1.00
2014.04.22 16:54:24.516,1.79659,1.79677,1.00,1.00
2014.04.22 16:54:24.920,1.79655,1.79673,2.14,1.00
2014.04.22 16:54:25.784,1.79657,1.79675,1.15,1.00
2014.04.22 16:54:28.093,1.7966,1.79678,1.10,1.00
2014.04.22 16:54:29.988,1.79661,1.7968,1.00,1.00
2014.04.22 16:54:30.191,1.79664,1.79682,1.00,1.00
2014.04.22 16:54:30.546,1.7966,1.79679,1.10,1.00
2014.04.22 16:54:31.944,1.79662,1.7968,1.00,1.95
2014.04.22 16:54:32.176,1.7966,1.79679,1.00,1.00
2014.04.22 16:54:35.698,1.79662,1.7968,1.00,1.20
2014.04.22 16:54:36.042,1.79656,1.79675,1.29,1.00
2014.04.22 16:54:36.671,1.79656,1.79675,1.29,1.00
2014.04.22 16:54:37.182,1.79657,1.79676,1.19,1.00
2014.04.22 16:54:37.736,1.79657,1.79676,1.25,1.00
2014.04.22 16:54:38.667,1.79657,1.79676,1.19,1.00
2014.04.22 16:54:39.713,1.79657,1.79676,1.25,1.00
2014.04.22 16:54:40.674,1.79657,1.79676,1.19,1.00
2014.04.22 16:54:48.933,1.79657,1.79674,1.19,1.10
2014.04.22 16:54:49.135,1.79655,1.79674,1.00,1.58
2014.04.22 16:54:59.159,1.79653,1.79672,1.25,1.00
2014.04.22 16:54:59.474,1.79656,1.79675,1.00,1.58
2014.04.22 16:55:00.051,1.79653,1.79672,1.00,1.00
2014.04.22 16:55:00.515,1.79655,1.79674,1.00,1.00
2014.04.22 16:55:01.228,1.79655,1.79669,1.00,1.10
2014.04.22 16:55:01.380,1.79648,1.79667,1.00,1.95
2014.04.22 16:55:01.431,1.79648,1.79655,1.00,1.10
2014.04.22 16:55:01.583,1.79642,1.79655,1.00,1.10
2014.04.22 16:55:01.684,1.79642,1.7966,1.00,1.58
2014.04.22 16:55:02.190,1.79643,1.79659,1.00,1.10
2014.04.22 16:55:02.700,1.79643,1.7966,1.00,1.58
2014.04.22 16:55:05.066,1.79643,1.79659,1.00,1.00
2014.04.22 16:55:05.945,1.79643,1.7966,1.00,1.00
2014.04.22 16:55:11.579,1.79643,1.79661,1.69,1.10
2014.04.22 16:55:13.655,1.79643,1.7966,1.00,1.00
2014.04.22 16:55:14.386,1.79643,1.79661,1.50,1.10
2014.04.22 16:55:17.213,1.79643,1.79661,1.69,1.10
2014.04.22 16:55:17.868,1.79643,1.79662,1.69,1.58
2014.04.22 16:55:23.140,1.79643,1.79661,1.69,1.10
2014.04.22 16:55:23.646,1.79643,1.7966,1.19,1.10
2014.04.22 16:55:24.296,1.79643,1.7966,1.25,1.10
2014.04.22 16:55:25.879,1.79643,1.79657,1.25,1.10
2014.04.22 16:55:26.553,1.79642,1.79657,1.00,1.10
2014.04.22 16:55:29.639,1.79643,1.79657,1.00,1.10
2014.04.22 16:55:40.285,1.79642,1.79657,1.00,1.10
2014.04.22 16:55:40.690,1.79643,1.79655,1.00,1.10
2014.04.22 16:55:40.741,1.79641,1.79655,1.10,1.10
2014.04.22 16:55:41.280,1.79641,1.79654,1.00,1.10
2014.04.22 16:55:41.802,1.7964,1.79654,1.00,1.10
2014.04.22 16:55:47.445,1.79641,1.79654,1.00,1.10
2014.04.22 16:55:51.642,1.7964,1.79654,1.00,1.10
2014.04.22 16:55:54.165,1.79642,1.79654,1.00,1.10
2014.04.22 16:55:58.590,1.79642,1.79657,1.00,1.10
2014.04.22 16:55:59.448,1.79644,1.79657,1.00,1.10
2014.04.22 16:55:59.782,1.79644,1.79659,1.00,1.10
2014.04.22 16:55:59.934,1.79644,1.79657,1.00,1.10
2014.04.22 16:55:59.985,1.79642,1.79657,1.00,1.10
2014.04.22 16:56:06.202,1.79642,1.79654,1.00,1.10
2014.04.22 16:56:06.505,1.79642,1.7965,1.00,1.10
2014.04.22 16:56:06.610,1.79642,1.79652,1.00,1.10
2014.04.22 16:56:06.812,1.7964,1.79652,1.00,1.10
2014.04.22 16:56:08.173,1.7964,1.79653,1.00,1.10
2014.04.22 16:56:08.751,1.79639,1.79653,1.00,1.10
2014.04.22 16:56:09.684,1.79639,1.79654,1.00,1.10
2014.04.22 16:56:11.161,1.79639,1.79656,1.25,1.10
2014.04.22 16:56:11.413,1.79642,1.79656,1.00,1.10
2014.04.22 16:56:12.131,1.79642,1.79652,1.00,1.10
2014.04.22 16:56:12.182,1.79639,1.79652,1.19,1.10
2014.04.22 16:56:12.679,1.79639,1.79654,1.19,1.10
2014.04.22 16:56:13.652,1.79639,1.79652,1.19,1.10
2014.04.22 16:56:16.477,1.79638,1.79652,1.67,1.10
2014.04.22 16:56:16.528,1.79638,1.79656,1.67,1.58
2014.04.22 16:56:16.579,1.79645,1.79656,1.38,1.58
2014.04.22 16:56:16.832,1.79657,1.79674,1.00,1.10
2014.04.22 16:56:16.933,1.79657,1.79676,1.00,1.58
2014.04.22 16:56:17.185,1.79657,1.79668,1.00,1.10
2014.04.22 16:56:17.387,1.79657,1.79676,1.00,1.58
2014.04.22 16:56:17.791,1.7966,1.79676,1.00,1.10
2014.04.22 16:56:18.409,1.7966,1.79672,1.00,1.10
2014.04.22 16:56:18.763,1.7966,1.79667,1.00,1.10
2014.04.22 16:56:18.814,1.79651,1.79667,1.29,1.10
2014.04.22 16:56:18.865,1.79651,1.79667,1.10,1.10
2014.04.22 16:56:19.974,1.79657,1.79667,1.00,1.10
2014.04.22 16:56:20.603,1.79657,1.79668,1.00,1.10
2014.04.22 16:56:20.940,1.79657,1.79666,1.00,1.10
2014.04.22 16:56:21.092,1.79652,1.79666,1.00,1.10
2014.04.22 16:56:21.594,1.79652,1.79663,1.00,1.10
2014.04.22 16:56:21.926,1.79652,1.79661,1.00,1.10
2014.04.22 16:56:22.083,1.79649,1.79661,1.00,1.10
2014.04.22 16:56:22.704,1.79649,1.79657,1.00,1.10
2014.04.22 16:56:22.940,1.79649,1.79659,1.00,1.10
2014.04.22 16:56:23.024,1.79649,1.79661,1.00,1.10
2014.04.22 16:56:23.176,1.79649,1.79659,1.00,1.10
2014.04.22 16:56:23.354,1.79649,1.79662,1.00,1.10
2014.04.22 16:56:24.266,1.79649,1.79659,1.00,1.10
2014.04.22 16:56:24.895,1.79649,1.79661,1.00,1.10
2014.04.22 16:56:25.179,1.79649,1.79663,1.00,1.10
2014.04.22 16:56:25.483,1.79649,1.79665,1.00,1.10
2014.04.22 16:56:25.694,1.79651,1.79665,1.00,1.10
2014.04.22 16:56:26.065,1.79653,1.79665,1.00,1.10
2014.04.22 16:56:26.905,1.7965,1.79665,1.00,1.10
2014.04.22 16:56:31.755,1.79644,1.7966,1.19,1.00
2014.04.22 16:56:31.805,1.79642,1.7966,1.94,1.00
2014.04.22 16:56:31.907,1.79647,1.79665,1.00,1.10
2014.04.22 16:56:31.958,1.79647,1.79663,1.00,1.10
2014.04.22 16:56:35.645,1.79648,1.79663,1.10,1.10
2014.04.22 16:56:35.695,1.79648,1.79666,1.10,1.00
2014.04.22 16:56:35.847,1.79656,1.79667,1.00,1.10
2014.04.22 16:56:36.150,1.7965,1.79663,1.00,1.10
2014.04.22 16:56:37.705,1.7965,1.79664,1.00,1.10
2014.04.22 16:56:38.257,1.7965,1.79663,1.00,1.10
2014.04.22 16:56:38.344,1.79648,1.79663,1.10,1.10
2014.04.22 16:56:40.217,1.7965,1.79665,1.19,1.10
2014.04.22 16:56:40.736,1.79653,1.79666,1.00,1.10
2014.04.22 16:56:41.989,1.79653,1.79667,1.00,1.10
2014.04.22 16:56:42.559,1.79656,1.79667,1.00,1.10
2014.04.22 16:56:42.714,1.79656,1.79669,1.00,1.10
2014.04.22 16:56:46.087,1.79655,1.79669,1.00,1.10
2014.04.22 16:56:46.188,1.79655,1.79672,1.00,1.10
2014.04.22 16:56:46.490,1.79655,1.79667,1.00,1.10
2014.04.22 16:56:46.642,1.79648,1.79665,1.57,1.00
2014.04.22 16:56:47.064,1.79655,1.79667,1.00,1.10
2014.04.22 16:56:48.604,1.79656,1.79667,1.00,1.10
2014.04.22 16:56:49.144,1.79656,1.79668,1.00,1.10
2014.04.22 16:56:59.705,1.79656,1.79669,1.00,1.10
2014.04.22 16:57:00.008,1.79656,1.79667,1.00,1.10
2014.04.22 16:57:00.211,1.79656,1.79669,1.00,1.10
2014.04.22 16:57:01.694,1.79658,1.79669,1.00,1.10
2014.04.22 16:57:01.947,1.79656,1.79669,1.00,1.10
2014.04.22 16:57:05.661,1.79656,1.7967,1.25,1.10
2014.04.22 16:57:11.737,1.79656,1.7967,1.69,1.10
2014.04.22 16:57:12.641,1.79656,1.7967,1.69,1.10
2014.04.22 16:57:13.643,1.79656,1.7967,1.19,1.10
2014.04.22 16:57:14.493,1.79659,1.7967,1.00,1.10
2014.04.22 16:57:15.554,1.79658,1.7967,1.00,1.10
2014.04.22 16:57:21.383,1.79658,1.79671,1.00,1.10
2014.04.22 16:57:31.964,1.79658,1.79672,1.25,1.10
2014.04.22 16:57:32.146,1.79658,1.79675,1.25,1.10
2014.04.22 16:57:32.728,1.79659,1.79675,1.00,1.10
2014.04.22 16:57:33.462,1.79659,1.79674,1.25,1.10
2014.04.22 16:57:34.923,1.79662,1.79674,1.00,1.10
2014.04.22 16:57:37.350,1.79662,1.79672,1.00,1.10
2014.04.22 16:57:37.454,1.79658,1.79672,1.50,1.10
2014.04.22 16:57:37.565,1.79661,1.79672,1.00,1.10
2014.04.22 16:57:39.222,1.79661,1.79675,1.00,1.10
2014.04.22 16:57:39.429,1.79661,1.79673,1.00,1.10
2014.04.22 16:57:39.736,1.79663,1.79675,1.00,1.10
2014.04.22 16:57:39.893,1.7966,1.79673,1.00,1.10
2014.04.22 16:57:51.093,1.79661,1.79673,1.00,1.10
2014.04.22 16:57:52.127,1.7966,1.79673,1.00,1.10
2014.04.22 16:57:54.493,1.7966,1.79669,1.00,1.10
2014.04.22 16:57:54.856,1.79656,1.79668,1.79,1.10
2014.04.22 16:57:54.958,1.79656,1.79666,1.25,1.10
2014.04.22 16:57:55.262,1.79658,1.79665,1.00,1.10
2014.04.22 16:57:55.313,1.79655,1.79665,1.00,1.10
2014.04.22 16:57:55.414,1.79652,1.79667,1.19,1.10
2014.04.22 16:57:55.515,1.79652,1.79671,1.00,1.58
2014.04.22 16:57:55.971,1.79656,1.79674,1.00,1.20
2014.04.22 16:57:56.263,1.79654,1.79673,1.00,1.00
2014.04.22 16:57:59.013,1.79657,1.79674,1.00,1.20
2014.04.22 16:57:59.443,1.79657,1.79671,1.00,1.10
2014.04.22 16:57:59.993,1.79657,1.79673,1.00,1.10
2014.04.22 16:58:00.044,1.79652,1.79671,1.00,1.00
2014.04.22 16:58:00.230,1.79655,1.79673,1.00,1.10
2014.04.22 16:58:01.003,1.79657,1.79673,1.00,1.10
2014.04.22 16:58:02.135,1.79655,1.79673,1.00,1.10
2014.04.22 16:58:02.337,1.79657,1.79675,1.00,1.28
2014.04.22 16:58:02.539,1.79657,1.79676,1.00,1.58
2014.04.22 16:58:03.193,1.79659,1.79676,1.00,1.10
2014.04.22 16:58:04.922,1.79659,1.79677,1.00,1.10
2014.04.22 16:58:05.251,1.79661,1.79677,1.00,1.10
2014.04.22 16:58:15.191,1.79661,1.79677,1.00,1.29
2014.04.22 16:58:16.199,1.79659,1.79677,1.00,1.10
2014.04.22 16:58:17.408,1.79662,1.79677,1.00,1.10
2014.04.22 16:58:21.452,1.79661,1.79677,1.00,1.10
2014.04.22 16:58:23.323,1.79659,1.79677,1.00,1.10
2014.04.22 16:58:23.552,1.79661,1.79677,1.00,1.10
2014.04.22 16:58:26.375,1.79661,1.79676,1.00,1.10
2014.04.22 16:58:27.172,1.7966,1.79676,1.00,1.10
2014.04.22 16:58:32.943,1.79658,1.79676,1.00,1.58
2014.04.22 16:58:42.263,1.79656,1.79674,1.63,1.58
2014.04.22 16:58:42.609,1.79654,1.79672,1.19,1.00
2014.04.22 16:58:43.347,1.79656,1.79674,1.00,1.58
2014.04.22 16:58:44.333,1.79657,1.79674,1.00,1.10
2014.04.22 16:58:47.342,1.79659,1.79674,1.00,1.10
2014.04.22 16:58:55.433,1.79659,1.79672,1.00,1.10
2014.04.22 16:58:55.483,1.79654,1.79672,1.00,1.10
2014.04.22 16:58:58.073,1.79654,1.79669,1.00,1.10
2014.04.22 16:58:58.275,1.79654,1.79672,1.00,1.10
2014.04.22 16:58:58.325,1.79649,1.79668,1.63,1.00
2014.04.22 16:58:58.426,1.79654,1.79672,1.00,1.02
2014.04.22 16:58:59.433,1.79656,1.79672,1.00,1.10
2014.04.22 16:58:59.733,1.79654,1.79672,1.00,1.10
2014.04.22 16:59:00.729,1.79654,1.79671,1.00,1.10
2014.04.22 16:59:00.963,1.79654,1.79673,1.00,1.58
2014.04.22 16:59:15.618,1.79656,1.79675,1.00,1.47
2014.04.22 16:59:16.822,1.79656,1.79675,1.00,1.32
2014.04.22 16:59:18.514,1.79656,1.79675,1.00,1.63
2014.04.22 16:59:18.774,1.79653,1.79672,1.18,1.00
2014.04.22 16:59:19.757,1.79652,1.79671,1.15,1.00
2014.04.22 16:59:38.180,1.79652,1.79671,1.10,1.00
2014.04.22 16:59:45.053,1.79654,1.79673,1.00,1.00
2014.04.22 16:59:46.042,1.79653,1.79672,1.00,1.00
2014.04.22 16:59:48.382,1.79653,1.79672,1.15,1.00
2014.04.22 16:59:50.380,1.79654,1.79673,1.18,1.00
2014.04.22 16:59:51.353,1.79653,1.79672,1.15,1.00
2014.04.22 16:59:51.703,1.7965,1.79669,1.58,1.00
2014.04.22 16:59:52.437,1.79652,1.79671,1.15,1.00
2014.04.22 16:59:54.737,1.79655,1.79671,1.39,1.00
2014.04.22 16:59:55.269,1.79657,1.79671,1.10,1.00
2014.04.22 16:59:55.521,1.79656,1.79675,1.25,1.13
2014.04.22 16:59:56.200,1.79656,1.79675,1.77,1.13
2014.04.22 16:59:56.801,1.79656,1.79675,1.25,1.13
2014.04.22 16:59:58.184,1.79653,1.79671,1.34,1.00
2014.04.22 16:59:58.765,1.79653,1.79671,1.34,1.00
2014.04.22 16:59:59.133,1.79654,1.79673,1.37,1.00
